Iteration	CPUTime	PhysTime	Travels	Value	AvValue	MinValue	MaxValue	Delta	Criteria	PrevAvRefValue	Progress	CriteriaType	CriteriaVarType	CriteriaPercentage
1	3	0	0.0120097459	350.12229	350.12229	350.12229	350.12229	0	0	0	0	0	0	3
2	4	0	0.0240194918	14.8776406	182.499965	14.8776406	350.12229	167.622325	0	0	0	0	0	3
3	5	0	0.0360292377	14.1345386	126.378156	14.1345386	350.12229	223.744134	0	0	0	0	0	3
4	5	0	0.0480389836	20.5144877	99.9122393	14.1345386	350.12229	250.210051	0	0	0	0	0	3
5	6	0	0.0600487295	19.337539	83.7972992	14.1345386	350.12229	266.324991	0	0	0	0	0	3
6	7	0	0.0720584754	19.6173787	73.1006458	14.1345386	350.12229	277.021644	0	0	0	0	0	3
7	7	0	0.0840682213	15.1659391	64.8242591	14.1345386	350.12229	285.298031	0	0	0	0	0	3
8	8	0	0.0960779672	17.9283356	58.9622687	14.1345386	350.12229	291.160021	0	0	0	0	0	3
9	9	0	0.108087713	12.655734	53.8170982	12.655734	350.12229	296.305192	0	0	0	0	0	3
10	9	0	0.120097459	18.3151252	50.2669009	12.655734	350.12229	299.855389	0	0	0	0	0	3
11	10	0	0.132107205	11.0529922	46.7020001	11.0529922	350.12229	303.42029	0	0	0	0	0	3
12	11	0	0.144116951	15.633661	44.1129718	11.0529922	350.12229	306.009318	0	0	0	0	0	3
13	11	0	0.156126697	10.8117428	41.5513388	10.8117428	350.12229	308.570951	0	0	0	0	0	3
14	12	0	0.168136443	12.5065779	39.476713	10.8117428	350.12229	310.645577	0	0	0	0	0	3
15	13	0	0.180146189	10.4968979	37.5447254	10.4968979	350.12229	312.577565	0	0	0	0	0	3
16	13	0	0.192155934	12.8011346	35.9982509	10.4968979	350.12229	314.124039	0	0	0	0	0	3
17	14	0	0.20416568	10.079607	34.4736248	10.079607	350.12229	315.648665	0	0	0	0	0	3
18	15	0	0.216175426	11.4567474	33.1949094	10.079607	350.12229	316.927381	0	0	0	0	0	3
19	16	0	0.228185172	9.19227786	31.931613	9.19227786	350.12229	318.190677	0	0	0	0	0	3
20	16	0	0.240194918	10.3184063	30.8509527	9.19227786	350.12229	319.271337	0	0	0	0	0	3
21	17	0	0.252204664	8.91155406	29.8062194	8.91155406	350.12229	320.316071	0	0	0	0	0	3
22	18	0	0.26421441	8.5584268	28.8404107	8.5584268	350.12229	321.281879	0	0	0	0	0	3
23	18	0	0.276224156	8.33904311	27.9490469	8.33904311	350.12229	322.173243	0	0	0	0	0	3
24	19	0	0.288233902	8.17424616	27.1250968	8.17424616	350.12229	322.997193	0	0	0	0	0	3
25	20	0	0.300243648	7.00507256	26.3202959	7.00507256	350.12229	323.801994	0	0	0	0	0	3
26	21	0	0.312253393	7.7060994	25.6043652	7.00507256	350.12229	324.517925	0	0	0	0	0	3
27	21	0	0.324263139	7.07996103	24.9182762	7.00507256	350.12229	325.204014	0	0	0	0	0	3
28	22	0	0.336272885	8.17359745	24.3202519	7.00507256	350.12229	325.802038	0	0	0	0	0	3
29	23	0	0.348282631	8.35680974	23.7697884	7.00507256	350.12229	326.352502	0	0	0	0	0	3
30	23	0	0.360292377	8.18800595	23.2503957	7.00507256	350.12229	326.871894	0	0	0	0	0	3
31	24	0	0.372302123	8.20204441	22.764965	7.00507256	350.12229	327.357325	0	0	0	0	0	3
32	25	0	0.384311869	8.10483388	22.3068359	7.00507256	350.12229	327.815454	0	0	0	0	0	3
33	26	0	0.396321615	8.50707973	21.8886615	7.00507256	350.12229	328.233629	0	0	0	0	0	3
34	26	0	0.408331361	7.70264821	21.4714258	7.00507256	350.12229	328.650864	0	0	0	0	0	3
35	27	0	0.420341107	8.27802254	21.0944714	7.00507256	350.12229	329.027819	0	0	0	0	0	3
36	28	0	0.432350852	7.38154595	20.7135568	7.00507256	350.12229	329.408733	0	0	0	0	0	3
37	29	0	0.444360598	7.321015	20.3515962	7.00507256	350.12229	329.770694	0	0	0	0	0	3
38	30	0	0.456370344	6.90749517	19.9978041	6.90749517	350.12229	330.124486	0	0	0	0	0	3
39	30	0	0.46838009	6.64518971	19.6554293	6.64518971	350.12229	330.466861	0	0	0	0	0	3
40	31	0	0.480389836	6.7195152	19.3320315	6.64518971	350.12229	330.790259	0	0	0	0	0	3
41	32	0	0.492399582	6.61926884	19.0219641	6.61926884	350.12229	331.100326	0	0	0	0	0	3
42	33	0	0.504409328	6.54966724	18.7250047	6.54966724	350.12229	331.397285	0	0	0	0	0	3
43	34	0	0.516419074	6.91722222	10.5534554	6.54966724	20.5144877	13.9648205	0	0	0	0	0	3
44	34	0	0.52842882	7.03147424	10.3666419	6.54966724	20.5144877	13.9648205	0	0	0	0	0	3
45	35	0	0.540438566	7.35653211	10.2052608	6.54966724	20.5144877	13.9648205	0	0	0	0	0	3
46	36	0	0.552448311	7.00850291	9.88368977	6.54966724	19.6173787	13.0677114	0	0	0	0	0	3
47	37	0	0.564458057	6.98997216	9.58970008	6.54966724	19.6173787	13.0677114	0	0	0	0	0	3
48	38	0	0.576467803	6.50333703	9.27746099	6.50333703	18.3151252	11.8117882	0	0	0	0	0	3
49	38	0	0.588477549	6.75249078	9.0771408	6.50333703	18.3151252	11.8117882	0	0	0	0	0	3
50	39	0	0.600487295	6.44496045	8.8037271	6.44496045	18.3151252	11.8701648	0	0	0	0	0	3
51	40	0	0.612497041	6.99989802	8.66906434	6.44496045	18.3151252	11.8701648	0	0	0	0	0	3
52	41	0	0.624506787	6.64573214	8.39122165	6.44496045	15.633661	9.18870057	0	0	0	0	0	3
53	41	0	0.636516533	6.79998213	8.2899595	6.44496045	15.633661	9.18870057	0	0	0	0	0	3
54	42	0	0.648526279	6.59766579	8.07481676	6.44496045	12.8011346	6.35617417	0	0	0	0	0	3
55	43	0	0.660536025	7.03149429	7.98481084	6.44496045	12.8011346	6.35617417	0	0	0	0	0	3
56	44	0	0.67254577	7.08444825	7.85571252	6.44496045	12.8011346	6.35617417	0	0	0	0	0	3
57	45	0	0.684555516	7.47474964	7.78375661	6.44496045	12.8011346	6.35617417	0	0	0	0	0	3
58	45	0	0.696565262	7.22898246	7.65108632	6.44496045	11.4567474	5.01178692	0	0	0	0	0	3
59	46	0	0.708575008	7.55305878	7.59093041	6.44496045	11.4567474	5.01178692	0	0	0	0	0	3
60	47	0	0.720584754	7.33994949	7.49291141	6.44496045	10.3184063	3.87344581	0	0	0	0	0	3
61	48	0	0.7325945	7.84120851	7.46074309	6.44496045	10.3184063	3.87344581	0	0	0	0	0	3
62	48	0	0.744604246	7.84555659	7.40186572	6.44496045	8.91155406	2.4665936	0	0	0	0	0	3
63	49	0	0.756613992	7.95346757	7.37905413	6.44496045	8.5584268	2.11346634	0	0	0	0	0	3
64	50	0	0.768623738	8.04072214	7.36672783	6.44496045	8.50707973	2.06211928	0	0	0	0	0	3
65	51	0	0.780633484	8.1070826	7.36120496	6.44496045	8.50707973	2.06211928	0	0	0	0	0	3
66	52	0	0.79264323	7.77044694	7.3515907	6.44496045	8.50707973	2.06211928	0	0	0	0	0	3
67	52	0	0.804652975	8.0527155	7.37653458	6.44496045	8.50707973	2.06211928	0	0	0	0	0	3
68	53	0	0.816662721	7.60928991	7.37422959	6.44496045	8.50707973	2.06211928	0	0	0	0	0	3
69	54	0	0.828672467	8.34191121	7.40427602	6.44496045	8.50707973	2.06211928	0	0	0	0	0	3
70	55	0	0.840682213	7.56159235	7.38970447	6.44496045	8.50707973	2.06211928	0	0	0	0	0	3
71	56	0	0.852691959	8.02480413	7.38179958	6.44496045	8.50707973	2.06211928	0	0	0	0	0	3
72	56	0	0.864701705	7.20547977	7.3584061	6.44496045	8.50707973	2.06211928	0	0	0	0	0	3
73	57	0	0.876711451	7.25769339	7.33592155	6.44496045	8.50707973	2.06211928	0	0	0	0	0	3
74	58	0	0.888721197	7.18895308	7.31411486	6.44496045	8.50707973	2.06211928	0	0	0	0	0	3
75	59	0	0.900730943	7.32847371	7.28605281	6.44496045	8.34191121	1.89695076	0	0	0	0	0	3
76	60	0	0.912740689	7.43774957	7.2797457	6.44496045	8.34191121	1.89695076	0	0	0	0	0	3
77	60	0	0.924750434	7.76474322	7.26752477	6.44496045	8.34191121	1.89695076	0	0	0	0	0	3
78	61	0	0.93676018	7.54217627	7.2713493	6.44496045	8.34191121	1.89695076	0	0	0	0	0	3
79	62	0	0.948769926	8.09582433	7.28979714	6.44496045	8.34191121	1.89695076	0	0	0	0	0	3
80	63	0	0.960779672	7.40036033	7.30153202	6.44496045	8.34191121	1.89695076	0	0	0	0	0	3
81	63	0	0.972789418	8.07163688	7.33549505	6.44496045	8.34191121	1.89695076	0	0	0	0	0	3
82	64	0	0.984799164	7.64505115	7.35753162	6.44496045	8.34191121	1.89695076	0	0	0	0	0	3
83	65	0	0.99680891	8.29192023	7.39735666	6.44496045	8.34191121	1.89695076	0	0	0	0	0	3
84	66	0	1.00881866	7.66979677	7.42402641	6.44496045	8.34191121	1.89695076	0.422085819	0	22.2	0	0	3
85	66	0	1.0208284	7.55965961	7.43932253	6.44496045	8.34191121	1.89695076	0.422085819	0	22.2	0	0	3
86	67	0	1.03283815	7.26745942	7.44494123	6.44496045	8.34191121	1.89695076	0.422085819	0	22.2	0	0	3
87	68	0	1.04484789	7.42950038	7.44667857	6.44496045	8.34191121	1.89695076	0.422085819	0	22.2	0	0	3
88	69	0	1.05685764	7.28310501	7.45321671	6.44496045	8.34191121	1.89695076	0.422085819	0	22.2	0	0	3
89	69	0	1.06886739	7.88041483	7.47441773	6.44496045	8.34191121	1.89695076	0.422085819	0	22.2	0	0	3
90	70	0	1.08087713	8.10094702	7.51245606	6.44496045	8.34191121	1.80961603	0.422085819	0	23.3	0	0	3
91	71	0	1.09288688	8.02914221	7.54285253	6.44496045	8.34191121	1.53620233	0.422085819	0	27.4	0	0	3
92	72	0	1.10489662	8.09374906	7.5821094	6.59766579	8.34191121	1.40153957	0.422085819	0	30.1	0	0	3
93	73	0	1.11690637	8.07120178	7.60761663	6.59766579	8.34191121	1.12369688	0.422085819	0	37.5	0	0	3
94	73	0	1.12891611	7.77795693	7.63457436	6.59766579	8.34191121	1.02243474	0.422085819	0	41.2	0	0	3
95	74	0	1.14092586	7.93068559	7.66149587	6.59766579	8.34191121	0.807291992	0.422085819	0	52.2	0	0	3
96	75	0	1.15293561	7.34054746	7.67918353	7.03149429	8.34191121	0.717286074	0.422085819	0	58.8	0	0	3
97	76	0	1.16494535	7.53369697	7.69114074	7.08444825	8.34191121	0.58818775	0.422085819	0	71.7	0	0	3
98	76	0	1.1769551	7.16218575	7.69299163	7.16218575	8.34191121	0.516231839	0.422085819	0	81.7	0	0	3
99	77	0	1.18896484	6.99059633	7.68146417	6.99059633	8.34191121	0.425466865	0.422085819	0	99.2	0	0	3
100	78	0	1.20097459	6.45465277	7.66302775	6.45465277	8.34191121	0.425466865	0.422085819	0	99.2	0	0	3
101	79	0	1.21298434	7.11711373	7.65264811	6.45465277	8.34191121	0.425466865	0.422085819	0	99.2	0	0	3
102	80	0	1.22499408	6.84990093	7.64098028	6.45465277	8.34191121	0.425466865	0.422085819	0	99.2	0	0	3
103	81	0	1.23700383	7.39700366	7.63040398	6.45465277	8.34191121	0.425466865	0.422085819	0	99.2	0	0	3
104	82	0	1.24901357	7.11776456	7.6130756	6.45465277	8.34191121	0.425466865	0.422085819	0	99.2	0	0	3
105	82	0	1.26102332	7.53827456	7.60319005	6.45465277	8.34191121	0.425466865	0.422085819	0	99.2	0	0	3
106	83	0	1.27303307	7.43775474	7.58883368	6.45465277	8.34191121	0.425466865	0.422085819	0	99.2	0	0	3
107	84	0	1.28504281	7.97502198	7.58568938	6.45465277	8.34191121	0.425466865	0.422085819	0	99.2	0	0	3
108	85	0	1.29705256	7.79279766	7.58622154	6.45465277	8.34191121	0.425466865	0.422085819	0	99.2	0	0	3
109	85	0	1.3090623	8.30786841	7.59229661	6.45465277	8.34191121	0.425466865	0.422085819	0	99.2	0	0	3
110	86	0	1.32107205	7.81003787	7.59707632	6.45465277	8.34191121	0.425466865	0.422085819	0	99.2	0	0	3
111	87	0	1.3330818	8.15918846	7.59272578	6.45465277	8.30786841	0.425466865	0.422085819	0	99.2	0	0	3
112	88	0	1.34509154	7.55810454	7.59264274	6.45465277	8.30786841	0.425466865	0.422085819	0	99.2	0	0	3
113	89	0	1.35710129	7.77056633	7.58658946	6.45465277	8.30786841	0.425466865	0.422085819	0	99.2	0	0	3
114	89	0	1.36911103	7.54999464	7.59479219	6.45465277	8.30786841	0.425466865	0.422085819	0	99.2	0	0	3
115	90	0	1.38112078	7.73092324	7.60605957	6.45465277	8.30786841	0.425466865	0.422085819	0	99.2	0	0	3
116	91	0	1.39313052	7.31763279	7.60912337	6.45465277	8.30786841	0.425466865	0.422085819	0	99.2	0	0	3
117	92	0	1.40514027	7.68460932	7.61760279	6.45465277	8.30786841	0.425466865	0.422085819	0	99.2	0	0	3
118	92	0	1.41715002	7.34344419	7.61535743	6.45465277	8.30786841	0.425466865	0.422085819	0	99.2	0	0	3
119	93	0	1.42915976	7.51768194	7.60947501	6.45465277	8.30786841	0.421642334	0.422085819	0	100	0	0	3
