Iteration	CPUTime	PhysTime	Travels	Value	AvValue	MinValue	MaxValue	Delta	Criteria	PrevAvRefValue	Progress	CriteriaType	CriteriaVarType	CriteriaPercentage
1	4	0	0.009754584	101326.166	101326.166	101326.166	101326.166	0	0	0	0	0	0	3
2	5	0	0.019509168	101324.921	101325.543	101324.921	101326.166	0.622523482	0	0	0	0	0	3
3	6	0	0.029263752	101325.044	101325.377	101324.921	101326.166	0.788951444	0	0	0	0	0	3
4	7	0	0.039018336	101324.971	101325.275	101324.921	101326.166	0.890345883	0	0	0	0	0	3
5	8	0	0.04877292	101325.001	101325.221	101324.921	101326.166	0.945255906	0	0	0	0	0	3
6	9	0	0.058527504	101324.963	101325.178	101324.921	101326.166	0.988107968	0	0	0	0	0	3
7	9	0	0.068282088	101325.001	101325.152	101324.921	101326.166	1.0133365	0	0	0	0	0	3
8	10	0	0.078036672	101324.971	101325.13	101324.921	101326.166	1.03607193	0	0	0	0	0	3
9	11	0	0.087791256	101324.997	101325.115	101324.921	101326.166	1.05081562	0	0	0	0	0	3
10	12	0	0.09754584	101324.978	101325.101	101324.921	101326.166	1.0645015	0	0	0	0	0	3
11	12	0	0.107300424	101324.999	101325.092	101324.921	101326.166	1.07380256	0	0	0	0	0	3
12	13	0	0.117055008	101324.99	101325.083	101324.921	101326.166	1.08232562	0	0	0	0	0	3
13	14	0	0.126809592	101324.998	101325.077	101324.921	101326.166	1.08893345	0	0	0	0	0	3
14	15	0	0.136564176	101324.993	101325.071	101324.921	101326.166	1.09493351	0	0	0	0	0	3
15	16	0	0.14631876	101325.001	101325.066	101324.921	101326.166	1.09962145	0	0	0	0	0	3
16	16	0	0.156073344	101324.999	101325.062	101324.921	101326.166	1.10384664	0	0	0	0	0	3
17	17	0	0.165827928	101325.001	101325.058	101324.921	101326.166	1.10743257	0	0	0	0	0	3
18	18	0	0.175582512	101324.999	101325.055	101324.921	101326.166	1.11070739	0	0	0	0	0	3
19	19	0	0.185337096	101325.001	101325.052	101324.921	101326.166	1.11354773	0	0	0	0	0	3
20	20	0	0.19509168	101325	101325.05	101324.921	101326.166	1.11617671	0	0	0	0	0	3
21	21	0	0.204846264	101325.001	101325.047	101324.921	101326.166	1.118498	0	0	0	0	0	3
22	22	0	0.214600848	101324.999	101325.045	101324.921	101326.166	1.1206786	0	0	0	0	0	3
23	22	0	0.224355432	101324.997	101325.043	101324.921	101326.166	1.12276232	0	0	0	0	0	3
24	23	0	0.234110016	101324.996	101325.041	101324.921	101326.166	1.12470974	0	0	0	0	0	3
25	24	0	0.2438646	101324.995	101325.039	101324.921	101326.166	1.12653888	0	0	0	0	0	3
26	25	0	0.253619184	101324.996	101325.038	101324.921	101326.166	1.12819544	0	0	0	0	0	3
27	26	0	0.263373768	101324.995	101325.036	101324.921	101326.166	1.12978829	0	0	0	0	0	3
28	26	0	0.273128352	101324.993	101325.034	101324.921	101326.166	1.13132557	0	0	0	0	0	3
29	27	0	0.282882936	101324.993	101325.033	101324.921	101326.166	1.13273913	0	0	0	0	0	3
30	28	0	0.29263752	101324.994	101325.032	101324.921	101326.166	1.13405533	0	0	0	0	0	3
31	29	0	0.302392104	101324.993	101325.03	101324.921	101326.166	1.13530895	0	0	0	0	0	3
32	30	0	0.312146688	101324.991	101325.029	101324.921	101326.166	1.13654052	0	0	0	0	0	3
33	30	0	0.321901272	101324.989	101325.028	101324.921	101326.166	1.13777484	0	0	0	0	0	3
34	31	0	0.331655856	101324.986	101325.027	101324.921	101326.166	1.13900893	0	0	0	0	0	3
35	32	0	0.34141044	101324.983	101325.026	101324.921	101326.166	1.14025729	0	0	0	0	0	3
36	33	0	0.351165024	101324.982	101325.024	101324.921	101326.166	1.1414699	0	0	0	0	0	3
37	34	0	0.360919608	101324.979	101325.023	101324.921	101326.166	1.14270147	0	0	0	0	0	3
38	35	0	0.370674192	101324.976	101325.022	101324.921	101326.166	1.14395252	0	0	0	0	0	3
39	36	0	0.380428776	101324.973	101325.021	101324.921	101326.166	1.14521239	0	0	0	0	0	3
40	37	0	0.39018336	101324.971	101325.019	101324.921	101326.166	1.14645888	0	0	0	0	0	3
41	37	0	0.399937944	101324.97	101325.018	101324.921	101326.166	1.14766819	0	0	0	0	0	3
42	38	0	0.409692528	101324.97	101325.017	101324.921	101326.166	1.14881913	0	0	0	0	0	3
43	39	0	0.419447112	101324.97	101325.016	101324.921	101326.166	1.14991463	0	0	0	0	0	3
44	40	0	0.429201696	101324.971	101325.015	101324.921	101326.166	1.15093801	0	0	0	0	0	3
45	41	0	0.43895628	101324.971	101325.014	101324.921	101326.166	1.15190292	0	0	0	0	0	3
46	42	0	0.448710864	101324.972	101325.013	101324.921	101326.166	1.15281171	0	0	0	0	0	3
47	42	0	0.458465448	101324.973	101325.012	101324.921	101326.166	1.15366328	0	0	0	0	0	3
48	43	0	0.468220032	101324.972	101325.011	101324.921	101326.166	1.1544918	0	0	0	0	0	3
49	44	0	0.477974616	101324.972	101325.011	101324.921	101326.166	1.15529609	0	0	0	0	0	3
50	45	0	0.4877292	101324.971	101325.01	101324.921	101326.166	1.15608199	0	0	0	0	0	3
51	46	0	0.497483784	101324.97	101325.009	101324.921	101326.166	1.15685239	0	0	0	0	0	3
52	46	0	0.507238368	101324.97	101325.008	101324.921	101326.166	1.15759649	0	0	0	0	0	3
53	47	0	0.516992952	101324.97	101324.985	101324.921	101325.044	0.123239595	0	0	0	0	0	3
54	48	0	0.526747536	101324.971	101324.986	101324.963	101325.044	0.0805609093	0	0	0	0	0	3
55	49	0	0.53650212	101324.972	101324.985	101324.963	101325.001	0.03769445	0	0	0	0	0	3
56	50	0	0.546256704	101324.972	101324.985	101324.963	101325.001	0.03769445	0	0	0	0	0	3
57	51	0	0.556011288	101324.972	101324.984	101324.963	101325.001	0.03769445	0	0	0	0	0	3
58	52	0	0.565765872	101324.972	101324.984	101324.97	101325.001	0.0313664828	0	0	0	0	0	3
59	53	0	0.575520456	101324.973	101324.984	101324.97	101325.001	0.0313664828	0	0	0	0	0	3
60	54	0	0.58527504	101324.974	101324.984	101324.97	101325.001	0.0313664828	0	0	0	0	0	3
61	54	0	0.595029624	101324.975	101324.984	101324.97	101325.001	0.0313664828	0	0	0	0	0	3
62	55	0	0.604784208	101324.976	101324.984	101324.97	101325.001	0.0313664828	0	0	0	0	0	3
63	56	0	0.614538792	101324.978	101324.983	101324.97	101325.001	0.0313664828	0	0	0	0	0	3
64	57	0	0.624293376	101324.979	101324.983	101324.97	101325.001	0.0313664828	0	0	0	0	0	3
65	58	0	0.63404796	101324.978	101324.982	101324.97	101325.001	0.0313664828	0	0	0	0	0	3
66	59	0	0.643802544	101324.976	101324.982	101324.97	101325.001	0.0313664828	0	0	0	0	0	3
67	59	0	0.653557128	101324.974	101324.982	101324.97	101325.001	0.0313664828	0	0	0	0	0	3
68	60	0	0.663311712	101324.972	101324.981	101324.97	101325.001	0.0313664828	0	0	0	0	0	3
69	61	0	0.673066296	101324.971	101324.981	101324.97	101325.001	0.0313664828	0	0	0	0	0	3
70	62	0	0.68282088	101324.97	101324.98	101324.97	101325.001	0.0313664828	0	0	0	0	0	3
71	63	0	0.692575464	101324.97	101324.979	101324.97	101325.001	0.0311165021	0	0	0	0	0	3
72	63	0	0.702330048	101324.971	101324.979	101324.97	101325.001	0.0311165021	0	0	0	0	0	3
73	64	0	0.712084632	101324.972	101324.978	101324.97	101324.999	0.029569119	0	0	0	0	0	3
74	65	0	0.721839216	101324.973	101324.978	101324.97	101324.997	0.0274361526	0	0	0	0	0	3
75	66	0	0.7315938	101324.974	101324.977	101324.97	101324.996	0.0265398827	0	0	0	0	0	3
76	67	0	0.741348384	101324.976	101324.977	101324.97	101324.996	0.0264307862	0	0	0	0	0	3
77	68	0	0.751102968	101324.976	101324.977	101324.97	101324.996	0.0264307862	0	0	0	0	0	3
78	68	0	0.760857552	101324.978	101324.976	101324.97	101324.995	0.0248381266	0	0	0	0	0	3
79	69	0	0.770612136	101324.978	101324.976	101324.97	101324.994	0.0238150183	0	0	0	0	0	3
80	70	0	0.78036672	101324.977	101324.976	101324.97	101324.994	0.0238150183	0	0	0	0	0	3
81	71	0	0.790121304	101324.976	101324.975	101324.97	101324.994	0.0238150183	0	0	0	0	0	3
82	71	0	0.799875888	101324.974	101324.975	101324.97	101324.993	0.0231229116	0	0	0	0	0	3
83	72	0	0.809630472	101324.972	101324.974	101324.97	101324.991	0.0213211424	0	0	0	0	0	3
84	73	0	0.819385056	101324.97	101324.974	101324.97	101324.989	0.0187672437	0	0	0	0	0	3
85	74	0	0.82913964	101324.97	101324.974	101324.97	101324.986	0.0163091196	0	0	0	0	0	3
86	75	0	0.838894224	101324.969	101324.973	101324.969	101324.983	0.0138219844	0	0	0	0	0	3
87	75	0	0.848648808	101324.97	101324.973	101324.969	101324.982	0.0126123613	0	0	0	0	0	3
88	76	0	0.858403392	101324.971	101324.973	101324.969	101324.979	0.00948540424	0	0	0	0	0	3
89	77	0	0.868157976	101324.973	101324.973	101324.969	101324.979	0.0092813368	0	0	0	0	0	3
90	78	0	0.87791256	101324.974	101324.973	101324.969	101324.979	0.0092813368	0	0	0	0	0	3
91	79	0	0.887667144	101324.975	101324.973	101324.969	101324.979	0.0092813368	0	0	0	0	0	3
92	79	0	0.897421728	101324.975	101324.973	101324.969	101324.979	0.0092813368	0	0	0	0	0	3
93	80	0	0.907176312	101324.976	101324.973	101324.969	101324.979	0.0092813368	0	0	0	0	0	3
94	81	0	0.916930896	101324.976	101324.973	101324.969	101324.979	0.0092813368	0	0	0	0	0	3
95	82	0	0.92668548	101324.978	101324.973	101324.969	101324.979	0.0092813368	0	0	0	0	0	3
96	83	0	0.936440064	101324.977	101324.973	101324.969	101324.979	0.0092813368	0	0	0	0	0	3
97	84	0	0.946194648	101324.976	101324.973	101324.969	101324.979	0.0092813368	0	0	0	0	0	3
98	85	0	0.955949232	101324.974	101324.974	101324.969	101324.979	0.0092813368	0	0	0	0	0	3
99	86	0	0.965703816	101324.973	101324.974	101324.969	101324.979	0.0092813368	0	0	0	0	0	3
100	86	0	0.9754584	101324.971	101324.974	101324.969	101324.979	0.0092813368	0	0	0	0	0	3
101	88	0	0.985212984	101324.97	101324.973	101324.969	101324.979	0.0092813368	0	0	0	0	0	3
102	89	0	0.994967568	101324.97	101324.973	101324.969	101324.979	0.0092813368	0	0	0	0	0	3
103	90	0	1.00472215	101324.97	101324.973	101324.969	101324.979	0.0092813368	0.00241682728	0	0	0	0	3
104	91	0	1.01447674	101324.971	101324.973	101324.969	101324.979	0.0092813368	0.00241682728	0	0	0	0	3
105	92	0	1.02423132	101324.972	101324.974	101324.969	101324.979	0.0092813368	0.00241682728	0	0	0	0	3
106	92	0	1.0339859	101324.974	101324.974	101324.969	101324.979	0.0092813368	0.00241682728	0	0	0	0	3
107	93	0	1.04374049	101324.975	101324.974	101324.969	101324.979	0.0092813368	0.00241682728	0	0	0	0	3
108	94	0	1.05349507	101324.976	101324.974	101324.969	101324.979	0.0092813368	0.00241682728	0	0	0	0	3
109	95	0	1.06324966	101324.976	101324.974	101324.969	101324.979	0.0092813368	0.00241682728	0	0	0	0	3
110	95	0	1.07300424	101324.976	101324.974	101324.969	101324.979	0.0092813368	0.00241682728	0	0	0	0	3
111	96	0	1.08275882	101324.976	101324.974	101324.969	101324.979	0.0092813368	0.00241682728	0	0	0	0	3
112	97	0	1.09251341	101324.975	101324.974	101324.969	101324.979	0.0092813368	0.00241682728	0	0	0	0	3
113	98	0	1.10226799	101324.974	101324.974	101324.969	101324.979	0.0092813368	0.00241682728	0	0	0	0	3
114	99	0	1.11202258	101324.973	101324.974	101324.969	101324.979	0.0092813368	0.00241682728	0	0	0	0	3
115	99	0	1.12177716	101324.972	101324.974	101324.969	101324.979	0.0092813368	0.00241682728	0	0	0	0	3
116	100	0	1.13153174	101324.972	101324.974	101324.969	101324.978	0.00869585563	0.00241682728	0	0	0	0	3
117	101	0	1.14128633	101324.971	101324.973	101324.969	101324.978	0.00869585563	0.00241682728	0	0	0	0	3
118	102	0	1.15104091	101324.97	101324.973	101324.969	101324.978	0.00869585563	0.00241682728	0	0	0	0	3
119	103	0	1.1607955	101324.97	101324.973	101324.969	101324.978	0.00838005808	0.00241682728	0	0	0	0	3
120	103	0	1.17055008	101324.97	101324.973	101324.969	101324.978	0.00780594228	0.00241682728	0	0	0	0	3
121	104	0	1.18030466	101324.971	101324.973	101324.969	101324.978	0.00723999008	0.00241682728	0	0	0	0	3
122	105	0	1.19005925	101324.972	101324.973	101324.969	101324.978	0.00663866661	0.00241682728	0	0	0	0	3
123	106	0	1.19981383	101324.975	101324.973	101324.969	101324.978	0.00607849534	0.00241682728	0	0	0	0	3
124	106	0	1.20956842	101324.975	101324.973	101324.969	101324.978	0.00552115383	0.00241682728	0	0	0	0	3
125	107	0	1.219323	101324.978	101324.974	101324.969	101324.978	0.00502064508	0.00241682728	0	0	0	0	3
126	108	0	1.22907758	101324.979	101324.974	101324.969	101324.979	0.00457273595	0.00241682728	0	0	0	0	3
127	109	0	1.23883217	101324.979	101324.974	101324.969	101324.979	0.00417583315	0.00241682728	0	0	0	0	3
128	110	0	1.24858675	101324.977	101324.974	101324.969	101324.979	0.00380521273	0.00241682728	0	0	0	0	3
129	110	0	1.25834134	101324.977	101324.974	101324.969	101324.979	0.00344846462	0.00241682728	0	0	0	0	3
130	111	0	1.26809592	101324.976	101324.974	101324.969	101324.979	0.00312874395	0.00241682728	0	0	0	0	3
131	112	0	1.2778505	101324.976	101324.974	101324.969	101324.979	0.00282227865	0.00241682728	0	0	0	0	3
132	113	0	1.28760509	101324.974	101324.974	101324.969	101324.979	0.0024779682	0.00241682728	0	0	0	0	3
133	114	0	1.29735967	101324.973	101324.974	101324.969	101324.979	0.0020956346	0.00241682728	0	0	0	0	3
134	115	0	1.30711426	101324.972	101324.974	101324.969	101324.979	0.00170065528	0.00241682728	0	0	0	0	3
135	116	0	1.31686884	101324.971	101324.974	101324.969	101324.979	0.00129537642	0.00241682728	0	0	0	0	3
136	117	0	1.32662342	101324.97	101324.974	101324.969	101324.979	0.00108828834	0.00241682728	0	0	0	0	3
137	117	0	1.33637801	101324.971	101324.974	101324.969	101324.979	0.00108828834	0.00241682728	0	0	0	0	3
138	118	0	1.34613259	101324.972	101324.974	101324.97	101324.979	0.00108828834	0.00241682728	0	0	0	0	3
139	119	0	1.35588718	101324.973	101324.974	101324.97	101324.979	0.00108828834	0.00241682728	0	0	0	0	3
