Iteration	CPUTime	PhysTime	Travels	Value	AvValue	MinValue	MaxValue	Delta	Criteria	PrevAvRefValue	Progress	CriteriaType	CriteriaVarType	CriteriaPercentage
1	4	0	0.009754584	0	0	0	0	0	0	0	0	0	0	3
2	5	0	0.019509168	0	0	0	0	0	0	0	0	0	0	3
3	6	0	0.029263752	0	0	0	0	0	0	0	0	0	0	3
4	7	0	0.039018336	0	0	0	0	0	0	0	0	0	0	3
5	8	0	0.04877292	0	0	0	0	0	0	0	0	0	0	3
6	9	0	0.058527504	0	0	0	0	0	0	0	0	0	0	3
7	9	0	0.068282088	0	0	0	0	0	0	0	0	0	0	3
8	10	0	0.078036672	0	0	0	0	0	0	0	0	0	0	3
9	11	0	0.087791256	0	0	0	0	0	0	0	0	0	0	3
10	12	0	0.09754584	0	0	0	0	0	0	0	0	0	0	3
11	12	0	0.107300424	0	0	0	0	0	0	0	0	0	0	3
12	13	0	0.117055008	0	0	0	0	0	0	0	0	0	0	3
13	14	0	0.126809592	0	0	0	0	0	0	0	0	0	0	3
14	15	0	0.136564176	0	0	0	0	0	0	0	0	0	0	3
15	16	0	0.14631876	0	0	0	0	0	0	0	0	0	0	3
16	16	0	0.156073344	0	0	0	0	0	0	0	0	0	0	3
17	17	0	0.165827928	0	0	0	0	0	0	0	0	0	0	3
18	18	0	0.175582512	0	0	0	0	0	0	0	0	0	0	3
19	19	0	0.185337096	0	0	0	0	0	0	0	0	0	0	3
20	20	0	0.19509168	0	0	0	0	0	0	0	0	0	0	3
21	21	0	0.204846264	0	0	0	0	0	0	0	0	0	0	3
22	22	0	0.214600848	0	0	0	0	0	0	0	0	0	0	3
23	22	0	0.224355432	0	0	0	0	0	0	0	0	0	0	3
24	23	0	0.234110016	0	0	0	0	0	0	0	0	0	0	3
25	24	0	0.2438646	0	0	0	0	0	0	0	0	0	0	3
26	25	0	0.253619184	0	0	0	0	0	0	0	0	0	0	3
27	26	0	0.263373768	0	0	0	0	0	0	0	0	0	0	3
28	26	0	0.273128352	0	0	0	0	0	0	0	0	0	0	3
29	27	0	0.282882936	0	0	0	0	0	0	0	0	0	0	3
30	28	0	0.29263752	0	0	0	0	0	0	0	0	0	0	3
31	29	0	0.302392104	0	0	0	0	0	0	0	0	0	0	3
32	30	0	0.312146688	0	0	0	0	0	0	0	0	0	0	3
33	30	0	0.321901272	0	0	0	0	0	0	0	0	0	0	3
34	31	0	0.331655856	0	0	0	0	0	0	0	0	0	0	3
35	32	0	0.34141044	0	0	0	0	0	0	0	0	0	0	3
36	33	0	0.351165024	0	0	0	0	0	0	0	0	0	0	3
37	34	0	0.360919608	0	0	0	0	0	0	0	0	0	0	3
38	35	0	0.370674192	0	0	0	0	0	0	0	0	0	0	3
39	36	0	0.380428776	0	0	0	0	0	0	0	0	0	0	3
40	37	0	0.39018336	0	0	0	0	0	0	0	0	0	0	3
41	37	0	0.399937944	0	0	0	0	0	0	0	0	0	0	3
42	38	0	0.409692528	0	0	0	0	0	0	0	0	0	0	3
43	39	0	0.419447112	0	0	0	0	0	0	0	0	0	0	3
44	40	0	0.429201696	0	0	0	0	0	0	0	0	0	0	3
45	41	0	0.43895628	0	0	0	0	0	0	0	0	0	0	3
46	42	0	0.448710864	0	0	0	0	0	0	0	0	0	0	3
47	42	0	0.458465448	0	0	0	0	0	0	0	0	0	0	3
48	43	0	0.468220032	0	0	0	0	0	0	0	0	0	0	3
49	44	0	0.477974616	0	0	0	0	0	0	0	0	0	0	3
50	45	0	0.4877292	0	0	0	0	0	0	0	0	0	0	3
51	46	0	0.497483784	0	0	0	0	0	0	0	0	0	0	3
52	46	0	0.507238368	0	0	0	0	0	0	0	0	0	0	3
53	47	0	0.516992952	0	0	0	0	0	0	0	0	0	0	3
54	48	0	0.526747536	0	0	0	0	0	0	0	0	0	0	3
55	49	0	0.53650212	0	0	0	0	0	0	0	0	0	0	3
56	50	0	0.546256704	0	0	0	0	0	0	0	0	0	0	3
57	51	0	0.556011288	0	0	0	0	0	0	0	0	0	0	3
58	52	0	0.565765872	0	0	0	0	0	0	0	0	0	0	3
59	53	0	0.575520456	0	0	0	0	0	0	0	0	0	0	3
60	54	0	0.58527504	0	0	0	0	0	0	0	0	0	0	3
61	54	0	0.595029624	0	0	0	0	0	0	0	0	0	0	3
62	55	0	0.604784208	0	0	0	0	0	0	0	0	0	0	3
63	56	0	0.614538792	0	0	0	0	0	0	0	0	0	0	3
64	57	0	0.624293376	0	0	0	0	0	0	0	0	0	0	3
65	58	0	0.63404796	0	0	0	0	0	0	0	0	0	0	3
66	59	0	0.643802544	0	0	0	0	0	0	0	0	0	0	3
67	59	0	0.653557128	0	0	0	0	0	0	0	0	0	0	3
68	60	0	0.663311712	0	0	0	0	0	0	0	0	0	0	3
69	61	0	0.673066296	0	0	0	0	0	0	0	0	0	0	3
70	62	0	0.68282088	0	0	0	0	0	0	0	0	0	0	3
71	63	0	0.692575464	0	0	0	0	0	0	0	0	0	0	3
72	63	0	0.702330048	0	0	0	0	0	0	0	0	0	0	3
73	64	0	0.712084632	0	0	0	0	0	0	0	0	0	0	3
74	65	0	0.721839216	0	0	0	0	0	0	0	0	0	0	3
75	66	0	0.7315938	0	0	0	0	0	0	0	0	0	0	3
76	67	0	0.741348384	0	0	0	0	0	0	0	0	0	0	3
77	68	0	0.751102968	0	0	0	0	0	0	0	0	0	0	3
78	68	0	0.760857552	0	0	0	0	0	0	0	0	0	0	3
79	69	0	0.770612136	0	0	0	0	0	0	0	0	0	0	3
80	70	0	0.78036672	0	0	0	0	0	0	0	0	0	0	3
81	71	0	0.790121304	0	0	0	0	0	0	0	0	0	0	3
82	71	0	0.799875888	0	0	0	0	0	0	0	0	0	0	3
83	72	0	0.809630472	0	0	0	0	0	0	0	0	0	0	3
84	73	0	0.819385056	0	0	0	0	0	0	0	0	0	0	3
85	74	0	0.82913964	0	0	0	0	0	0	0	0	0	0	3
86	75	0	0.838894224	0	0	0	0	0	0	0	0	0	0	3
87	75	0	0.848648808	0	0	0	0	0	0	0	0	0	0	3
88	76	0	0.858403392	0	0	0	0	0	0	0	0	0	0	3
89	77	0	0.868157976	0	0	0	0	0	0	0	0	0	0	3
90	78	0	0.87791256	0	0	0	0	0	0	0	0	0	0	3
91	79	0	0.887667144	0	0	0	0	0	0	0	0	0	0	3
92	79	0	0.897421728	0	0	0	0	0	0	0	0	0	0	3
93	80	0	0.907176312	0	0	0	0	0	0	0	0	0	0	3
94	81	0	0.916930896	0	0	0	0	0	0	0	0	0	0	3
95	82	0	0.92668548	0	0	0	0	0	0	0	0	0	0	3
96	83	0	0.936440064	0	0	0	0	0	0	0	0	0	0	3
97	84	0	0.946194648	0	0	0	0	0	0	0	0	0	0	3
98	85	0	0.955949232	0	0	0	0	0	0	0	0	0	0	3
99	86	0	0.965703816	0	0	0	0	0	0	0	0	0	0	3
100	86	0	0.9754584	0	0	0	0	0	0	0	0	0	0	3
101	88	0	0.985212984	0	0	0	0	0	0	0	0	0	0	3
102	89	0	0.994967568	0	0	0	0	0	0	0	0	0	0	3
103	90	0	1.00472215	0	0	0	0	0	0.001	0	0	0	0	3
104	91	0	1.01447674	0	0	0	0	0	0.001	0	0	0	0	3
105	92	0	1.02423132	0	0	0	0	0	0.001	0	0	0	0	3
106	92	0	1.0339859	0	0	0	0	0	0.001	0	0	0	0	3
107	93	0	1.04374049	0	0	0	0	0	0.001	0	0	0	0	3
108	94	0	1.05349507	0	0	0	0	0	0.001	0	0	0	0	3
109	95	0	1.06324966	0	0	0	0	0	0.001	0	0	0	0	3
110	95	0	1.07300424	0	0	0	0	0	0.001	0	0	0	0	3
111	96	0	1.08275882	0	0	0	0	0	0.001	0	0	0	0	3
112	97	0	1.09251341	0	0	0	0	0	0.001	0	0	0	0	3
113	98	0	1.10226799	0	0	0	0	0	0.001	0	0	0	0	3
114	99	0	1.11202258	0	0	0	0	0	0.001	0	0	0	0	3
115	99	0	1.12177716	0	0	0	0	0	0.001	0	0	0	0	3
116	100	0	1.13153174	0	0	0	0	0	0.001	0	0	0	0	3
117	101	0	1.14128633	0	0	0	0	0	0.001	0	0	0	0	3
118	102	0	1.15104091	0	0	0	0	0	0.001	0	0	0	0	3
119	103	0	1.1607955	0	0	0	0	0	0.001	0	0	0	0	3
120	103	0	1.17055008	0	0	0	0	0	0.001	0	0	0	0	3
121	104	0	1.18030466	0	0	0	0	0	0.001	0	0	0	0	3
122	105	0	1.19005925	0	0	0	0	0	0.001	0	0	0	0	3
123	106	0	1.19981383	0	0	0	0	0	0.001	0	0	0	0	3
124	106	0	1.20956842	0	0	0	0	0	0.001	0	0	0	0	3
125	107	0	1.219323	0	0	0	0	0	0.001	0	0	0	0	3
126	108	0	1.22907758	0	0	0	0	0	0.001	0	0	0	0	3
127	109	0	1.23883217	0	0	0	0	0	0.001	0	0	0	0	3
128	110	0	1.24858675	0	0	0	0	0	0.001	0	0	0	0	3
129	110	0	1.25834134	0	0	0	0	0	0.001	0	0	0	0	3
130	111	0	1.26809592	0	0	0	0	0	0.001	0	0	0	0	3
131	112	0	1.2778505	0	0	0	0	0	0.001	0	0	0	0	3
132	113	0	1.28760509	0	0	0	0	0	0.001	0	0	0	0	3
133	114	0	1.29735967	0	0	0	0	0	0.001	0	0	0	0	3
134	115	0	1.30711426	0	0	0	0	0	0.001	0	0	0	0	3
135	116	0	1.31686884	0	0	0	0	0	0.001	0	0	0	0	3
136	117	0	1.32662342	0	0	0	0	0	0.001	0	0	0	0	3
137	117	0	1.33637801	0	0	0	0	0	0.001	0	0	0	0	3
138	118	0	1.34613259	0	0	0	0	0	0.001	0	0	0	0	3
139	119	0	1.35588718	0	0	0	0	0	0.001	0	0	0	0	3
