Iteration	CPUTime	PhysTime	Travels	Value	AvValue	MinValue	MaxValue	Delta	Criteria	PrevAvRefValue	Progress	CriteriaType	CriteriaVarType	CriteriaPercentage
1	1	0	0.0119976212	1438.0975	1438.0975	1438.0975	1438.0975	0	0	0	0	0	0	3
2	2	0	0.0239952424	-76.6718267	680.712837	-76.6718267	1438.0975	757.384663	0	0	0	0	0	3
3	2	0	0.0359928636	-104.267949	419.052575	-104.267949	1438.0975	1019.04493	0	0	0	0	0	3
4	2	0	0.0479904848	-73.0358257	296.030475	-104.267949	1438.0975	1142.06703	0	0	0	0	0	3
5	2	0	0.0599881061	-61.2691662	224.570546	-104.267949	1438.0975	1213.52695	0	0	0	0	0	3
6	2	0	0.0719857273	-74.7018363	174.691816	-104.267949	1438.0975	1263.40568	0	0	0	0	0	3
7	3	0	0.0839833485	-81.8265949	138.046329	-104.267949	1438.0975	1300.05117	0	0	0	0	0	3
8	3	0	0.0959809697	-86.3610533	109.995406	-104.267949	1438.0975	1328.10209	0	0	0	0	0	3
9	3	0	0.107978591	-95.5398113	87.1581596	-104.267949	1438.0975	1350.93934	0	0	0	0	0	3
10	3	0	0.119976212	-99.6560419	68.4767394	-104.267949	1438.0975	1369.62076	0	0	0	0	0	3
11	3	0	0.131973833	-94.2813162	53.6805525	-104.267949	1438.0975	1384.41695	0	0	0	0	0	3
12	4	0	0.143971455	-101.753321	40.7277298	-104.267949	1438.0975	1397.36977	0	0	0	0	0	3
13	4	0	0.155969076	-96.0281842	30.2080441	-104.267949	1438.0975	1407.88946	0	0	0	0	0	3
14	4	0	0.167966697	-103.515068	20.6563932	-104.267949	1438.0975	1417.44111	0	0	0	0	0	3
15	4	0	0.179964318	-96.0241998	12.877687	-104.267949	1438.0975	1425.21981	0	0	0	0	0	3
16	4	0	0.191961939	-100.465895	5.79371317	-104.267949	1438.0975	1432.30379	0	0	0	0	0	3
17	5	0	0.203959561	-97.4897378	-0.281783951	-104.267949	1438.0975	1438.37928	0	0	0	0	0	3
18	5	0	0.215957182	-97.6890951	-5.69330123	-104.267949	1438.0975	1443.7908	0	0	0	0	0	3
19	5	0	0.227954803	-94.5762655	-10.371352	-104.267949	1438.0975	1448.46885	0	0	0	0	0	3
20	5	0	0.239952424	-96.9661123	-14.70109	-104.267949	1438.0975	1452.79859	0	0	0	0	0	3
21	5	0	0.251950045	-95.1682791	-18.5328609	-104.267949	1438.0975	1456.63036	0	0	0	0	0	3
22	6	0	0.263947667	-96.2421986	-22.0651035	-104.267949	1438.0975	1460.1626	0	0	0	0	0	3
23	6	0	0.275945288	-95.841712	-25.2727822	-104.267949	1438.0975	1463.37028	0	0	0	0	0	3
24	6	0	0.287942909	-95.4472909	-28.19672	-104.267949	1438.0975	1466.29422	0	0	0	0	0	3
25	6	0	0.29994053	-96.0133395	-30.9093848	-104.267949	1438.0975	1469.00688	0	0	0	0	0	3
26	6	0	0.311938152	-95.3151329	-33.386529	-104.267949	1438.0975	1471.48403	0	0	0	0	0	3
27	7	0	0.323935773	-94.734906	-35.6586911	-104.267949	1438.0975	1473.75619	0	0	0	0	0	3
28	7	0	0.335933394	-94.9424481	-37.7759681	-104.267949	1438.0975	1475.87347	0	0	0	0	0	3
29	7	0	0.347931015	-94.0809461	-39.7175191	-104.267949	1438.0975	1477.81502	0	0	0	0	0	3
30	7	0	0.359928636	-94.9065222	-41.5571525	-104.267949	1438.0975	1479.65465	0	0	0	0	0	3
31	8	0	0.371926258	-93.9916158	-43.2485868	-104.267949	1438.0975	1481.34609	0	0	0	0	0	3
32	8	0	0.383923879	-94.565526	-44.8522412	-104.267949	1438.0975	1482.94974	0	0	0	0	0	3
33	8	0	0.3959215	-93.7509189	-46.3340193	-104.267949	1438.0975	1484.43152	0	0	0	0	0	3
34	8	0	0.407919121	-94.257547	-47.7435348	-104.267949	1438.0975	1485.84103	0	0	0	0	0	3
35	8	0	0.419916742	-93.3460825	-49.0464647	-104.267949	1438.0975	1487.14396	0	0	0	0	0	3
36	9	0	0.431914364	-92.9787979	-50.2668073	-104.267949	1438.0975	1488.36431	0	0	0	0	0	3
37	9	0	0.443911985	-92.0177303	-51.3952107	-104.267949	1438.0975	1489.49271	0	0	0	0	0	3
38	9	0	0.455909606	-91.8111251	-52.4587873	-104.267949	1438.0975	1490.55629	0	0	0	0	0	3
39	9	0	0.467907227	-91.8446311	-53.4686808	-104.267949	1438.0975	1491.56618	0	0	0	0	0	3
40	10	0	0.479904848	-92.4647492	-54.4435825	-104.267949	1438.0975	1492.54108	0	0	0	0	0	3
41	10	0	0.49190247	-92.2858761	-55.3665653	-104.267949	1438.0975	1493.46406	0	0	0	0	0	3
42	10	0	0.503900091	-92.4255126	-56.2489211	-104.267949	1438.0975	1494.34642	0	0	0	0	0	3
43	10	0	0.515897712	-92.1355998	-92.6830426	-104.267949	-61.2691662	42.9987828	0	0	0	0	0	3
44	10	0	0.527895333	-91.8942684	-93.0454817	-104.267949	-61.2691662	42.9987828	0	0	0	0	0	3
45	11	0	0.539892955	-91.6092213	-92.7440834	-103.515068	-61.2691662	42.2459014	0	0	0	0	0	3
46	11	0	0.551890576	-91.8576127	-93.1922212	-103.515068	-61.2691662	42.2459014	0	0	0	0	0	3
47	11	0	0.563888197	-91.5074934	-93.9121813	-103.515068	-74.7018363	28.8132313	0	0	0	0	0	3
48	11	0	0.575885818	-91.7732017	-94.3186424	-103.515068	-81.8265949	21.6884727	0	0	0	0	0	3
49	12	0	0.587883439	-91.7347515	-94.5545509	-103.515068	-86.3610533	17.1540143	0	0	0	0	0	3
50	12	0	0.599881061	-91.1711321	-94.6690766	-103.515068	-91.1711321	12.3439355	0	0	0	0	0	3
51	12	0	0.611878682	-91.4108539	-94.5707681	-103.515068	-91.1711321	12.3439355	0	0	0	0	0	3
52	12	0	0.623876303	-90.9659229	-94.3638605	-103.515068	-90.9659229	12.5491448	0	0	0	0	0	3
53	13	0	0.635873924	-91.7675562	-94.304009	-103.515068	-90.9659229	12.5491448	0	0	0	0	0	3
54	13	0	0.647871545	-92.2623515	-94.0780336	-103.515068	-90.9659229	12.5491448	0	0	0	0	0	3
55	13	0	0.659869167	-92.5465595	-93.9951378	-103.515068	-90.9659229	12.5491448	0	0	0	0	0	3
56	13	0	0.671866788	-92.5924331	-93.735075	-100.465895	-90.9659229	9.49997204	0	0	0	0	0	3
57	14	0	0.683864409	-92.6727679	-93.655279	-100.465895	-90.9659229	9.49997204	0	0	0	0	0	3
58	14	0	0.69586203	-92.5034517	-93.4656971	-97.6890951	-90.9659229	6.7231722	0	0	0	0	0	3
59	14	0	0.707859652	-92.1550628	-93.338681	-97.6890951	-90.9659229	6.7231722	0	0	0	0	0	3
60	14	0	0.719857273	-91.6759541	-93.195511	-96.9661123	-90.9659229	6.00018947	0	0	0	0	0	3
61	14	0	0.731854894	-91.8030588	-93.1294822	-96.9661123	-90.9659229	6.00018947	0	0	0	0	0	3
62	15	0	0.743852515	-91.3556836	-92.9959006	-96.2421986	-90.9659229	5.27627574	0	0	0	0	0	3
63	15	0	0.755850136	-91.8002625	-92.9157097	-96.2421986	-90.9659229	5.27627574	0	0	0	0	0	3
64	15	0	0.767847758	-91.2531919	-92.7969239	-96.0133395	-90.9659229	5.04741667	0	0	0	0	0	3
65	15	0	0.779845379	-91.6336327	-92.6967315	-96.0133395	-90.9659229	5.04741667	0	0	0	0	0	3
66	16	0	0.791843	-90.9280433	-92.5891304	-96.0133395	-90.9280433	5.08529624	0	0	0	0	0	3
67	16	0	0.803840621	-91.4577688	-92.4806644	-95.3151329	-90.9280433	4.3870896	0	0	0	0	0	3
68	16	0	0.815838242	-91.2915548	-92.3848649	-94.9424481	-90.9280433	4.01440477	0	0	0	0	0	3
69	16	0	0.827835864	-91.9962961	-92.3196599	-94.9424481	-90.9280433	4.01440477	0	0	0	0	0	3
70	17	0	0.839833485	-91.8226859	-92.2453799	-94.9065222	-90.9280433	3.97847894	0	0	0	0	0	3
71	17	0	0.851831106	-92.2695297	-92.2022509	-94.9065222	-90.9280433	3.97847894	0	0	0	0	0	3
72	17	0	0.863828727	-91.7769217	-92.1277366	-94.565526	-90.9280433	3.63748275	0	0	0	0	0	3
73	17	0	0.875826348	-92.0776079	-92.082165	-94.565526	-90.9280433	3.63748275	0	0	0	0	0	3
74	18	0	0.88782397	-91.5252207	-92.0097768	-94.257547	-90.9280433	3.32950376	0	0	0	0	0	3
75	18	0	0.899821591	-91.8932992	-91.9655477	-94.257547	-90.9280433	3.32950376	0	0	0	0	0	3
76	18	0	0.911819212	-91.5512807	-91.9011128	-93.3460825	-90.9280433	2.41803925	0	0	0	0	0	3
77	18	0	0.923816833	-91.9391275	-91.8676139	-92.9787979	-90.9280433	2.05075462	0	0	0	0	0	3
78	19	0	0.935814455	-91.9752757	-91.8437205	-92.6727679	-90.9280433	1.74472461	0	0	0	0	0	3
79	19	0	0.947812076	-92.4399635	-91.8537737	-92.6727679	-90.9280433	1.74472461	0	0	0	0	0	3
80	19	0	0.959809697	-92.6506873	-91.8737632	-92.6727679	-90.9280433	1.74472461	0	0	0	0	0	3
81	19	0	0.971807318	-92.5695463	-91.8910231	-92.6727679	-90.9280433	1.74472461	0	0	0	0	0	3
82	20	0	0.983804939	-92.0261863	-91.8805811	-92.6727679	-90.9280433	1.74472461	0	0	0	0	0	3
83	20	0	0.995802561	-91.8150838	-91.8693718	-92.6727679	-90.9280433	1.74472461	0	0	0	0	0	3
84	20	0	1.00780018	-91.3454788	-91.8436567	-92.6727679	-90.9280433	1.74472461	1.28996349	0	73.9	0	0	3
85	20	0	1.0197978	-91.82911	-91.8363593	-92.6727679	-90.9280433	1.74472461	1.28996349	0	73.9	0	0	3
86	20	0	1.03179542	-91.8918226	-91.8363011	-92.6727679	-90.9280433	1.74472461	1.28996349	0	73.9	0	0	3
87	21	0	1.04379305	-92.258434	-91.8517585	-92.6727679	-90.9280433	1.74472461	1.28996349	0	73.9	0	0	3
88	21	0	1.05579067	-91.9910813	-91.8549364	-92.6727679	-90.9280433	1.74472461	1.28996349	0	73.9	0	0	3
89	21	0	1.06778829	-91.7734858	-91.8612695	-92.6727679	-90.9280433	1.74472461	1.28996349	0	73.9	0	0	3
90	21	0	1.07978591	-91.3309588	-91.8507399	-92.6727679	-90.9280433	1.74472461	1.28996349	0	73.9	0	0	3
91	22	0	1.09178353	-91.2064861	-91.8381622	-92.6727679	-90.9280433	1.74472461	1.28996349	0	73.9	0	0	3
92	22	0	1.10378115	-91.4230677	-91.8441606	-92.6727679	-90.9280433	1.74472461	1.28996349	0	73.9	0	0	3
93	22	0	1.11577877	-91.9786597	-91.8576798	-92.6727679	-90.9280433	1.74472461	1.28996349	0	73.9	0	0	3
94	22	0	1.12777639	-92.1218563	-91.8852021	-92.6727679	-90.9280433	1.74472461	1.28996349	0	73.9	0	0	3
95	23	0	1.13977402	-92.3552617	-91.899195	-92.6727679	-90.9280433	1.74472461	1.28996349	0	73.9	0	0	3
96	23	0	1.15177164	-91.9642199	-91.8920967	-92.6727679	-90.9280433	1.74472461	1.28996349	0	73.9	0	0	3
97	23	0	1.16376926	-91.4654664	-91.8663564	-92.6727679	-90.9280433	1.74472461	1.28996349	0	73.9	0	0	3
98	23	0	1.17576688	-91.3671806	-91.8371837	-92.6727679	-90.9280433	1.74472461	1.28996349	0	73.9	0	0	3
99	24	0	1.1877645	-91.6118166	-91.8119229	-92.6506873	-90.9280433	1.65377411	1.28996349	0	78	0	0	3
100	24	0	1.19976212	-91.8528445	-91.7964323	-92.6506873	-90.9280433	1.54224869	1.28996349	0	83.6	0	0	3
101	25	0	1.21175974	-91.9139095	-91.7906905	-92.6506873	-90.9280433	1.40482041	1.28996349	0	91.8	0	0	3
102	25	0	1.22375736	-91.6900191	-91.7910254	-92.6506873	-90.9280433	1.33879168	1.28996349	0	96.3	0	0	3
103	25	0	1.23575498	-91.527104	-91.7844551	-92.6506873	-90.9280433	1.21144552	1.28996349	0	100	0	0	3
