Iteration	CPUTime	PhysTime	Travels	Value	AvValue	MinValue	MaxValue	Delta	Criteria	PrevAvRefValue	Progress	CriteriaType	CriteriaVarType	CriteriaPercentage
1	1	0	0.0119976212	101326.462	101326.462	101326.462	101326.462	0	0	0	0	0	0	3
2	2	0	0.0239952424	101324.968	101325.715	101324.968	101326.462	0.746947152	0	0	0	0	0	3
3	2	0	0.0359928636	101325.087	101325.505	101324.968	101326.462	0.956310494	0	0	0	0	0	3
4	2	0	0.0479904848	101325.053	101325.392	101324.968	101326.462	1.06929286	0	0	0	0	0	3
5	2	0	0.0599881061	101325.048	101325.324	101324.968	101326.462	1.13807338	0	0	0	0	0	3
6	2	0	0.0719857273	101325.041	101325.276	101324.968	101326.462	1.1851106	0	0	0	0	0	3
7	3	0	0.0839833485	101325.057	101325.245	101324.968	101326.462	1.21652882	0	0	0	0	0	3
8	3	0	0.0959809697	101325.04	101325.219	101324.968	101326.462	1.24217685	0	0	0	0	0	3
9	3	0	0.107978591	101325.055	101325.201	101324.968	101326.462	1.26040487	0	0	0	0	0	3
10	3	0	0.119976212	101325.038	101325.185	101324.968	101326.462	1.27671488	0	0	0	0	0	3
11	3	0	0.131973833	101325.05	101325.173	101324.968	101326.462	1.28893474	0	0	0	0	0	3
12	4	0	0.143971455	101325.036	101325.161	101324.968	101326.462	1.30034389	0	0	0	0	0	3
13	4	0	0.155969076	101325.048	101325.153	101324.968	101326.462	1.30905625	0	0	0	0	0	3
14	4	0	0.167966697	101325.034	101325.144	101324.968	101326.462	1.31751144	0	0	0	0	0	3
15	4	0	0.179964318	101325.042	101325.137	101324.968	101326.462	1.32429174	0	0	0	0	0	3
16	4	0	0.191961939	101325.031	101325.131	101324.968	101326.462	1.33096058	0	0	0	0	0	3
17	5	0	0.203959561	101325.032	101325.125	101324.968	101326.462	1.33677756	0	0	0	0	0	3
18	5	0	0.215957182	101325.027	101325.119	101324.968	101326.462	1.342195	0	0	0	0	0	3
19	5	0	0.227954803	101325.029	101325.115	101324.968	101326.462	1.34695385	0	0	0	0	0	3
20	5	0	0.239952424	101325.026	101325.11	101324.968	101326.462	1.35140818	0	0	0	0	0	3
21	5	0	0.251950045	101325.03	101325.106	101324.968	101326.462	1.3552435	0	0	0	0	0	3
22	6	0	0.263947667	101325.029	101325.103	101324.968	101326.462	1.35875613	0	0	0	0	0	3
23	6	0	0.275945288	101325.029	101325.1	101324.968	101326.462	1.36195245	0	0	0	0	0	3
24	6	0	0.287942909	101325.029	101325.097	101324.968	101326.462	1.36490873	0	0	0	0	0	3
25	6	0	0.29994053	101325.026	101325.094	101324.968	101326.462	1.36772641	0	0	0	0	0	3
26	6	0	0.311938152	101325.024	101325.091	101324.968	101326.462	1.37041182	0	0	0	0	0	3
27	7	0	0.323935773	101325.017	101325.088	101324.968	101326.462	1.37314755	0	0	0	0	0	3
28	7	0	0.335933394	101325.008	101325.086	101324.968	101326.462	1.37600479	0	0	0	0	0	3
29	7	0	0.347931015	101325	101325.083	101324.968	101326.462	1.37893929	0	0	0	0	0	3
30	7	0	0.359928636	101324.994	101325.08	101324.968	101326.462	1.38189015	0	0	0	0	0	3
31	8	0	0.371926258	101324.988	101325.077	101324.968	101326.462	1.38483413	0	0	0	0	0	3
32	8	0	0.383923879	101324.985	101325.074	101324.968	101326.462	1.38771649	0	0	0	0	0	3
33	8	0	0.3959215	101324.982	101325.071	101324.968	101326.462	1.39049042	0	0	0	0	0	3
34	8	0	0.407919121	101324.982	101325.068	101324.968	101326.462	1.39311096	0	0	0	0	0	3
35	8	0	0.419916742	101324.983	101325.066	101324.968	101326.462	1.39554118	0	0	0	0	0	3
36	9	0	0.431914364	101324.987	101325.064	101324.968	101326.462	1.39774887	0	0	0	0	0	3
37	9	0	0.443911985	101324.99	101325.062	101324.968	101326.462	1.39974883	0	0	0	0	0	3
38	9	0	0.455909606	101324.993	101325.06	101324.968	101326.462	1.40155458	0	0	0	0	0	3
39	9	0	0.467907227	101324.996	101325.058	101324.968	101326.462	1.40319413	0	0	0	0	0	3
40	10	0	0.479904848	101324.997	101325.057	101324.968	101326.462	1.4047183	0	0	0	0	0	3
41	10	0	0.49190247	101324.998	101325.055	101324.968	101326.462	1.40615598	0	0	0	0	0	3
42	10	0	0.503900091	101324.997	101325.054	101324.968	101326.462	1.40753684	0	0	0	0	0	3
43	10	0	0.515897712	101324.997	101325.019	101324.968	101325.087	0.118857128	0	0	0	0	0	3
44	10	0	0.527895333	101324.996	101325.02	101324.982	101325.087	0.104551489	0	0	0	0	0	3
45	11	0	0.539892955	101324.996	101325.018	101324.982	101325.057	0.0745505103	0	0	0	0	0	3
46	11	0	0.551890576	101324.997	101325.016	101324.982	101325.057	0.0745505103	0	0	0	0	0	3
47	11	0	0.563888197	101324.997	101325.015	101324.982	101325.057	0.0745505103	0	0	0	0	0	3
48	11	0	0.575885818	101324.996	101325.014	101324.982	101325.057	0.0745505103	0	0	0	0	0	3
49	12	0	0.587883439	101324.996	101325.013	101324.982	101325.055	0.0733596781	0	0	0	0	0	3
50	12	0	0.599881061	101324.996	101325.012	101324.982	101325.055	0.0733596781	0	0	0	0	0	3
51	12	0	0.611878682	101324.995	101325.01	101324.982	101325.05	0.0684554141	0	0	0	0	0	3
52	12	0	0.623876303	101324.995	101325.009	101324.982	101325.05	0.0684554141	0	0	0	0	0	3
53	13	0	0.635873924	101324.996	101325.008	101324.982	101325.048	0.065984074	0	0	0	0	0	3
54	13	0	0.647871545	101324.996	101325.007	101324.982	101325.048	0.065984074	0	0	0	0	0	3
55	13	0	0.659869167	101324.996	101325.006	101324.982	101325.042	0.0603728419	0	0	0	0	0	3
56	13	0	0.671866788	101324.996	101325.005	101324.982	101325.042	0.0603728419	0	0	0	0	0	3
57	14	0	0.683864409	101324.995	101325.004	101324.982	101325.032	0.0497393529	0	0	0	0	0	3
58	14	0	0.69586203	101324.995	101325.003	101324.982	101325.032	0.0497393529	0	0	0	0	0	3
59	14	0	0.707859652	101324.994	101325.002	101324.982	101325.03	0.0476388185	0	0	0	0	0	3
60	14	0	0.719857273	101324.994	101325.001	101324.982	101325.03	0.0476388185	0	0	0	0	0	3
61	14	0	0.731854894	101324.995	101325	101324.982	101325.03	0.0476388185	0	0	0	0	0	3
62	15	0	0.743852515	101324.996	101325	101324.982	101325.03	0.0476388185	0	0	0	0	0	3
63	15	0	0.755850136	101324.997	101324.999	101324.982	101325.029	0.0473171774	0	0	0	0	0	3
64	15	0	0.767847758	101324.997	101324.998	101324.982	101325.029	0.0473171774	0	0	0	0	0	3
65	15	0	0.779845379	101324.996	101324.997	101324.982	101325.029	0.0466855243	0	0	0	0	0	3
66	16	0	0.791843	101324.996	101324.996	101324.982	101325.026	0.0442379265	0	0	0	0	0	3
67	16	0	0.803840621	101324.996	101324.996	101324.982	101325.024	0.0420416071	0	0	0	0	0	3
68	16	0	0.815838242	101324.996	101324.995	101324.982	101325.017	0.0353121637	0	0	0	0	0	3
69	16	0	0.827835864	101324.995	101324.995	101324.982	101325.008	0.0264382988	0	0	0	0	0	3
70	17	0	0.839833485	101324.994	101324.994	101324.982	101325	0.0184832402	0	0	0	0	0	3
71	17	0	0.851831106	101324.993	101324.994	101324.982	101324.998	0.0159256304	0	0	0	0	0	3
72	17	0	0.863828727	101324.994	101324.994	101324.982	101324.998	0.0159256304	0	0	0	0	0	3
73	17	0	0.875826348	101324.995	101324.994	101324.982	101324.998	0.0159256304	0	0	0	0	0	3
74	18	0	0.88782397	101324.996	101324.994	101324.982	101324.998	0.0159256304	0	0	0	0	0	3
75	18	0	0.899821591	101324.996	101324.995	101324.982	101324.998	0.0159256304	0	0	0	0	0	3
76	18	0	0.911819212	101324.996	101324.995	101324.983	101324.998	0.0145055508	0	0	0	0	0	3
77	18	0	0.923816833	101324.996	101324.995	101324.987	101324.998	0.0113551212	0	0	0	0	0	3
78	19	0	0.935814455	101324.996	101324.996	101324.99	101324.998	0.008084392	0	0	0	0	0	3
79	19	0	0.947812076	101324.996	101324.996	101324.993	101324.998	0.00470419522	0	0	0	0	0	3
80	19	0	0.959809697	101324.996	101324.996	101324.993	101324.998	0.00444277845	0	0	0	0	0	3
81	19	0	0.971807318	101324.995	101324.996	101324.993	101324.998	0.00444277845	0	0	0	0	0	3
82	20	0	0.983804939	101324.995	101324.996	101324.993	101324.998	0.00444277845	0	0	0	0	0	3
83	20	0	0.995802561	101324.995	101324.996	101324.993	101324.997	0.00395363562	0	0	0	0	0	3
84	20	0	1.00780018	101324.995	101324.996	101324.993	101324.997	0.00345573973	0.00313654468	0	0	0	0	3
85	20	0	1.0197978	101324.995	101324.996	101324.993	101324.997	0.00343588619	0.00313654468	0	0	0	0	3
86	20	0	1.03179542	101324.996	101324.996	101324.993	101324.997	0.00343588619	0.00313654468	0	0	0	0	3
87	21	0	1.04379305	101324.996	101324.996	101324.993	101324.997	0.00343588619	0.00313654468	0	0	0	0	3
88	21	0	1.05579067	101324.995	101324.996	101324.993	101324.997	0.00343588619	0.00313654468	0	0	0	0	3
89	21	0	1.06778829	101324.995	101324.995	101324.993	101324.997	0.00343588619	0.00313654468	0	0	0	0	3
90	21	0	1.07978591	101324.995	101324.995	101324.993	101324.997	0.00343588619	0.00313654468	0	0	0	0	3
91	22	0	1.09178353	101324.995	101324.995	101324.993	101324.997	0.00343588619	0.00313654468	0	0	0	0	3
92	22	0	1.10378115	101324.995	101324.995	101324.993	101324.997	0.00343588619	0.00313654468	0	0	0	0	3
93	22	0	1.11577877	101324.996	101324.995	101324.993	101324.997	0.00343588619	0.00313654468	0	0	0	0	3
94	22	0	1.12777639	101324.996	101324.995	101324.993	101324.997	0.00343588619	0.00313654468	0	0	0	0	3
95	23	0	1.13977402	101324.996	101324.995	101324.993	101324.997	0.00343588619	0.00313654468	0	0	0	0	3
96	23	0	1.15177164	101324.995	101324.995	101324.993	101324.997	0.00343588619	0.00313654468	0	0	0	0	3
97	23	0	1.16376926	101324.994	101324.995	101324.993	101324.997	0.00343588619	0.00313654468	0	0	0	0	3
98	23	0	1.17576688	101324.994	101324.995	101324.993	101324.997	0.00343588619	0.00313654468	0	0	0	0	3
99	24	0	1.1877645	101324.994	101324.995	101324.993	101324.997	0.00343588619	0.00313654468	0	0	0	0	3
100	24	0	1.19976212	101324.995	101324.995	101324.993	101324.997	0.00343588619	0.00313654468	0	0	0	0	3
101	25	0	1.21175974	101324.995	101324.995	101324.993	101324.997	0.00343588619	0.00313654468	0	0	0	0	3
102	25	0	1.22375736	101324.996	101324.995	101324.993	101324.997	0.00343588619	0.00313654468	0	0	0	0	3
103	25	0	1.23575498	101324.996	101324.995	101324.993	101324.997	0.00343588619	0.00313654468	0	0	0	0	3
