Iteration	CPUTime	PhysTime	Travels	Value	AvValue	MinValue	MaxValue	Delta	Criteria	PrevAvRefValue	Progress	CriteriaType	CriteriaVarType	CriteriaPercentage
1	3	0	0.0120153542	2765.17832	2765.17832	2765.17832	2765.17832	0	0	0	0	0	0	3
2	4	0	0.0240307084	355.917492	1560.54791	355.917492	2765.17832	1204.63042	0	0	0	0	0	3
3	5	0	0.0360460626	160.478071	1093.85796	160.478071	2765.17832	1671.32036	0	0	0	0	0	3
4	6	0	0.0480614168	75.2125868	839.196618	75.2125868	2765.17832	1925.98171	0	0	0	0	0	3
5	6	0	0.060076771	128.697808	697.096856	75.2125868	2765.17832	2068.08147	0	0	0	0	0	3
6	7	0	0.0720921252	86.2927342	595.296169	75.2125868	2765.17832	2169.88215	0	0	0	0	0	3
7	8	0	0.0841074794	98.1002871	524.268186	75.2125868	2765.17832	2240.91014	0	0	0	0	0	3
8	8	0	0.0961228336	86.9831819	469.607561	75.2125868	2765.17832	2295.57076	0	0	0	0	0	3
9	9	0	0.108138188	100.756659	428.624127	75.2125868	2765.17832	2336.5542	0	0	0	0	0	3
10	10	0	0.120153542	80.5192374	393.813638	75.2125868	2765.17832	2371.36469	0	0	0	0	0	3
11	10	0	0.132168896	91.546758	366.334831	75.2125868	2765.17832	2398.84349	0	0	0	0	0	3
12	11	0	0.14418425	82.534794	342.684828	75.2125868	2765.17832	2422.4935	0	0	0	0	0	3
13	12	0	0.156199605	86.8932255	323.008551	75.2125868	2765.17832	2442.16977	0	0	0	0	0	3
14	12	0	0.168214959	79.3858448	305.606929	75.2125868	2765.17832	2459.5714	0	0	0	0	0	3
15	13	0	0.180230313	83.1290789	290.775072	75.2125868	2765.17832	2474.40325	0	0	0	0	0	3
16	14	0	0.192245667	82.8966862	277.782673	75.2125868	2765.17832	2487.39565	0	0	0	0	0	3
17	15	0	0.204261021	81.1729808	266.217397	75.2125868	2765.17832	2498.96093	0	0	0	0	0	3
18	15	0	0.216276376	82.6873423	256.021283	75.2125868	2765.17832	2509.15704	0	0	0	0	0	3
19	16	0	0.22829173	78.0616988	246.654989	75.2125868	2765.17832	2518.52333	0	0	0	0	0	3
20	17	0	0.240307084	82.5899382	238.451736	75.2125868	2765.17832	2526.72659	0	0	0	0	0	3
21	17	0	0.252322438	78.6700434	230.843084	75.2125868	2765.17832	2534.33524	0	0	0	0	0	3
22	18	0	0.264337792	81.6723896	224.062598	75.2125868	2765.17832	2541.11573	0	0	0	0	0	3
23	19	0	0.276353147	76.4795479	217.645944	75.2125868	2765.17832	2547.53238	0	0	0	0	0	3
24	20	0	0.288368501	79.2947131	211.881309	75.2125868	2765.17832	2553.29701	0	0	0	0	0	3
25	20	0	0.300383855	76.6880405	206.473578	75.2125868	2765.17832	2558.70475	0	0	0	0	0	3
26	21	0	0.312399209	78.7094854	201.559575	75.2125868	2765.17832	2563.61875	0	0	0	0	0	3
27	22	0	0.324414563	75.9411603	196.907041	75.2125868	2765.17832	2568.27128	0	0	0	0	0	3
28	23	0	0.336429918	77.6652453	192.648405	75.2125868	2765.17832	2572.52992	0	0	0	0	0	3
29	23	0	0.348445272	76.2246845	188.633794	75.2125868	2765.17832	2576.54453	0	0	0	0	0	3
30	24	0	0.360460626	78.8675474	184.97492	75.2125868	2765.17832	2580.2034	0	0	0	0	0	3
31	25	0	0.37247598	76.3572987	181.471125	75.2125868	2765.17832	2583.7072	0	0	0	0	0	3
32	25	0	0.384491334	77.3501985	178.217346	75.2125868	2765.17832	2586.96098	0	0	0	0	0	3
33	26	0	0.396506688	76.0342575	175.120889	75.2125868	2765.17832	2590.05743	0	0	0	0	0	3
34	27	0	0.408522043	77.3448838	172.245124	75.2125868	2765.17832	2592.9332	0	0	0	0	0	3
35	28	0	0.420537397	75.5985302	169.483793	75.2125868	2765.17832	2595.69453	0	0	0	0	0	3
36	29	0	0.432552751	75.8848482	166.883822	75.2125868	2765.17832	2598.2945	0	0	0	0	0	3
37	29	0	0.444568105	75.5746188	164.416006	75.2125868	2765.17832	2600.76232	0	0	0	0	0	3
38	30	0	0.456583459	77.2320821	162.121692	75.2125868	2765.17832	2603.05663	0	0	0	0	0	3
39	31	0	0.468598814	76.0218074	159.914003	75.2125868	2765.17832	2605.26432	0	0	0	0	0	3
40	32	0	0.480614168	76.5657105	157.830296	75.2125868	2765.17832	2607.34803	0	0	0	0	0	3
41	33	0	0.492629522	75.7557629	155.828478	75.2125868	2765.17832	2609.34985	0	0	0	0	0	3
42	33	0	0.504644876	76.4576908	153.938697	75.2125868	2765.17832	2611.23963	0	0	0	0	0	3
43	34	0	0.51666023	75.4534832	89.8976294	75.2125868	355.917492	280.704905	0	0	0	0	0	3
44	35	0	0.528675585	75.7100031	83.2260225	75.2125868	160.478071	85.2654839	0	0	0	0	0	3
45	36	0	0.540690939	74.7273292	81.1843382	74.7273292	128.697808	53.9704785	0	0	0	0	0	3
46	37	0	0.552706293	75.549071	81.1923497	74.7273292	128.697808	53.9704785	0	0	0	0	0	3
47	37	0	0.564721647	74.3473956	79.8982923	74.3473956	100.756659	26.4092633	0	0	0	0	0	3
48	38	0	0.576737001	75.0288905	79.6301055	74.3473956	100.756659	26.4092633	0	0	0	0	0	3
49	39	0	0.588752356	74.213899	79.061382	74.213899	100.756659	26.5427599	0	0	0	0	0	3
50	40	0	0.60076771	75.140994	78.7794251	74.213899	100.756659	26.5427599	0	0	0	0	0	3
51	41	0	0.612783064	74.3624257	78.150991	74.213899	91.546758	17.332859	0	0	0	0	0	3
52	41	0	0.624798418	74.7169389	78.0128411	74.213899	91.546758	17.332859	0	0	0	0	0	3
53	42	0	0.636813772	73.9395526	77.5936219	73.9395526	86.8932255	12.9536729	0	0	0	0	0	3
54	43	0	0.648829127	74.9689197	77.413482	73.9395526	86.8932255	12.9536729	0	0	0	0	0	3
55	44	0	0.660844481	73.807062	77.1019067	73.807062	83.1290789	9.32201688	0	0	0	0	0	3
56	44	0	0.672859835	74.3364055	76.9816819	73.807062	83.1290789	9.32201688	0	0	0	0	0	3
57	45	0	0.684875189	73.5633326	76.7539261	73.5633326	82.8966862	9.33335357	0	0	0	0	0	3
58	46	0	0.696890543	74.507286	76.5541785	73.5633326	82.6873423	9.12400965	0	0	0	0	0	3
59	47	0	0.708905898	73.4505844	76.3703119	73.4505844	82.6873423	9.23675787	0	0	0	0	0	3
60	48	0	0.720921252	74.0905333	76.165626	73.4505844	82.5899382	9.13935384	0	0	0	0	0	3
61	48	0	0.732936606	73.4489239	76.055798	73.4489239	82.5899382	9.14101437	0	0	0	0	0	3
62	49	0	0.74495196	74.3152233	75.858781	73.4489239	81.6723896	8.22346574	0	0	0	0	0	3
63	50	0	0.756967314	73.5382125	75.7365945	73.4489239	81.6723896	8.22346574	0	0	0	0	0	3
64	51	0	0.768982669	74.1442939	75.5573541	73.4489239	79.2947131	5.84578926	0	0	0	0	0	3
65	52	0	0.780998023	73.4301042	75.4847483	73.4301042	79.2947131	5.86460888	0	0	0	0	0	3
66	53	0	0.793013377	74.3148626	75.3661805	73.4301042	78.8675474	5.43744312	0	0	0	0	0	3
67	54	0	0.805028731	73.3417772	75.2865075	73.3417772	78.8675474	5.52577011	0	0	0	0	0	3
68	54	0	0.817044085	73.877348	75.1714566	73.3417772	78.8675474	5.52577011	0	0	0	0	0	3
69	55	0	0.82905944	73.1323666	75.1045806	73.1323666	78.8675474	5.73518076	0	0	0	0	0	3
70	56	0	0.841074794	74.1035251	75.0197777	73.1323666	78.8675474	5.73518076	0	0	0	0	0	3
71	57	0	0.853090148	73.1516356	74.9466099	73.1323666	78.8675474	5.73518076	0	0	0	0	0	3
72	57	0	0.865105502	73.9492441	74.8295074	73.1323666	77.3501985	4.21783191	0	0	0	0	0	3
73	58	0	0.877120856	73.3095247	74.7569414	73.1323666	77.3501985	4.21783191	0	0	0	0	0	3
74	59	0	0.889136211	74.2404555	74.6828999	73.1323666	77.3448838	4.21251719	0	0	0	0	0	3
75	60	0	0.901151565	73.4565293	74.6215254	73.1323666	77.3448838	4.21251719	0	0	0	0	0	3
76	60	0	0.913166919	74.1001956	74.5442709	73.1323666	77.2320821	4.09971555	0	0	0	0	0	3
77	61	0	0.925182273	73.3667871	74.4911342	73.1323666	77.2320821	4.09971555	0	0	0	0	0	3
78	62	0	0.937197627	74.3509578	74.454613	73.1323666	77.2320821	4.09971555	0	0	0	0	0	3
79	62	0	0.949212982	73.5773006	74.4070578	73.1323666	77.2320821	4.09971555	0	0	0	0	0	3
80	63	0	0.961228336	74.1307136	74.3332157	73.1323666	76.5657105	3.43334389	0	0	0	0	0	3
81	64	0	0.97324369	73.5094738	74.2733982	73.1323666	76.5657105	3.43334389	0	0	0	0	0	3
82	65	0	0.985259044	74.3664885	74.2210358	73.1323666	76.4576908	3.32532421	0	0	0	0	0	3
83	65	0	0.997274398	73.4396281	74.1658897	73.1323666	76.4576908	3.32532421	0	0	0	0	0	3
84	66	0	1.00928975	74.0959441	74.1096577	73.1323666	75.7100031	2.57763647	2.62037112	0	100	0	0	3
85	67	0	1.02130511	73.4503619	74.0619643	73.1323666	75.7100031	2.57763647	2.62037112	0	100	0	0	3
86	68	0	1.03332046	74.3032903	74.0284711	73.1323666	75.549071	2.41670441	2.62037112	0	100	0	0	3
87	68	0	1.04533582	73.526041	73.999869	73.1323666	75.549071	2.41670441	2.62037112	0	100	0	0	3
88	69	0	1.05735117	74.1218434	73.9658874	73.1323666	75.140994	2.00862745	2.62037112	0	100	0	0	3
89	70	0	1.06936652	73.4397403	73.9442766	73.1323666	75.140994	2.00862745	2.62037112	0	100	0	0	3
