Iteration	CPUTime	PhysTime	Travels	Value	AvValue	MinValue	MaxValue	Delta	Criteria	PrevAvRefValue	Progress	CriteriaType	CriteriaVarType	CriteriaPercentage
1	3	0	0.0120153542	2377.45983	2377.45983	2377.45983	2377.45983	0	0	0	0	0	0	3
2	4	0	0.0240307084	158.218718	1267.83927	158.218718	2377.45983	1109.62055	0	0	0	0	0	3
3	5	0	0.0360460626	66.2085792	867.295708	66.2085792	2377.45983	1510.16412	0	0	0	0	0	3
4	6	0	0.0480614168	21.0477163	655.73371	21.0477163	2377.45983	1721.72612	0	0	0	0	0	3
5	6	0	0.060076771	16.1587698	527.818722	16.1587698	2377.45983	1849.6411	0	0	0	0	0	3
6	7	0	0.0720921252	-37.722993	433.561769	-37.722993	2377.45983	1943.89806	0	0	0	0	0	3
7	8	0	0.0841074794	-39.9420632	365.918365	-39.9420632	2377.45983	2011.54146	0	0	0	0	0	3
8	8	0	0.0961228336	-70.9081276	311.315053	-70.9081276	2377.45983	2066.14477	0	0	0	0	0	3
9	9	0	0.108138188	-58.4728166	270.227512	-70.9081276	2377.45983	2107.23231	0	0	0	0	0	3
10	10	0	0.120153542	-87.8336273	234.421398	-87.8336273	2377.45983	2143.03843	0	0	0	0	0	3
11	10	0	0.132168896	-64.7233288	207.226423	-87.8336273	2377.45983	2170.2334	0	0	0	0	0	3
12	11	0	0.14418425	-85.2782862	182.851031	-87.8336273	2377.45983	2194.6088	0	0	0	0	0	3
13	12	0	0.156199605	-55.2288438	164.537194	-87.8336273	2377.45983	2212.92263	0	0	0	0	0	3
14	12	0	0.168214959	-80.896233	147.006235	-87.8336273	2377.45983	2230.45359	0	0	0	0	0	3
15	13	0	0.180230313	-52.1552951	133.7288	-87.8336273	2377.45983	2243.73103	0	0	0	0	0	3
16	14	0	0.192245667	-76.2609814	120.604438	-87.8336273	2377.45983	2256.85539	0	0	0	0	0	3
17	15	0	0.204261021	-54.6184852	110.297208	-87.8336273	2377.45983	2267.16262	0	0	0	0	0	3
18	15	0	0.216276376	-74.3366412	100.039771	-87.8336273	2377.45983	2277.42005	0	0	0	0	0	3
19	16	0	0.22829173	-60.3689972	91.5972047	-87.8336273	2377.45983	2285.86262	0	0	0	0	0	3
20	17	0	0.240307084	-69.9435351	83.5201677	-87.8336273	2377.45983	2293.93966	0	0	0	0	0	3
21	17	0	0.252322438	-63.1555273	76.5356108	-87.8336273	2377.45983	2300.92421	0	0	0	0	0	3
22	18	0	0.264337792	-68.3601133	69.9494415	-87.8336273	2377.45983	2307.51038	0	0	0	0	0	3
23	19	0	0.276353147	-66.4761843	64.0178926	-87.8336273	2377.45983	2313.44193	0	0	0	0	0	3
24	20	0	0.288368501	-66.6697696	58.5725733	-87.8336273	2377.45983	2318.88725	0	0	0	0	0	3
25	20	0	0.300383855	-67.1069444	53.5453926	-87.8336273	2377.45983	2323.91443	0	0	0	0	0	3
26	21	0	0.312399209	-66.7953023	48.9169043	-87.8336273	2377.45983	2328.54292	0	0	0	0	0	3
27	22	0	0.324414563	-67.4654391	44.6064472	-87.8336273	2377.45983	2332.85338	0	0	0	0	0	3
28	23	0	0.336429918	-65.2998994	40.6812205	-87.8336273	2377.45983	2336.77861	0	0	0	0	0	3
29	23	0	0.348445272	-64.5008004	37.0542543	-87.8336273	2377.45983	2340.40557	0	0	0	0	0	3
30	24	0	0.360460626	-62.5423698	33.7343668	-87.8336273	2377.45983	2343.72546	0	0	0	0	0	3
31	25	0	0.37247598	-63.4040386	30.6008699	-87.8336273	2377.45983	2346.85896	0	0	0	0	0	3
32	25	0	0.384491334	-62.646827	27.6868793	-87.8336273	2377.45983	2349.77295	0	0	0	0	0	3
33	26	0	0.396506688	-62.5012198	24.9539066	-87.8336273	2377.45983	2352.50592	0	0	0	0	0	3
34	27	0	0.408522043	-60.9027809	22.4287099	-87.8336273	2377.45983	2355.03112	0	0	0	0	0	3
35	28	0	0.420537397	-60.8266876	20.0499843	-87.8336273	2377.45983	2357.40984	0	0	0	0	0	3
36	29	0	0.432552751	-60.4537342	17.8137699	-87.8336273	2377.45983	2359.64606	0	0	0	0	0	3
37	29	0	0.444568105	-60.7019986	15.6917221	-87.8336273	2377.45983	2361.7681	0	0	0	0	0	3
38	30	0	0.456583459	-59.6591222	13.7088051	-87.8336273	2377.45983	2363.75102	0	0	0	0	0	3
39	31	0	0.468598814	-59.9718059	11.8195587	-87.8336273	2377.45983	2365.64027	0	0	0	0	0	3
40	32	0	0.480614168	-59.3290214	10.0408442	-87.8336273	2377.45983	2367.41898	0	0	0	0	0	3
41	33	0	0.492629522	-59.796209	8.33750144	-87.8336273	2377.45983	2369.12232	0	0	0	0	0	3
42	33	0	0.504644876	-59.4171187	6.7242962	-87.8336273	2377.45983	2370.73553	0	0	0	0	0	3
43	34	0	0.51666023	-59.8216399	-51.3062149	-87.8336273	158.218718	246.052345	0	0	0	0	0	3
44	35	0	0.528675585	-59.8737876	-56.4988936	-87.8336273	66.2085792	154.042207	0	0	0	0	0	3
45	36	0	0.540690939	-60.4296299	-59.514089	-87.8336273	21.0477163	108.881344	0	0	0	0	0	3
46	37	0	0.552706293	-60.1078232	-61.4463638	-87.8336273	16.1587698	103.992397	0	0	0	0	0	3
47	37	0	0.564721647	-60.5234414	-63.2721307	-87.8336273	-37.722993	50.1106343	0	0	0	0	0	3
48	38	0	0.576737001	-59.9803497	-63.8020678	-87.8336273	-39.9420632	47.8915641	0	0	0	0	0	3
49	39	0	0.588752356	-59.947122	-64.2783787	-87.8336273	-52.1552951	35.6783322	0	0	0	0	0	3
50	40	0	0.60076771	-59.3531255	-64.0032596	-87.8336273	-52.1552951	35.6783322	0	0	0	0	0	3
51	41	0	0.612783064	-59.5863915	-64.0297733	-87.8336273	-52.1552951	35.6783322	0	0	0	0	0	3
52	41	0	0.624798418	-59.4431656	-63.3538099	-85.2782862	-52.1552951	33.122991	0	0	0	0	0	3
53	42	0	0.636813772	-59.6099983	-63.232064	-85.2782862	-52.1552951	33.122991	0	0	0	0	0	3
54	43	0	0.648829127	-59.1853226	-62.6108029	-80.896233	-52.1552951	28.7409378	0	0	0	0	0	3
55	44	0	0.660844481	-59.3916822	-62.7099181	-80.896233	-52.1552951	28.7409378	0	0	0	0	0	3
56	44	0	0.672859835	-59.4113646	-62.1983737	-76.2609814	-52.1552951	24.1056862	0	0	0	0	0	3
57	45	0	0.684875189	-59.6102729	-62.3758731	-76.2609814	-54.6184852	21.6424962	0	0	0	0	0	3
58	46	0	0.696890543	-59.5050403	-61.9769221	-74.3366412	-54.6184852	19.718156	0	0	0	0	0	3
59	47	0	0.708905898	-60.2022059	-62.1098679	-74.3366412	-59.1853226	15.1513186	0	0	0	0	0	3
60	48	0	0.720921252	-60.2959479	-61.7755657	-69.9435351	-59.1853226	10.7582126	0	0	0	0	0	3
61	48	0	0.732936606	-60.3626275	-61.775414	-69.9435351	-59.1853226	10.7582126	0	0	0	0	0	3
62	49	0	0.74495196	-60.0610798	-61.5401174	-68.3601133	-59.1853226	9.17479072	0	0	0	0	0	3
63	50	0	0.756967314	-60.2787565	-61.4716229	-68.3601133	-59.1853226	9.17479072	0	0	0	0	0	3
64	51	0	0.768982669	-60.1465892	-61.2760628	-67.4654391	-59.1853226	8.28011654	0	0	0	0	0	3
65	52	0	0.780998023	-60.2747002	-61.1284084	-67.4654391	-59.1853226	8.28011654	0	0	0	0	0	3
66	53	0	0.793013377	-60.3308242	-60.9774811	-67.4654391	-59.1853226	8.28011654	0	0	0	0	0	3
67	54	0	0.805028731	-60.8658347	-60.8288833	-67.4654391	-59.1853226	8.28011654	0	0	0	0	0	3
68	54	0	0.817044085	-60.9666635	-60.6901062	-67.4654391	-59.1853226	8.28011654	0	0	0	0	0	3
69	55	0	0.82905944	-61.4502512	-60.5468874	-65.2998994	-59.1853226	6.11457686	0	0	0	0	0	3
70	56	0	0.841074794	-61.2810064	-60.4511995	-64.5008004	-59.1853226	5.31547777	0	0	0	0	0	3
71	57	0	0.853090148	-61.6276768	-60.3827918	-63.4040386	-59.1853226	4.21871606	0	0	0	0	0	3
72	57	0	0.865105502	-61.1605667	-60.3498917	-63.4040386	-59.1853226	4.21871606	0	0	0	0	0	3
73	58	0	0.877120856	-61.1849035	-60.2970552	-62.646827	-59.1853226	3.46150442	0	0	0	0	0	3
74	59	0	0.889136211	-60.7578723	-60.25208	-62.5012198	-59.1853226	3.31589722	0	0	0	0	0	3
75	60	0	0.901151565	-60.9033017	-60.2140344	-61.6276768	-59.1853226	2.44235422	0	0	0	0	0	3
76	60	0	0.913166919	-60.5620396	-60.2059215	-61.6276768	-59.1853226	2.44235422	0	0	0	0	0	3
77	61	0	0.925182273	-60.7610386	-60.2043584	-61.6276768	-59.1853226	2.44235422	0	0	0	0	0	3
78	62	0	0.937197627	-60.3147046	-60.2010482	-61.6276768	-59.1853226	2.44235422	0	0	0	0	0	3
79	62	0	0.949212982	-60.5749225	-60.1980226	-61.6276768	-59.1853226	2.44235422	0	0	0	0	0	3
80	63	0	0.961228336	-60.2891907	-60.2130242	-61.6276768	-59.1853226	2.44235422	0	0	0	0	0	3
81	64	0	0.97324369	-60.5958069	-60.2278814	-61.6276768	-59.1853226	2.44235422	0	0	0	0	0	3
82	65	0	0.985259044	-60.1817877	-60.2481853	-61.6276768	-59.1853226	2.44235422	0	0	0	0	0	3
83	65	0	0.997274398	-60.6474215	-60.2684523	-61.6276768	-59.1853226	2.44235422	0	0	0	0	0	3
84	66	0	1.00928975	-60.3140871	-60.2898087	-61.6276768	-59.1853226	2.44235422	4.6212662	0	100	0	0	3
85	67	0	1.02130511	-60.6272762	-60.3089905	-61.6276768	-59.1853226	2.44235422	4.6212662	0	100	0	0	3
86	68	0	1.03332046	-60.2390929	-60.3176882	-61.6276768	-59.1853226	2.44235422	4.6212662	0	100	0	0	3
87	68	0	1.04533582	-60.6533699	-60.3230154	-61.6276768	-59.1853226	2.44235422	4.6212662	0	100	0	0	3
88	69	0	1.05735117	-60.3740252	-60.3293535	-61.6276768	-59.1853226	2.44235422	4.6212662	0	100	0	0	3
89	70	0	1.06936652	-60.6694742	-60.3328305	-61.6276768	-59.1853226	2.44235422	4.6212662	0	100	0	0	3
