Iteration	CPUTime	PhysTime	Travels	Value	AvValue	MinValue	MaxValue	Delta	Criteria	PrevAvRefValue	Progress	CriteriaType	CriteriaVarType	CriteriaPercentage
1	3	0	0.0120153542	101326.736	101326.736	101326.736	101326.736	0	0	0	0	0	0	3
2	4	0	0.0240307084	101324.985	101325.861	101324.985	101326.736	0.875380835	0	0	0	0	0	3
3	5	0	0.0360460626	101325.104	101325.609	101324.985	101326.736	1.12770237	0	0	0	0	0	3
4	6	0	0.0480614168	101325.047	101325.468	101324.985	101326.736	1.26800099	0	0	0	0	0	3
5	6	0	0.060076771	101325.067	101325.388	101324.985	101326.736	1.34821834	0	0	0	0	0	3
6	7	0	0.0720921252	101325.041	101325.33	101324.985	101326.736	1.40602932	0	0	0	0	0	3
7	8	0	0.0841074794	101325.073	101325.293	101324.985	101326.736	1.44274822	0	0	0	0	0	3
8	8	0	0.0961228336	101325.046	101325.263	101324.985	101326.736	1.47371497	0	0	0	0	0	3
9	9	0	0.108138188	101325.074	101325.242	101324.985	101326.736	1.4946783	0	0	0	0	0	3
10	10	0	0.120153542	101325.043	101325.222	101324.985	101326.736	1.51452654	0	0	0	0	0	3
11	10	0	0.132168896	101325.069	101325.208	101324.985	101326.736	1.52839474	0	0	0	0	0	3
12	11	0	0.14418425	101325.039	101325.194	101324.985	101326.736	1.54243301	0	0	0	0	0	3
13	12	0	0.156199605	101325.066	101325.184	101324.985	101326.736	1.55227938	0	0	0	0	0	3
14	12	0	0.168214959	101325.035	101325.173	101324.985	101326.736	1.56295273	0	0	0	0	0	3
15	13	0	0.180230313	101325.063	101325.166	101324.985	101326.736	1.57032545	0	0	0	0	0	3
16	14	0	0.192245667	101325.033	101325.158	101324.985	101326.736	1.57865105	0	0	0	0	0	3
17	15	0	0.204261021	101325.05	101325.151	101324.985	101326.736	1.58497495	0	0	0	0	0	3
18	15	0	0.216276376	101325.033	101325.145	101324.985	101326.736	1.5915721	0	0	0	0	0	3
19	16	0	0.22829173	101325.043	101325.139	101324.985	101326.736	1.59693215	0	0	0	0	0	3
20	17	0	0.240307084	101325.036	101325.134	101324.985	101326.736	1.60209083	0	0	0	0	0	3
21	17	0	0.252322438	101325.042	101325.13	101324.985	101326.736	1.60648216	0	0	0	0	0	3
22	18	0	0.264337792	101325.041	101325.126	101324.985	101326.736	1.61051869	0	0	0	0	0	3
23	19	0	0.276353147	101325.04	101325.122	101324.985	101326.736	1.61422492	0	0	0	0	0	3
24	20	0	0.288368501	101325.039	101325.119	101324.985	101326.736	1.61769223	0	0	0	0	0	3
25	20	0	0.300383855	101325.037	101325.115	101324.985	101326.736	1.62096982	0	0	0	0	0	3
26	21	0	0.312399209	101325.034	101325.112	101324.985	101326.736	1.62410187	0	0	0	0	0	3
27	22	0	0.324414563	101325.026	101325.109	101324.985	101326.736	1.62728939	0	0	0	0	0	3
28	23	0	0.336429918	101325.016	101325.106	101324.985	101326.736	1.63061464	0	0	0	0	0	3
29	23	0	0.348445272	101325.008	101325.102	101324.985	101326.736	1.63397975	0	0	0	0	0	3
30	24	0	0.360460626	101325.002	101325.099	101324.985	101326.736	1.63732138	0	0	0	0	0	3
31	25	0	0.37247598	101324.996	101325.096	101324.985	101326.736	1.64063353	0	0	0	0	0	3
32	25	0	0.384491334	101324.992	101325.092	101324.985	101326.736	1.64387968	0	0	0	0	0	3
33	26	0	0.396506688	101324.989	101325.089	101324.985	101326.736	1.64700761	0	0	0	0	0	3
34	27	0	0.408522043	101324.989	101325.086	101324.985	101326.736	1.64994154	0	0	0	0	0	3
35	28	0	0.420537397	101324.99	101325.084	101324.985	101326.736	1.65267968	0	0	0	0	0	3
36	29	0	0.432552751	101324.993	101325.081	101324.985	101326.736	1.65520312	0	0	0	0	0	3
37	29	0	0.444568105	101324.997	101325.079	101324.985	101326.736	1.65747398	0	0	0	0	0	3
38	30	0	0.456583459	101325.002	101325.077	101324.985	101326.736	1.65950381	0	0	0	0	0	3
39	31	0	0.468598814	101325.004	101325.075	101324.985	101326.736	1.66137176	0	0	0	0	0	3
40	32	0	0.480614168	101325.005	101325.073	101324.985	101326.736	1.66313094	0	0	0	0	0	3
41	33	0	0.492629522	101325.005	101325.071	101324.985	101326.736	1.66479454	0	0	0	0	0	3
42	33	0	0.504644876	101325.004	101325.07	101324.985	101326.736	1.66640006	0	0	0	0	0	3
43	34	0	0.51666023	101325.004	101325.029	101324.985	101325.104	0.118416228	0	0	0	0	0	3
44	35	0	0.528675585	101325.003	101325.029	101324.989	101325.104	0.114756074	0	0	0	0	0	3
45	36	0	0.540690939	101325.003	101325.027	101324.989	101325.074	0.0847166003	0	0	0	0	0	3
46	37	0	0.552706293	101325.003	101325.026	101324.989	101325.074	0.0847166003	0	0	0	0	0	3
47	37	0	0.564721647	101325.003	101325.024	101324.989	101325.074	0.0847166003	0	0	0	0	0	3
48	38	0	0.576737001	101325.003	101325.023	101324.989	101325.074	0.0847166003	0	0	0	0	0	3
49	39	0	0.588752356	101325.004	101325.021	101324.989	101325.074	0.0847166003	0	0	0	0	0	3
50	40	0	0.60076771	101325.004	101325.02	101324.989	101325.074	0.0847166003	0	0	0	0	0	3
51	41	0	0.612783064	101325.005	101325.019	101324.989	101325.069	0.0800248181	0	0	0	0	0	3
52	41	0	0.624798418	101325.005	101325.018	101324.989	101325.069	0.0800248181	0	0	0	0	0	3
53	42	0	0.636813772	101325.005	101325.016	101324.989	101325.066	0.076665655	0	0	0	0	0	3
54	43	0	0.648829127	101325.004	101325.016	101324.989	101325.066	0.076665655	0	0	0	0	0	3
55	44	0	0.660844481	101325.003	101325.014	101324.989	101325.063	0.0735579255	0	0	0	0	0	3
56	44	0	0.672859835	101325.002	101325.013	101324.989	101325.063	0.0735579255	0	0	0	0	0	3
57	45	0	0.684875189	101325.001	101325.012	101324.989	101325.05	0.06094422	0	0	0	0	0	3
58	46	0	0.696890543	101325.001	101325.011	101324.989	101325.05	0.06094422	0	0	0	0	0	3
59	47	0	0.708905898	101325	101325.01	101324.989	101325.043	0.0536885732	0	0	0	0	0	3
60	48	0	0.720921252	101325	101325.009	101324.989	101325.043	0.0536885732	0	0	0	0	0	3
61	48	0	0.732936606	101324.999	101325.008	101324.989	101325.042	0.0527928069	0	0	0	0	0	3
62	49	0	0.74495196	101324.999	101325.007	101324.989	101325.042	0.0527928069	0	0	0	0	0	3
63	50	0	0.756967314	101324.998	101325.006	101324.989	101325.041	0.0518156399	0	0	0	0	0	3
64	51	0	0.768982669	101324.999	101325.005	101324.989	101325.04	0.0513395784	0	0	0	0	0	3
65	52	0	0.780998023	101324.999	101325.004	101324.989	101325.039	0.0496611826	0	0	0	0	0	3
66	53	0	0.793013377	101325	101325.003	101324.989	101325.037	0.0474696277	0	0	0	0	0	3
67	54	0	0.805028731	101324.999	101325.002	101324.989	101325.034	0.0446982392	0	0	0	0	0	3
68	54	0	0.817044085	101324.999	101325.001	101324.989	101325.026	0.0369366908	0	0	0	0	0	3
69	55	0	0.82905944	101324.999	101325.001	101324.989	101325.016	0.0267050253	0	0	0	0	0	3
70	56	0	0.841074794	101324.999	101325	101324.989	101325.008	0.0188988605	0	0	0	0	0	3
71	57	0	0.853090148	101324.999	101325	101324.989	101325.005	0.0157666288	0	0	0	0	0	3
72	57	0	0.865105502	101324.999	101325	101324.989	101325.005	0.0157666288	0	0	0	0	0	3
73	58	0	0.877120856	101324.999	101325	101324.989	101325.005	0.0157666288	0	0	0	0	0	3
74	59	0	0.889136211	101325	101325	101324.989	101325.005	0.0157666288	0	0	0	0	0	3
75	60	0	0.901151565	101325	101325.001	101324.989	101325.005	0.0154261739	0	0	0	0	0	3
76	60	0	0.913166919	101325	101325.001	101324.99	101325.005	0.0144414598	0	0	0	0	0	3
77	61	0	0.925182273	101325	101325.001	101324.993	101325.005	0.0121887802	0	0	0	0	0	3
78	62	0	0.937197627	101325	101325.001	101324.997	101325.005	0.00789007939	0	0	0	0	0	3
79	62	0	0.949212982	101325	101325.001	101324.998	101325.005	0.00666023085	0	0	0	0	0	3
80	63	0	0.961228336	101325	101325.001	101324.998	101325.005	0.00666023085	0	0	0	0	0	3
81	64	0	0.97324369	101325	101325.001	101324.998	101325.005	0.00666023085	0	0	0	0	0	3
82	65	0	0.985259044	101325	101325.001	101324.998	101325.005	0.00666023085	0	0	0	0	0	3
83	65	0	0.997274398	101324.999	101325.001	101324.998	101325.005	0.00666023085	0	0	0	0	0	3
84	66	0	1.00928975	101324.999	101325.001	101324.998	101325.005	0.00666023085	0.00344268221	0	0	0	0	3
85	67	0	1.02130511	101324.999	101325.001	101324.998	101325.005	0.00666023085	0.00344268221	0	0	0	0	3
86	68	0	1.03332046	101324.999	101325.001	101324.998	101325.005	0.00666023085	0.00344268221	0	0	0	0	3
87	68	0	1.04533582	101324.999	101325.001	101324.998	101325.005	0.00666023085	0.00344268221	0	0	0	0	3
88	69	0	1.05735117	101324.999	101325.001	101324.998	101325.005	0.00666023085	0.00344268221	0	0	0	0	3
89	70	0	1.06936652	101324.999	101325	101324.998	101325.005	0.00666023085	0.00344268221	0	0	0	0	3
