Iteration	CPUTime	PhysTime	Travels	Value	AvValue	MinValue	MaxValue	Delta	Criteria	PrevAvRefValue	Progress	CriteriaType	CriteriaVarType	CriteriaPercentage
1	3	0	0.0120018786	-1198.47156	-1198.47156	-1198.47156	-1198.47156	0	0	0	0	0	0	3
2	4	0	0.0240037573	-234.753946	-716.612751	-1198.47156	-234.753946	481.858805	0	0	0	0	0	3
3	4	0	0.0360056359	-183.752461	-538.992655	-1198.47156	-183.752461	659.478902	0	0	0	0	0	3
4	5	0	0.0480075146	-40.5332412	-414.377801	-1198.47156	-40.5332412	784.093755	0	0	0	0	0	3
5	6	0	0.0600093932	-116.628092	-354.827859	-1198.47156	-40.5332412	843.643697	0	0	0	0	0	3
6	7	0	0.0720112719	-103.722499	-312.976966	-1198.47156	-40.5332412	885.494591	0	0	0	0	0	3
7	7	0	0.0840131505	-125.941044	-286.257548	-1198.47156	-40.5332412	912.214008	0	0	0	0	0	3
8	8	0	0.0960150292	-123.882452	-265.960661	-1198.47156	-40.5332412	932.510895	0	0	0	0	0	3
9	9	0	0.108016908	-138.540031	-251.802814	-1198.47156	-40.5332412	946.668743	0	0	0	0	0	3
10	10	0	0.120018786	-134.277908	-240.050323	-1198.47156	-40.5332412	958.421234	0	0	0	0	0	3
11	10	0	0.132020665	-141.755085	-231.114392	-1198.47156	-40.5332412	967.357164	0	0	0	0	0	3
12	11	0	0.144022544	-135.31156	-223.130823	-1198.47156	-40.5332412	975.340734	0	0	0	0	0	3
13	12	0	0.156024422	-144.236293	-217.062013	-1198.47156	-40.5332412	981.409544	0	0	0	0	0	3
14	13	0	0.168026301	-139.214922	-211.501506	-1198.47156	-40.5332412	986.97005	0	0	0	0	0	3
15	13	0	0.18002818	-143.209777	-206.948724	-1198.47156	-40.5332412	991.522832	0	0	0	0	0	3
16	14	0	0.192030058	-146.023373	-203.14089	-1198.47156	-40.5332412	995.330667	0	0	0	0	0	3
17	15	0	0.204031937	-142.832568	-199.593342	-1198.47156	-40.5332412	998.878215	0	0	0	0	0	3
18	16	0	0.216033816	-144.24489	-196.518428	-1198.47156	-40.5332412	1001.95313	0	0	0	0	0	3
19	16	0	0.228035694	-145.039063	-193.808987	-1198.47156	-40.5332412	1004.66257	0	0	0	0	0	3
20	17	0	0.240037573	-144.029533	-191.320015	-1198.47156	-40.5332412	1007.15154	0	0	0	0	0	3
21	18	0	0.252039452	-144.68743	-189.099415	-1198.47156	-40.5332412	1009.37214	0	0	0	0	0	3
22	19	0	0.26404133	-142.475634	-186.980153	-1198.47156	-40.5332412	1011.4914	0	0	0	0	0	3
23	19	0	0.276043209	-144.193539	-185.119865	-1198.47156	-40.5332412	1013.35169	0	0	0	0	0	3
24	20	0	0.288045088	-143.702769	-183.394153	-1198.47156	-40.5332412	1015.0774	0	0	0	0	0	3
25	21	0	0.300046966	-142.236609	-181.747851	-1198.47156	-40.5332412	1016.72371	0	0	0	0	0	3
26	22	0	0.312048845	-140.541287	-180.162983	-1198.47156	-40.5332412	1018.30857	0	0	0	0	0	3
27	22	0	0.324050724	-140.344114	-178.68821	-1198.47156	-40.5332412	1019.78335	0	0	0	0	0	3
28	23	0	0.336052602	-140.615996	-177.328488	-1198.47156	-40.5332412	1021.14307	0	0	0	0	0	3
29	24	0	0.348054481	-141.373414	-176.088658	-1198.47156	-40.5332412	1022.3829	0	0	0	0	0	3
30	25	0	0.360056359	-140.773411	-174.911483	-1198.47156	-40.5332412	1023.56007	0	0	0	0	0	3
31	25	0	0.372058238	-142.041514	-173.851162	-1198.47156	-40.5332412	1024.6204	0	0	0	0	0	3
32	26	0	0.384060117	-141.580882	-172.842715	-1198.47156	-40.5332412	1025.62884	0	0	0	0	0	3
33	27	0	0.396061995	-141.797947	-171.901965	-1198.47156	-40.5332412	1026.56959	0	0	0	0	0	3
34	28	0	0.408063874	-141.41851	-171.005393	-1198.47156	-40.5332412	1027.46616	0	0	0	0	0	3
35	28	0	0.420065753	-141.573265	-170.164475	-1198.47156	-40.5332412	1028.30708	0	0	0	0	0	3
36	29	0	0.432067631	-140.213247	-169.332496	-1198.47156	-40.5332412	1029.13906	0	0	0	0	0	3
37	30	0	0.44406951	-140.227839	-168.545884	-1198.47156	-40.5332412	1029.92567	0	0	0	0	0	3
38	31	0	0.456071389	-139.702858	-167.786857	-1198.47156	-40.5332412	1030.6847	0	0	0	0	0	3
39	32	0	0.468073267	-139.499083	-167.061529	-1198.47156	-40.5332412	1031.41003	0	0	0	0	0	3
40	32	0	0.480075146	-140.003834	-166.385087	-1198.47156	-40.5332412	1032.08647	0	0	0	0	0	3
41	33	0	0.492077025	-140.037968	-165.742474	-1198.47156	-40.5332412	1032.72908	0	0	0	0	0	3
42	34	0	0.504078903	-139.867091	-165.126394	-1198.47156	-40.5332412	1033.34516	0	0	0	0	0	3
43	35	0	0.516080782	-139.398944	-139.910379	-234.753946	-40.5332412	194.220705	0	0	0	0	0	3
44	36	0	0.528082661	-139.019524	-137.630988	-183.752461	-40.5332412	143.21922	0	0	0	0	0	3
45	37	0	0.540084539	-138.486082	-136.553217	-146.023373	-40.5332412	105.490132	0	0	0	0	0	3
46	37	0	0.552086418	-138.404397	-138.883483	-146.023373	-103.722499	42.3008746	0	0	0	0	0	3
47	38	0	0.564088296	-138.24752	-139.398231	-146.023373	-103.722499	42.3008746	0	0	0	0	0	3
48	39	0	0.576090175	-138.020256	-140.214844	-146.023373	-123.882452	22.1409211	0	0	0	0	0	3
49	40	0	0.588092054	-137.631569	-140.49319	-146.023373	-123.882452	22.1409211	0	0	0	0	0	3
50	41	0	0.600093932	-138.133982	-140.832512	-146.023373	-134.277908	11.7454657	0	0	0	0	0	3
51	41	0	0.612095811	-137.814721	-140.815243	-146.023373	-134.277908	11.7454657	0	0	0	0	0	3
52	42	0	0.62409769	-138.297995	-140.910959	-146.023373	-135.31156	10.7118137	0	0	0	0	0	3
53	43	0	0.636099568	-138.561783	-140.834928	-146.023373	-135.31156	10.7118137	0	0	0	0	0	3
54	44	0	0.648101447	-138.592569	-140.913048	-146.023373	-137.631569	8.39180408	0	0	0	0	0	3
55	45	0	0.660103326	-138.702861	-140.781299	-146.023373	-137.631569	8.39180408	0	0	0	0	0	3
56	45	0	0.672105204	-139.062021	-140.777659	-146.023373	-137.631569	8.39180408	0	0	0	0	0	3
57	46	0	0.684107083	-139.107491	-140.679985	-146.023373	-137.631569	8.39180408	0	0	0	0	0	3
58	47	0	0.696108962	-139.52482	-140.525258	-145.039063	-137.631569	7.40749361	0	0	0	0	0	3
59	48	0	0.70811084	-138.970901	-140.433313	-145.039063	-137.631569	7.40749361	0	0	0	0	0	3
60	49	0	0.720112719	-139.337128	-140.316462	-145.039063	-137.631569	7.40749361	0	0	0	0	0	3
61	49	0	0.732114598	-138.518805	-140.161218	-144.68743	-137.631569	7.05586034	0	0	0	0	0	3
62	50	0	0.744116476	-138.993368	-140.041309	-144.68743	-137.631569	7.05586034	0	0	0	0	0	3
63	51	0	0.756118355	-138.142554	-139.885479	-144.193539	-137.631569	6.56196944	0	0	0	0	0	3
64	52	0	0.768120234	-138.233257	-139.78447	-144.193539	-137.631569	6.56196944	0	0	0	0	0	3
65	52	0	0.780122112	-137.965104	-139.636174	-143.702769	-137.631569	6.07119923	0	0	0	0	0	3
66	53	0	0.792123991	-137.953876	-139.499295	-142.236609	-137.631569	4.60503955	0	0	0	0	0	3
67	54	0	0.804125869	-138.364857	-139.407111	-142.041514	-137.631569	4.40994417	0	0	0	0	0	3
68	55	0	0.816127748	-138.706665	-139.363429	-142.041514	-137.631569	4.40994417	0	0	0	0	0	3
69	56	0	0.828129627	-138.802365	-139.326721	-142.041514	-137.631569	4.40994417	0	0	0	0	0	3
70	56	0	0.840131505	-138.833765	-139.284287	-142.041514	-137.631569	4.40994417	0	0	0	0	0	3
71	57	0	0.852133384	-139.162232	-139.23164	-142.041514	-137.631569	4.40994417	0	0	0	0	0	3
72	58	0	0.864135263	-139.201767	-139.194219	-142.041514	-137.631569	4.40994417	0	0	0	0	0	3
73	59	0	0.876137141	-139.382995	-139.130921	-141.797947	-137.631569	4.16637736	0	0	0	0	0	3
74	59	0	0.88813902	-138.709817	-139.062563	-141.797947	-137.631569	4.16637736	0	0	0	0	0	3
75	60	0	0.900140899	-138.624364	-138.987001	-141.573265	-137.631569	3.94169526	0	0	0	0	0	3
76	61	0	0.912142777	-138.18041	-138.909904	-141.573265	-137.631569	3.94169526	0	0	0	0	0	3
77	62	0	0.924144656	-137.913105	-138.822757	-140.227839	-137.631569	2.59626979	0	0	0	0	0	3
78	62	0	0.936146535	-137.412656	-138.756076	-140.227839	-137.412656	2.81518292	0	0	0	0	0	3
79	63	0	0.948148413	-137.726675	-138.696525	-140.037968	-137.412656	2.62531129	0	0	0	0	0	3
80	64	0	0.960150292	-137.532779	-138.644856	-140.037968	-137.412656	2.62531129	0	0	0	0	0	3
81	65	0	0.972152171	-138.016543	-138.609558	-140.037968	-137.412656	2.62531129	0	0	0	0	0	3
82	66	0	0.984154049	-137.855243	-138.558401	-140.037968	-137.412656	2.62531129	0	0	0	0	0	3
83	66	0	0.996155928	-138.344419	-138.518078	-139.867091	-137.412656	2.45443447	0	0	0	0	0	3
84	67	0	1.00815781	-137.948175	-138.47239	-139.52482	-137.412656	2.11216368	4.2965766	0	100	0	0	3
85	68	0	1.02015969	-138.096945	-138.44139	-139.52482	-137.412656	2.11216368	4.2965766	0	100	0	0	3
86	68	0	1.03216156	-137.897656	-138.414678	-139.52482	-137.412656	2.11216368	4.2965766	0	100	0	0	3
87	69	0	1.04416344	-138.088766	-138.405218	-139.52482	-137.412656	2.11216368	4.2965766	0	100	0	0	3
88	70	0	1.05616532	-137.820934	-138.391327	-139.52482	-137.412656	2.11216368	4.2965766	0	100	0	0	3
89	71	0	1.0681672	-138.485658	-138.396996	-139.52482	-137.412656	2.11216368	4.2965766	0	100	0	0	3
90	72	0	1.08016908	-138.507076	-138.408587	-139.52482	-137.412656	2.11216368	4.2965766	0	100	0	0	3
91	72	0	1.09217096	-138.735233	-138.434865	-139.52482	-137.412656	2.11216368	4.2965766	0	100	0	0	3
92	73	0	1.10417284	-138.186882	-138.436125	-139.52482	-137.412656	2.11216368	4.2965766	0	100	0	0	3
93	74	0	1.11617471	-138.508653	-138.452647	-139.52482	-137.412656	2.11216368	4.2965766	0	100	0	0	3
94	74	0	1.12817659	-137.810959	-138.441051	-139.52482	-137.412656	2.11216368	4.2965766	0	100	0	0	3
95	75	0	1.14017847	-138.412671	-138.4375	-139.52482	-137.412656	2.11216368	4.2965766	0	100	0	0	3
96	76	0	1.15218035	-137.902631	-138.421073	-139.52482	-137.412656	2.11216368	4.2965766	0	100	0	0	3
97	77	0	1.16418223	-138.184798	-138.408739	-139.52482	-137.412656	2.11216368	4.2965766	0	100	0	0	3
98	78	0	1.17618411	-138.222752	-138.388756	-139.52482	-137.412656	2.11216368	4.2965766	0	100	0	0	3
99	78	0	1.18818599	-138.632649	-138.37745	-139.52482	-137.412656	2.11216368	4.2965766	0	100	0	0	3
100	79	0	1.20018786	-138.412473	-138.350966	-139.382995	-137.412656	1.97033896	4.2965766	0	100	0	0	3
101	81	0	1.21218974	-138.509927	-138.33999	-139.382995	-137.412656	1.97033896	4.2965766	0	100	0	0	3
102	82	0	1.22419162	-138.004151	-138.308253	-139.382995	-137.412656	1.85296509	4.2965766	0	100	0	0	3
103	83	0	1.2361935	-138.511387	-138.308076	-139.382995	-137.412656	1.73323302	4.2965766	0	100	0	0	3
104	83	0	1.24819538	-138.138066	-138.287712	-139.382995	-137.412656	1.59776697	4.2965766	0	100	0	0	3
105	84	0	1.26019726	-137.986148	-138.283988	-139.382995	-137.412656	1.50048193	4.2965766	0	100	0	0	3
106	85	0	1.27219914	-138.00068	-138.27845	-139.382995	-137.412656	1.3577234	4.2965766	0	100	0	0	3
107	86	0	1.28420102	-138.345736	-138.287513	-139.382995	-137.412656	1.22084501	4.2965766	0	100	0	0	3
108	87	0	1.29620289	-138.197858	-138.293322	-139.382995	-137.412656	1.12866043	4.2965766	0	100	0	0	3
109	88	0	1.30820477	-138.249124	-138.290566	-139.382995	-137.412656	1.08497896	4.2965766	0	100	0	0	3
110	88	0	1.32020665	-138.045788	-138.274831	-139.382995	-137.412656	1.05188957	4.2965766	0	100	0	0	3
111	89	0	1.33220853	-138.695313	-138.272282	-139.382995	-137.412656	1.01200434	4.2965766	0	100	0	0	3
112	90	0	1.34421041	-138.342406	-138.260583	-139.382995	-137.412656	0.971056176	4.2965766	0	100	0	0	3
113	91	0	1.35621229	-138.351008	-138.241268	-139.382995	-137.412656	0.952950959	4.2965766	0	100	0	0	3
114	92	0	1.36821417	-138.409297	-138.2224	-139.382995	-137.412656	0.908521235	4.2965766	0	100	0	0	3
115	93	0	1.38021604	-138.535004	-138.20221	-138.735233	-137.412656	0.860352808	4.2965766	0	100	0	0	3
116	93	0	1.39221792	-138.735669	-138.202825	-138.735669	-137.412656	0.78479131	4.2965766	0	100	0	0	3
117	94	0	1.4042198	-138.921517	-138.2099	-138.921517	-137.412656	0.707693685	4.2965766	0	100	0	0	3
