Iteration	CPUTime	PhysTime	Travels	Value	AvValue	MinValue	MaxValue	Delta	Criteria	PrevAvRefValue	Progress	CriteriaType	CriteriaVarType	CriteriaPercentage
1	3	0	0.0120040373	6.98447757	6.98447757	6.98447757	6.98447757	0	0	0	0	0	0	3
2	4	0	0.0240080746	3.65599222	5.3202349	3.65599222	6.98447757	1.66424268	0	0	0	0	0	3
3	5	0	0.036012112	4.51206785	5.05084588	3.65599222	6.98447757	1.93363169	0	0	0	0	0	3
4	6	0	0.0480161493	17.9210804	8.26840452	3.65599222	17.9210804	3.21755863	0	0	0	0	0	3
5	7	0	0.0600201866	10.0530027	8.62532416	3.65599222	17.9210804	3.57447828	0	0	0	0	0	3
6	8	0	0.0720242239	7.52901154	8.44260539	3.65599222	17.9210804	3.57447828	0	0	0	0	0	3
7	8	0	0.0840282612	13.5974222	9.17900779	3.65599222	17.9210804	4.12816191	0	0	0	0	0	3
8	9	0	0.0960322986	5.52111757	8.72177152	3.65599222	17.9210804	4.12816191	0	0	0	0	0	3
9	10	0	0.108036336	15.9309013	9.52278594	3.65599222	17.9210804	4.47194005	0	0	0	0	0	3
10	11	0	0.120040373	6.88896023	9.25940337	3.65599222	17.9210804	4.47194005	0	0	0	0	0	3
11	12	0	0.132044411	10.8190474	9.40118919	3.65599222	17.9210804	4.47194005	0	0	0	0	0	3
12	13	0	0.144048448	12.3245543	9.64480295	3.65599222	17.9210804	4.59395707	0	0	0	0	0	3
13	14	0	0.156052485	22.6378027	10.6442645	3.65599222	22.6378027	5.59341859	0	0	0	0	0	3
14	15	0	0.168056522	15.5961153	10.9979681	3.65599222	22.6378027	5.94712222	0	0	0	0	0	3
15	16	0	0.18006056	29.9899288	12.2640988	3.65599222	29.9899288	7.21325293	0	0	0	0	0	3
16	17	0	0.192064597	14.9695097	12.433187	3.65599222	29.9899288	7.38234111	0	0	0	0	0	3
17	18	0	0.204068634	12.7625085	12.4525589	3.65599222	29.9899288	7.40171297	0	0	0	0	0	3
18	18	0	0.216072672	7.61547018	12.1838317	3.65599222	29.9899288	7.40171297	0	0	0	0	0	3
19	19	0	0.228076709	7.92069805	11.9594562	3.65599222	29.9899288	7.40171297	0	0	0	0	0	3
20	20	0	0.240080746	9.83523705	11.8532453	3.65599222	29.9899288	7.40171297	0	0	0	0	0	3
21	21	0	0.252084784	11.7914473	11.8503025	3.65599222	29.9899288	7.40171297	0	0	0	0	0	3
22	22	0	0.264088821	11.8915368	11.8521768	3.65599222	29.9899288	7.40171297	0	0	0	0	0	3
23	23	0	0.276092858	13.0587315	11.9046357	3.65599222	29.9899288	7.40171297	0	0	0	0	0	3
24	24	0	0.288096896	12.1162999	11.9134551	3.65599222	29.9899288	7.40171297	0	0	0	0	0	3
25	25	0	0.300100933	12.7456935	11.9467446	3.65599222	29.9899288	7.40171297	0	0	0	0	0	3
26	26	0	0.31210497	11.3850319	11.9251403	3.65599222	29.9899288	7.40171297	0	0	0	0	0	3
27	27	0	0.324109008	11.5845497	11.9125258	3.65599222	29.9899288	7.40171297	0	0	0	0	0	3
28	28	0	0.336113045	10.8942131	11.8761575	3.65599222	29.9899288	7.40171297	0	0	0	0	0	3
29	29	0	0.348117082	11.1347705	11.8505924	3.65599222	29.9899288	7.40171297	0	0	0	0	0	3
30	30	0	0.36012112	10.4626467	11.8043276	3.65599222	29.9899288	7.40171297	0	0	0	0	0	3
31	31	0	0.372125157	10.7439705	11.7701225	3.65599222	29.9899288	7.40171297	0	0	0	0	0	3
32	32	0	0.384129194	9.41957776	11.696668	3.65599222	29.9899288	7.40171297	0	0	0	0	0	3
33	33	0	0.396133232	9.49304811	11.6298916	3.65599222	29.9899288	7.40171297	0	0	0	0	0	3
34	34	0	0.408137269	8.38880679	11.5345656	3.65599222	29.9899288	7.40171297	0	0	0	0	0	3
35	34	0	0.420141306	8.90241842	11.4593614	3.65599222	29.9899288	7.40171297	0	0	0	0	0	3
36	35	0	0.432145344	7.96715039	11.3623555	3.65599222	29.9899288	7.40171297	0	0	0	0	0	3
37	36	0	0.444149381	8.42853555	11.2830631	3.65599222	29.9899288	7.40171297	0	0	0	0	0	3
38	37	0	0.456153418	7.40445484	11.1809944	3.65599222	29.9899288	7.40171297	0	0	0	0	0	3
39	38	0	0.468157455	8.00152536	11.0994696	3.65599222	29.9899288	7.40171297	0	0	0	0	0	3
40	39	0	0.480161493	7.0524452	10.998294	3.65599222	29.9899288	7.40171297	0	0	0	0	0	3
41	40	0	0.49216553	7.50559856	10.9131063	3.65599222	29.9899288	7.40171297	0	0	0	0	0	3
42	41	0	0.504169567	7.02857248	10.8206174	3.65599222	29.9899288	7.40171297	0	0	0	0	0	3
43	42	0	0.516173605	7.50834899	10.8330905	3.65599222	29.9899288	7.40171297	0	0	0	0	0	3
44	43	0	0.528177642	7.12467984	10.9156783	4.51206785	29.9899288	7.40171297	0	0	0	0	0	3
45	44	0	0.540181679	7.47849804	10.9863076	5.52111757	29.9899288	4.18415434	0	0	0	0	0	3
46	45	0	0.552185717	7.18519742	10.7306914	5.52111757	29.9899288	4.00995346	0	0	0	0	0	3
47	46	0	0.564189754	7.4728238	10.6692585	5.52111757	29.9899288	4.00995346	0	0	0	0	0	3
48	47	0	0.576193791	6.94821554	10.65543	5.52111757	29.9899288	3.73078734	0	0	0	0	0	3
49	48	0	0.588197829	7.49696168	10.510181	5.52111757	29.9899288	3.73078734	0	0	0	0	0	3
50	49	0	0.600201866	6.87493235	10.5424147	6.87493235	29.9899288	3.19315549	0	0	0	0	0	3
51	50	0	0.612205903	7.12574595	10.3327681	6.87493235	29.9899288	3.19315549	0	0	0	0	0	3
52	51	0	0.624209941	6.66259893	10.3273786	6.66259893	29.9899288	3.05136966	0	0	0	0	0	3
53	52	0	0.636213978	7.25903812	10.2426164	6.66259893	29.9899288	2.8077559	0	0	0	0	0	3
54	53	0	0.648218015	6.76667543	10.110286	6.66259893	29.9899288	2.34227287	0	0	0	0	0	3
55	53	0	0.660222053	7.37984572	9.74700129	6.66259893	29.9899288	2.70555756	0	0	0	0	0	3
56	54	0	0.67222609	7.01873198	9.54277788	6.66259893	29.9899288	2.90978097	0	0	0	0	0	3
57	55	0	0.684230127	7.32775002	9.0032022	6.66259893	14.9695097	3.44935666	0	0	0	0	0	3
58	56	0	0.696234165	6.94612719	8.81216928	6.66259893	13.0587315	3.64038957	0	0	0	0	0	3
59	57	0	0.708238202	7.37832619	8.68397446	6.66259893	13.0587315	3.49985724	0	0	0	0	0	3
60	58	0	0.720242239	7.04085658	8.67029319	6.66259893	13.0587315	3.28916306	0	0	0	0	0	3
61	59	0	0.732246277	7.40262561	8.65795813	6.66259893	13.0587315	3.28878646	0	0	0	0	0	3
62	60	0	0.744250314	6.87609499	8.58750236	6.66259893	13.0587315	3.35924223	0	0	0	0	0	3
63	61	0	0.756254351	7.19318533	8.47801994	6.66259893	13.0587315	3.46872466	0	0	0	0	0	3
64	62	0	0.768258388	7.07160079	8.36325955	6.66259893	13.0587315	3.58348504	0	0	0	0	0	3
65	62	0	0.780262426	7.31416886	8.22648425	6.66259893	12.7456935	3.72026034	0	0	0	0	0	3
66	63	0	0.792266463	6.9305757	8.10301463	6.66259893	12.7456935	3.84372996	0	0	0	0	0	3
67	64	0	0.8042705	7.31103152	7.97361792	6.66259893	11.5845497	3.95152234	0	0	0	0	0	3
68	65	0	0.816274538	6.95512911	7.86814404	6.66259893	11.5845497	4.04438175	0	0	0	0	0	3
69	66	0	0.828278575	7.29841025	7.7660931	6.66259893	11.1347705	4.11006438	0	0	0	0	0	3
70	67	0	0.840282612	7.11250965	7.67605254	6.66259893	11.1347705	4.17453987	0	0	0	0	0	3
71	68	0	0.85228665	7.39947572	7.58711695	6.66259893	10.7439705	4.0813716	0	0	0	0	0	3
72	69	0	0.864290687	7.00723766	7.50484531	6.66259893	10.7439705	4.0813716	0	0	0	0	0	3
73	70	0	0.876294724	7.48158654	7.4271695	6.66259893	9.49304811	2.83044918	0	0	0	0	0	3
74	70	0	0.888298762	6.99980611	7.36955589	6.66259893	9.49304811	2.83044918	0	0	0	0	0	3
75	71	0	0.900302799	7.12285631	7.31312275	6.66259893	8.90241842	2.23981949	0	0	0	0	0	3
76	72	0	0.912306836	6.7919999	7.27510354	6.66259893	8.90241842	2.23981949	0	0	0	0	0	3
77	73	0	0.924310874	7.18099332	7.23411723	6.66259893	8.42853555	1.76593662	0	0	0	0	0	3
78	74	0	0.936314911	6.75568432	7.2052728	6.66259893	8.42853555	1.76593662	0	0	0	0	0	3
79	75	0	0.948318948	7.13059459	7.17436944	6.66259893	8.00152536	1.33892644	0	0	0	0	0	3
80	76	0	0.960322986	6.83078469	7.16071063	6.66259893	8.00152536	1.33892644	0	0	0	0	0	3
81	77	0	0.972327023	7.03281461	7.13764609	6.66259893	7.50834899	0.84575006	0	0	0	0	0	3
82	78	0	0.98433106	6.81123322	7.13190294	6.66259893	7.50834899	0.84575006	0	0	0	0	0	3
83	78	0	0.996335098	7.08079115	7.12178848	6.66259893	7.50834899	0.84575006	0	0	0	0	0	3
84	79	0	1.00833913	6.95987783	7.12015289	6.66259893	7.50834899	0.84575006	0.764335829	0	90.3	0	0	3
85	80	0	1.02034317	7.11791864	7.11085693	6.66259893	7.49696168	0.83436275	0.764335829	0	91.6	0	0	3
86	81	0	1.03234721	7.02660244	7.10852176	6.66259893	7.49696168	0.83436275	0.764335829	0	91.6	0	0	3
87	82	0	1.04435125	7.14061967	7.10047703	6.66259893	7.49696168	0.83436275	0.764335829	0	91.6	0	0	3
88	83	0	1.05635528	6.87701793	7.09313943	6.66259893	7.49696168	0.83436275	0.764335829	0	91.6	0	0	3
89	84	0	1.06835932	7.09431116	7.08412722	6.66259893	7.49696168	0.83436275	0.764335829	0	91.6	0	0	3
90	85	0	1.08036336	6.73490802	7.07904847	6.66259893	7.49696168	0.83436275	0.764335829	0	91.6	0	0	3
91	86	0	1.0923674	6.86815129	7.0640768	6.66259893	7.48158654	0.818987613	0.764335829	0	93.3	0	0	3
92	87	0	1.10437143	6.94836021	7.06582508	6.66259893	7.48158654	0.818987613	0.764335829	0	93.3	0	0	3
93	88	0	1.11637547	7.11232481	7.06550553	6.66259893	7.48158654	0.818987613	0.764335829	0	93.3	0	0	3
94	88	0	1.12837951	7.11493835	7.07627551	6.73490802	7.48158654	0.746678523	0.764335829	0	100	0	0	3
95	89	0	1.14038355	7.28746114	7.07695225	6.73490802	7.48158654	0.746678523	0.764335829	0	100	0	0	3
96	90	0	1.15238758	7.06311803	7.08401041	6.73490802	7.48158654	0.746678523	0.764335829	0	100	0	0	3
97	91	0	1.16439162	7.25117408	7.0809468	6.73490802	7.48158654	0.746678523	0.764335829	0	100	0	0	3
98	92	0	1.17639566	7.0374334	7.08139207	6.73490802	7.48158654	0.746678523	0.764335829	0	100	0	0	3
99	93	0	1.18839969	7.22214941	7.07887777	6.73490802	7.48158654	0.746678523	0.764335829	0	100	0	0	3
100	94	0	1.20040373	6.8689191	7.07703948	6.73490802	7.48158654	0.746678523	0.764335829	0	100	0	0	3
101	95	0	1.21240777	7.02747578	7.0686859	6.73490802	7.48158654	0.746678523	0.764335829	0	100	0	0	3
102	96	0	1.22441181	6.90945552	7.0655573	6.73490802	7.48158654	0.746678523	0.764335829	0	100	0	0	3
103	97	0	1.23641584	7.2400242	7.06168584	6.73490802	7.48158654	0.746678523	0.764335829	0	100	0	0	3
104	98	0	1.24841988	7.15078976	7.06822619	6.73490802	7.48158654	0.746678523	0.764335829	0	100	0	0	3
105	99	0	1.26042392	7.31989684	7.07124313	6.73490802	7.48158654	0.746678523	0.764335829	0	100	0	0	3
106	100	0	1.27242796	7.14201919	7.07291976	6.73490802	7.48158654	0.746678523	0.764335829	0	100	0	0	3
107	101	0	1.28443199	7.36416442	7.07411013	6.73490802	7.48158654	0.746678523	0.764335829	0	100	0	0	3
108	101	0	1.29643603	6.9782695	7.0752457	6.73490802	7.48158654	0.746678523	0.764335829	0	100	0	0	3
109	102	0	1.30844007	7.27399894	7.07436397	6.73490802	7.48158654	0.746678523	0.764335829	0	100	0	0	3
110	103	0	1.32044411	6.89744281	7.07299049	6.73490802	7.48158654	0.704407259	0.764335829	0	100	0	0	3
111	104	0	1.33244814	7.07115512	7.06757965	6.73490802	7.48158654	0.614366702	0.764335829	0	100	0	0	3
112	105	0	1.34445218	7.02038972	7.06538632	6.73490802	7.48158654	0.525431111	0.764335829	0	100	0	0	3
113	106	0	1.35645622	7.0894949	7.05800582	6.73490802	7.48158654	0.446839484	0.764335829	0	100	0	0	3
114	107	0	1.36846025	6.96201426	7.05692908	6.73490802	7.48158654	0.370240423	0.764335829	0	100	0	0	3
115	108	0	1.38046429	7.23788536	7.05112667	6.73490802	7.36416442	0.318429221	0.764335829	0	100	0	0	3
116	109	0	1.39246833	7.19260977	7.05571723	6.73490802	7.36416442	0.261996083	0.764335829	0	100	0	0	3
117	109	0	1.40447237	7.37350327	7.06168502	6.73490802	7.37350327	0.223976871	0.764335829	0	100	0	0	3
118	110	0	1.4164764	6.99079437	7.06641822	6.73490802	7.37350327	0.182990559	0.764335829	0	100	0	0	3
