Iteration	CPUTime	PhysTime	Travels	Value	AvValue	MinValue	MaxValue	Delta	Criteria	PrevAvRefValue	Progress	CriteriaType	CriteriaVarType	CriteriaPercentage
1	3	0	0.0120040373	-2662.58573	-2662.58573	-2662.58573	-2662.58573	0	0	0	0	0	0	3
2	4	0	0.0240080746	-347.457004	-1505.02137	-2662.58573	-347.457004	1157.56436	0	0	0	0	0	3
3	5	0	0.036012112	-162.032021	-1057.35825	-2662.58573	-162.032021	1605.22748	0	0	0	0	0	3
4	6	0	0.0480161493	-101.091758	-818.291627	-2662.58573	-101.091758	1844.2941	0	0	0	0	0	3
5	7	0	0.0600201866	-105.047627	-675.642827	-2662.58573	-101.091758	1986.9429	0	0	0	0	0	3
6	8	0	0.0720242239	-83.1593293	-576.895578	-2662.58573	-83.1593293	2085.69015	0	0	0	0	0	3
7	8	0	0.0840282612	-84.2822342	-506.522243	-2662.58573	-83.1593293	2156.06348	0	0	0	0	0	3
8	9	0	0.0960322986	-71.9376461	-452.199168	-2662.58573	-71.9376461	2210.38656	0	0	0	0	0	3
9	10	0	0.108036336	-72.8214529	-410.046089	-2662.58573	-71.9376461	2252.53964	0	0	0	0	0	3
10	11	0	0.120040373	-66.0668456	-375.648164	-2662.58573	-66.0668456	2286.93756	0	0	0	0	0	3
11	12	0	0.132044411	-67.5279382	-347.637235	-2662.58573	-66.0668456	2314.94849	0	0	0	0	0	3
12	13	0	0.144048448	-64.7077676	-324.059779	-2662.58573	-64.7077676	2338.52595	0	0	0	0	0	3
13	14	0	0.156052485	-67.2424085	-304.304597	-2662.58573	-64.7077676	2358.28113	0	0	0	0	0	3
14	15	0	0.168056522	-63.9155551	-287.133951	-2662.58573	-63.9155551	2375.45178	0	0	0	0	0	3
15	16	0	0.18006056	-66.7696069	-272.442995	-2662.58573	-63.9155551	2390.14273	0	0	0	0	0	3
16	17	0	0.192064597	-61.5538046	-259.26242	-2662.58573	-61.5538046	2403.32331	0	0	0	0	0	3
17	18	0	0.204068634	-62.6725819	-247.698312	-2662.58573	-61.5538046	2414.88741	0	0	0	0	0	3
18	18	0	0.216072672	-59.8858257	-237.264285	-2662.58573	-59.8858257	2425.32144	0	0	0	0	0	3
19	19	0	0.228076709	-60.9204141	-227.983029	-2662.58573	-59.8858257	2434.6027	0	0	0	0	0	3
20	20	0	0.240080746	-58.4095054	-219.504353	-2662.58573	-58.4095054	2443.08137	0	0	0	0	0	3
21	21	0	0.252084784	-58.4815803	-211.836602	-2662.58573	-58.4095054	2450.74912	0	0	0	0	0	3
22	22	0	0.264088821	-57.3567749	-204.814791	-2662.58573	-57.3567749	2457.77094	0	0	0	0	0	3
23	23	0	0.276092858	-57.4857786	-198.409182	-2662.58573	-57.3567749	2464.17654	0	0	0	0	0	3
24	24	0	0.288096896	-56.7382675	-192.506227	-2662.58573	-56.7382675	2470.0795	0	0	0	0	0	3
25	25	0	0.300100933	-56.2224581	-187.054876	-2662.58573	-56.2224581	2475.53085	0	0	0	0	0	3
26	26	0	0.31210497	-55.8532659	-182.008661	-2662.58573	-55.8532659	2480.57707	0	0	0	0	0	3
27	27	0	0.324109008	-55.535342	-177.324464	-2662.58573	-55.535342	2485.26126	0	0	0	0	0	3
28	28	0	0.336113045	-55.1965876	-172.962754	-2662.58573	-55.1965876	2489.62297	0	0	0	0	0	3
29	29	0	0.348117082	-54.7843794	-168.887637	-2662.58573	-54.7843794	2493.69809	0	0	0	0	0	3
30	30	0	0.36012112	-54.4610763	-165.073419	-2662.58573	-54.4610763	2497.51231	0	0	0	0	0	3
31	31	0	0.372125157	-54.3133163	-161.500512	-2662.58573	-54.3133163	2501.08521	0	0	0	0	0	3
32	32	0	0.384129194	-54.2409541	-158.148651	-2662.58573	-54.2409541	2504.43708	0	0	0	0	0	3
33	33	0	0.396133232	-53.8586548	-154.988348	-2662.58573	-53.8586548	2507.59738	0	0	0	0	0	3
34	34	0	0.408137269	-53.457745	-152.002154	-2662.58573	-53.457745	2510.58357	0	0	0	0	0	3
35	34	0	0.420141306	-53.1690841	-149.178352	-2662.58573	-53.1690841	2513.40737	0	0	0	0	0	3
36	35	0	0.432145344	-52.9188436	-146.504477	-2662.58573	-52.9188436	2516.08125	0	0	0	0	0	3
37	36	0	0.444149381	-52.9364031	-143.97561	-2662.58573	-52.9188436	2518.61012	0	0	0	0	0	3
38	37	0	0.456153418	-52.649885	-141.572301	-2662.58573	-52.649885	2521.01343	0	0	0	0	0	3
39	38	0	0.468157455	-52.5490453	-139.289654	-2662.58573	-52.5490453	2523.29607	0	0	0	0	0	3
40	39	0	0.480161493	-52.3038358	-137.115008	-2662.58573	-52.3038358	2525.47072	0	0	0	0	0	3
41	40	0	0.49216553	-52.292827	-135.046175	-2662.58573	-52.292827	2527.53955	0	0	0	0	0	3
42	41	0	0.504169567	-52.0312499	-133.069629	-2662.58573	-52.0312499	2529.5161	0	0	0	0	0	3
43	42	0	0.516173605	-52.0644158	-70.9143594	-347.457004	-52.0312499	295.425754	0	0	0	0	0	3
44	43	0	0.528177642	-51.8822189	-63.8768646	-162.032021	-51.8822189	110.149802	0	0	0	0	0	3
45	44	0	0.540181679	-51.8362329	-61.2531553	-105.047627	-51.8362329	53.2113942	0	0	0	0	0	3
46	45	0	0.552185717	-51.692356	-60.0769791	-105.047627	-51.692356	53.3552712	0	0	0	0	0	3
47	46	0	0.564189754	-51.6118313	-58.8046982	-84.2822342	-51.6118313	32.6704029	0	0	0	0	0	3
48	47	0	0.576193791	-51.4899888	-58.0506663	-84.2822342	-51.4899888	32.7922454	0	0	0	0	0	3
49	48	0	0.588197829	-51.4594684	-57.2691719	-72.8214529	-51.4594684	21.3619844	0	0	0	0	0	3
50	49	0	0.600201866	-51.3209139	-56.7782973	-72.8214529	-51.3209139	21.500539	0	0	0	0	0	3
51	50	0	0.612205903	-51.3535865	-56.2671576	-67.5279382	-51.3209139	16.2070243	0	0	0	0	0	3
52	51	0	0.624209941	-51.1586741	-55.9122012	-67.5279382	-51.1586741	16.3692641	0	0	0	0	0	3
53	52	0	0.636213978	-51.2374633	-55.5243327	-67.2424085	-51.1586741	16.0837344	0	0	0	0	0	3
54	53	0	0.648218015	-51.0417329	-55.1989509	-67.2424085	-51.0417329	16.2006756	0	0	0	0	0	3
55	53	0	0.660222053	-51.1553955	-54.8159268	-66.7696069	-51.0417329	15.727874	0	0	0	0	0	3
56	54	0	0.67222609	-51.0327455	-54.5091933	-66.7696069	-51.0327455	15.7368614	0	0	0	0	0	3
57	55	0	0.684230127	-51.0295314	-54.1344296	-62.6725819	-51.0295314	11.6430505	0	0	0	0	0	3
58	56	0	0.696234165	-50.9668042	-53.8823581	-62.6725819	-50.9668042	11.7057777	0	0	0	0	0	3
59	57	0	0.708238202	-50.9484594	-53.6032123	-60.9204141	-50.9484594	9.97195479	0	0	0	0	0	3
60	58	0	0.720242239	-50.8961794	-53.3891731	-60.9204141	-50.8961794	10.0242348	0	0	0	0	0	3
61	59	0	0.732246277	-50.8934073	-53.1504349	-58.4815803	-50.8934073	7.58817307	0	0	0	0	0	3
62	60	0	0.744250314	-50.8392408	-52.9701905	-58.4815803	-50.8392408	7.64233954	0	0	0	0	0	3
63	61	0	0.756254351	-50.8658151	-52.7888628	-57.4857786	-50.8392408	6.64653778	0	0	0	0	0	3
64	62	0	0.768258388	-50.7322612	-52.6311362	-57.4857786	-50.7322612	6.75351737	0	0	0	0	0	3
65	62	0	0.780262426	-50.7817212	-52.4715158	-56.7382675	-50.7322612	6.00600628	0	0	0	0	0	3
66	63	0	0.792266463	-50.7188508	-52.3281964	-56.2224581	-50.7188508	5.50360732	0	0	0	0	0	3
67	64	0	0.8042705	-50.7891053	-52.1988308	-55.8532659	-50.7188508	5.13441505	0	0	0	0	0	3
68	65	0	0.816274538	-50.7487913	-52.0772957	-55.535342	-50.7188508	4.81649121	0	0	0	0	0	3
69	66	0	0.828278575	-50.7352872	-51.9630087	-55.1965876	-50.7188508	4.47773679	0	0	0	0	0	3
70	67	0	0.840282612	-50.6745075	-51.8553401	-54.7843794	-50.6745075	4.10987188	0	0	0	0	0	3
71	68	0	0.85228665	-50.650736	-51.7569201	-54.4610763	-50.650736	3.81034034	0	0	0	0	0	3
72	69	0	0.864290687	-50.6498503	-51.6661766	-54.3133163	-50.6498503	3.66346601	0	0	0	0	0	3
73	70	0	0.876294724	-50.6668557	-51.5793561	-54.2409541	-50.6498503	3.59110377	0	0	0	0	0	3
74	70	0	0.888298762	-50.6877278	-51.4947555	-53.8586548	-50.6498503	3.20880448	0	0	0	0	0	3
75	71	0	0.900302799	-50.7361503	-51.4204101	-53.457745	-50.6498503	2.80789464	0	0	0	0	0	3
76	72	0	0.912306836	-50.6238962	-51.3529375	-53.1690841	-50.6238962	2.54518788	0	0	0	0	0	3
77	73	0	0.924310874	-50.6986876	-51.2941186	-52.9364031	-50.6238962	2.31250683	0	0	0	0	0	3
78	74	0	0.936314911	-50.620466	-51.2393953	-52.9364031	-50.620466	2.31593707	0	0	0	0	0	3
79	75	0	0.948318948	-50.7001112	-51.1861502	-52.649885	-50.620466	2.029419	0	0	0	0	0	3
80	76	0	0.960322986	-50.6776877	-51.1391932	-52.5490453	-50.620466	1.92857934	0	0	0	0	0	3
81	77	0	0.972327023	-50.6145296	-51.0931333	-52.3038358	-50.6145296	1.68930621	0	0	0	0	0	3
82	78	0	0.98433106	-50.6373428	-51.0534549	-52.292827	-50.6145296	1.67829742	0	0	0	0	0	3
83	78	0	0.996335098	-50.593949	-51.0130054	-52.0644158	-50.593949	1.47046676	0	0	0	0	0	3
84	79	0	1.00833913	-50.6041969	-50.9790279	-52.0644158	-50.593949	1.47046676	3.34314217	0	100	0	0	3
85	80	0	1.02034317	-50.6598581	-50.9455861	-51.8822189	-50.593949	1.28826985	3.34314217	0	100	0	0	3
86	81	0	1.03234721	-50.5949965	-50.9149379	-51.8362329	-50.593949	1.24228391	3.34314217	0	100	0	0	3
87	82	0	1.04435125	-50.7371754	-50.8887699	-51.692356	-50.593949	1.09840693	3.34314217	0	100	0	0	3
88	83	0	1.05635528	-50.5683031	-50.8620067	-51.6118313	-50.5683031	1.04352822	3.34314217	0	100	0	0	3
89	84	0	1.06835932	-50.7198708	-50.8407696	-51.4899888	-50.5683031	0.921685704	3.34314217	0	100	0	0	3
90	85	0	1.08036336	-50.5664504	-50.8187806	-51.4594684	-50.5664504	0.893018086	3.34314217	0	100	0	0	3
91	86	0	1.0923674	-50.7481278	-50.8018439	-51.3535865	-50.5664504	0.787136182	3.34314217	0	100	0	0	3
92	87	0	1.10437143	-50.6198022	-50.7851507	-51.3535865	-50.5664504	0.787136182	3.34314217	0	100	0	0	3
93	88	0	1.11637547	-50.6587886	-50.7686079	-51.2374633	-50.5664504	0.671012905	3.34314217	0	100	0	0	3
94	88	0	1.12837951	-50.5959563	-50.7552099	-51.2374633	-50.5664504	0.671012905	3.34314217	0	100	0	0	3
95	89	0	1.14038355	-50.6148786	-50.7403865	-51.1553955	-50.5664504	0.588945167	3.34314217	0	100	0	0	3
96	90	0	1.15238758	-50.650378	-50.7310685	-51.1553955	-50.5664504	0.588945167	3.34314217	0	100	0	0	3
97	91	0	1.16439162	-50.6777096	-50.719695	-51.0327455	-50.5664504	0.466295112	3.34314217	0	100	0	0	3
98	92	0	1.17639566	-50.6229493	-50.709938	-51.0295314	-50.5664504	0.463081034	3.34314217	0	100	0	0	3
99	93	0	1.18839969	-50.7463679	-50.703196	-50.9668042	-50.5664504	0.400353848	3.34314217	0	100	0	0	3
100	94	0	1.20040373	-50.575179	-50.6938716	-50.9484594	-50.5664504	0.382009006	3.34314217	0	100	0	0	3
101	95	0	1.21240777	-50.7075076	-50.6881346	-50.8961794	-50.5664504	0.329729036	3.34314217	0	100	0	0	3
102	96	0	1.22441181	-50.5997487	-50.6810767	-50.8934073	-50.5664504	0.326956927	3.34314217	0	100	0	0	3
103	97	0	1.23641584	-50.6815601	-50.6760328	-50.8658151	-50.5664504	0.299364788	3.34314217	0	100	0	0	3
104	98	0	1.24841988	-50.6647357	-50.6718779	-50.8658151	-50.5664504	0.299364788	3.34314217	0	100	0	0	3
105	99	0	1.26042392	-50.6479856	-50.6666915	-50.7891053	-50.5664504	0.222654979	3.34314217	0	100	0	0	3
106	100	0	1.27242796	-50.6518355	-50.6647766	-50.7891053	-50.5664504	0.222654979	3.34314217	0	100	0	0	3
107	101	0	1.28443199	-50.6532378	-50.6617174	-50.7891053	-50.5664504	0.222654979	3.34314217	0	100	0	0	3
108	101	0	1.29643603	-50.6501605	-50.660082	-50.7891053	-50.5664504	0.222654979	3.34314217	0	100	0	0	3
109	102	0	1.30844007	-50.7186135	-50.6584036	-50.7487913	-50.5664504	0.182340992	3.34314217	0	100	0	0	3
110	103	0	1.32044411	-50.6618595	-50.6563338	-50.7481278	-50.5664504	0.181677456	3.34314217	0	100	0	0	3
111	104	0	1.33244814	-50.7639099	-50.6570153	-50.7639099	-50.5664504	0.197459581	3.34314217	0	100	0	0	3
112	105	0	1.34445218	-50.5905099	-50.6550153	-50.7639099	-50.5664504	0.197459581	3.34314217	0	100	0	0	3
113	106	0	1.35645622	-50.7464361	-50.6572939	-50.7639099	-50.5664504	0.197459581	3.34314217	0	100	0	0	3
114	107	0	1.36846025	-50.6278353	-50.6567697	-50.7639099	-50.5664504	0.197459581	3.34314217	0	100	0	0	3
115	108	0	1.38046429	-50.7542043	-50.6588495	-50.7639099	-50.5664504	0.197459581	3.34314217	0	100	0	0	3
116	109	0	1.39246833	-50.6677311	-50.6583733	-50.7639099	-50.5664504	0.197459581	3.34314217	0	100	0	0	3
117	109	0	1.40447237	-50.6549733	-50.6564406	-50.7639099	-50.5664504	0.197459581	3.34314217	0	100	0	0	3
118	110	0	1.4164764	-50.7206907	-50.6587452	-50.7639099	-50.5664504	0.197459581	3.34314217	0	100	0	0	3
