Iteration	CPUTime	PhysTime	Travels	Value	AvValue	MinValue	MaxValue	Delta	Criteria	PrevAvRefValue	Progress	CriteriaType	CriteriaVarType	CriteriaPercentage
1	3	0	0.0120040373	620.044645	620.044645	620.044645	620.044645	0	0	0	0	0	0	3
2	4	0	0.0240080746	-53.9079543	283.068345	-53.9079543	620.044645	336.9763	0	0	0	0	0	3
3	5	0	0.036012112	-34.8196573	177.105678	-53.9079543	620.044645	442.938967	0	0	0	0	0	3
4	6	0	0.0480161493	-53.5880063	119.432257	-53.9079543	620.044645	500.612388	0	0	0	0	0	3
5	7	0	0.0600201866	-38.6403844	87.8177285	-53.9079543	620.044645	532.226916	0	0	0	0	0	3
6	8	0	0.0720242239	-71.7374143	61.2252047	-71.7374143	620.044645	558.81944	0	0	0	0	0	3
7	8	0	0.0840282612	-64.1261722	43.3178652	-71.7374143	620.044645	576.72678	0	0	0	0	0	3
8	9	0	0.0960322986	-83.1964921	27.5035705	-83.1964921	620.044645	592.541074	0	0	0	0	0	3
9	10	0	0.108036336	-82.6090237	15.2688378	-83.1964921	620.044645	604.775807	0	0	0	0	0	3
10	11	0	0.120040373	-87.9663579	4.94531826	-87.9663579	620.044645	615.099327	0	0	0	0	0	3
11	12	0	0.132044411	-79.9819515	-2.77534263	-87.9663579	620.044645	622.819988	0	0	0	0	0	3
12	13	0	0.144048448	-98.5234652	-10.7543528	-98.5234652	620.044645	630.798998	0	0	0	0	0	3
13	14	0	0.156052485	-81.0135445	-16.158906	-98.5234652	620.044645	636.203551	0	0	0	0	0	3
14	15	0	0.168056522	-101.62461	-22.2635992	-101.62461	620.044645	642.308244	0	0	0	0	0	3
15	16	0	0.18006056	-70.8321175	-25.5015004	-101.62461	620.044645	645.546145	0	0	0	0	0	3
16	17	0	0.192064597	-96.1999309	-29.9201523	-101.62461	620.044645	649.964797	0	0	0	0	0	3
17	18	0	0.204068634	-85.5241469	-33.1909755	-101.62461	620.044645	653.23562	0	0	0	0	0	3
18	18	0	0.216072672	-105.291445	-37.1965572	-105.291445	620.044645	657.241202	0	0	0	0	0	3
19	19	0	0.228076709	-93.4902336	-40.1593822	-105.291445	620.044645	660.204027	0	0	0	0	0	3
20	20	0	0.240080746	-107.337143	-43.5182703	-107.337143	620.044645	663.562915	0	0	0	0	0	3
21	21	0	0.252084784	-104.208731	-46.4082922	-107.337143	620.044645	666.452937	0	0	0	0	0	3
22	22	0	0.264088821	-108.592439	-49.2348444	-108.592439	620.044645	669.279489	0	0	0	0	0	3
23	23	0	0.276092858	-108.825577	-51.8257458	-108.825577	620.044645	671.870391	0	0	0	0	0	3
24	24	0	0.288096896	-108.387802	-54.1824981	-108.825577	620.044645	674.227143	0	0	0	0	0	3
25	25	0	0.300100933	-108.978765	-56.3743488	-108.978765	620.044645	676.418994	0	0	0	0	0	3
26	26	0	0.31210497	-110.029121	-58.4379939	-110.029121	620.044645	678.482639	0	0	0	0	0	3
27	27	0	0.324109008	-109.217631	-60.3187212	-110.029121	620.044645	680.363366	0	0	0	0	0	3
28	28	0	0.336113045	-109.996164	-62.0929156	-110.029121	620.044645	682.137561	0	0	0	0	0	3
29	29	0	0.348117082	-110.254492	-63.7536596	-110.254492	620.044645	683.798305	0	0	0	0	0	3
30	30	0	0.36012112	-111.583504	-65.3479878	-111.583504	620.044645	685.392633	0	0	0	0	0	3
31	31	0	0.372125157	-111.020466	-66.8212935	-111.583504	620.044645	686.865938	0	0	0	0	0	3
32	32	0	0.384129194	-110.261864	-68.1788113	-111.583504	620.044645	688.223456	0	0	0	0	0	3
33	33	0	0.396133232	-110.342082	-69.4564862	-111.583504	620.044645	689.501131	0	0	0	0	0	3
34	34	0	0.408137269	-110.086137	-70.6514759	-111.583504	620.044645	690.696121	0	0	0	0	0	3
35	34	0	0.420141306	-110.242411	-71.7826455	-111.583504	620.044645	691.82729	0	0	0	0	0	3
36	35	0	0.432145344	-110.358211	-72.854189	-111.583504	620.044645	692.898834	0	0	0	0	0	3
37	36	0	0.444149381	-110.220161	-73.8640801	-111.583504	620.044645	693.908725	0	0	0	0	0	3
38	37	0	0.456153418	-110.421606	-74.8261203	-111.583504	620.044645	694.870765	0	0	0	0	0	3
39	38	0	0.468157455	-110.145779	-75.7317526	-111.583504	620.044645	695.776398	0	0	0	0	0	3
40	39	0	0.480161493	-110.290448	-76.59572	-111.583504	620.044645	696.640365	0	0	0	0	0	3
41	40	0	0.49216553	-109.810069	-77.405826	-111.583504	620.044645	697.450471	0	0	0	0	0	3
42	41	0	0.504169567	-110.044184	-78.1829298	-111.583504	620.044645	698.227575	0	0	0	0	0	3
43	42	0	0.516173605	-109.431679	-95.5514137	-111.583504	-34.8196573	76.7638471	0	0	0	0	0	3
44	43	0	0.528177642	-109.361721	-96.8717415	-111.583504	-34.8196573	76.7638471	0	0	0	0	0	3
45	44	0	0.540181679	-109.168073	-98.6419418	-111.583504	-38.6403844	72.94312	0	0	0	0	0	3
46	45	0	0.552185717	-109.078091	-99.9631343	-111.583504	-38.6403844	72.94312	0	0	0	0	0	3
47	46	0	0.564189754	-108.94997	-101.637172	-111.583504	-64.1261722	47.4573322	0	0	0	0	0	3
48	47	0	0.576193791	-109.061532	-102.525842	-111.583504	-64.1261722	47.4573322	0	0	0	0	0	3
49	48	0	0.588197829	-109.101021	-103.596671	-111.583504	-70.8321175	40.7513869	0	0	0	0	0	3
50	49	0	0.600201866	-108.875643	-104.20808	-111.583504	-70.8321175	40.7513869	0	0	0	0	0	3
51	50	0	0.612205903	-108.672393	-104.828636	-111.583504	-70.8321175	40.7513869	0	0	0	0	0	3
52	51	0	0.624209941	-108.449196	-105.316323	-111.583504	-70.8321175	40.7513869	0	0	0	0	0	3
53	52	0	0.636213978	-108.440068	-105.993897	-111.583504	-70.8321175	40.7513869	0	0	0	0	0	3
54	53	0	0.648218015	-108.058865	-106.22093	-111.583504	-70.8321175	40.7513869	0	0	0	0	0	3
55	53	0	0.660222053	-107.847565	-106.859835	-111.583504	-70.8321175	40.7513869	0	0	0	0	0	3
56	54	0	0.67222609	-107.860184	-107.008302	-111.583504	-70.8321175	40.7513869	0	0	0	0	0	3
57	55	0	0.684230127	-107.778252	-107.887971	-111.583504	-85.5241469	26.0593575	0	0	0	0	0	3
58	56	0	0.696234165	-107.979072	-108.168427	-111.583504	-85.5241469	26.0593575	0	0	0	0	0	3
59	57	0	0.708238202	-108.005682	-108.703702	-111.583504	-93.4902336	18.0932708	0	0	0	0	0	3
60	58	0	0.720242239	-108.336393	-108.776201	-111.583504	-93.4902336	18.0932708	0	0	0	0	0	3
61	59	0	0.732246277	-108.096053	-109.123958	-111.583504	-104.208731	7.37477339	0	0	0	0	0	3
62	60	0	0.744250314	-108.246154	-109.145601	-111.583504	-104.208731	7.37477339	0	0	0	0	0	3
63	61	0	0.756254351	-107.835597	-109.231955	-111.583504	-107.778252	3.80525201	0	0	0	0	0	3
64	62	0	0.768258388	-108.220309	-109.223095	-111.583504	-107.778252	3.80525201	0	0	0	0	0	3
65	62	0	0.780262426	-107.532073	-109.192297	-111.583504	-107.532073	4.05143123	0	0	0	0	0	3
66	63	0	0.792266463	-107.709615	-109.17615	-111.583504	-107.532073	4.05143123	0	0	0	0	0	3
67	64	0	0.8042705	-107.470439	-109.140237	-111.583504	-107.470439	4.11306588	0	0	0	0	0	3
68	65	0	0.816274538	-107.312265	-109.07555	-111.583504	-107.312265	4.27123932	0	0	0	0	0	3
69	66	0	0.828278575	-107.067086	-109.024347	-111.583504	-107.067086	4.51641878	0	0	0	0	0	3
70	67	0	0.840282612	-107.488895	-108.96465	-111.583504	-107.067086	4.51641878	0	0	0	0	0	3
71	68	0	0.85228665	-107.43493	-108.897518	-111.583504	-107.067086	4.51641878	0	0	0	0	0	3
72	69	0	0.864290687	-107.628104	-108.803341	-111.020466	-107.067086	3.95338042	0	0	0	0	0	3
73	70	0	0.876294724	-107.413856	-108.71747	-110.421606	-107.067086	3.35452061	0	0	0	0	0	3
74	70	0	0.888298762	-107.523143	-108.652262	-110.421606	-107.067086	3.35452061	0	0	0	0	0	3
75	71	0	0.900302799	-107.251355	-108.578673	-110.421606	-107.067086	3.35452061	0	0	0	0	0	3
76	72	0	0.912306836	-107.463761	-108.516236	-110.421606	-107.067086	3.35452061	0	0	0	0	0	3
77	73	0	0.924310874	-107.129911	-108.442129	-110.421606	-107.067086	3.35452061	0	0	0	0	0	3
78	74	0	0.936314911	-106.928508	-108.360469	-110.421606	-106.928508	3.49309775	0	0	0	0	0	3
79	75	0	0.948318948	-106.629348	-108.274974	-110.421606	-106.629348	3.79225792	0	0	0	0	0	3
80	76	0	0.960322986	-106.871917	-108.190457	-110.290448	-106.629348	3.66109986	0	0	0	0	0	3
81	77	0	0.972327023	-106.859842	-108.112221	-110.290448	-106.629348	3.66109986	0	0	0	0	0	3
82	78	0	0.98433106	-106.941506	-108.032484	-110.044184	-106.629348	3.41483543	0	0	0	0	0	3
83	78	0	0.996335098	-106.942848	-107.964217	-110.044184	-106.629348	3.41483543	0	0	0	0	0	3
84	79	0	1.00833913	-107.437394	-107.90215	-109.431679	-106.629348	2.80233054	2.30291541	0	82.1	0	0	3
85	80	0	1.02034317	-107.100212	-107.846639	-109.361721	-106.629348	2.73237308	2.30291541	0	84.2	0	0	3
86	81	0	1.03234721	-107.459772	-107.801355	-109.168073	-106.629348	2.53872432	2.30291541	0	90.7	0	0	3
87	82	0	1.04435125	-107.042331	-107.750742	-109.101021	-106.629348	2.47167293	2.30291541	0	93.1	0	0	3
88	83	0	1.05635528	-107.419255	-107.711246	-109.101021	-106.629348	2.47167293	2.30291541	0	93.1	0	0	3
89	84	0	1.06835932	-107.03724	-107.665704	-109.101021	-106.629348	2.47167293	2.30291541	0	93.1	0	0	3
90	85	0	1.08036336	-107.466279	-107.627722	-109.101021	-106.629348	2.47167293	2.30291541	0	93.1	0	0	3
91	86	0	1.0923674	-106.79038	-107.572707	-108.875643	-106.629348	2.24629518	2.30291541	0	100	0	0	3
92	87	0	1.10437143	-107.209711	-107.533042	-108.672393	-106.629348	2.04304465	2.30291541	0	100	0	0	3
93	88	0	1.11637547	-106.874403	-107.490233	-108.449196	-106.629348	1.81984787	2.30291541	0	100	0	0	3
94	88	0	1.12837951	-107.366325	-107.46445	-108.440068	-106.629348	1.81071958	2.30291541	0	100	0	0	3
95	89	0	1.14038355	-107.041668	-107.431155	-108.336393	-106.629348	1.70704437	2.30291541	0	100	0	0	3
96	90	0	1.15238758	-107.447214	-107.416592	-108.336393	-106.629348	1.70704437	2.30291541	0	100	0	0	3
97	91	0	1.16439162	-106.929838	-107.394741	-108.336393	-106.629348	1.70704437	2.30291541	0	100	0	0	3
98	92	0	1.17639566	-107.474631	-107.385561	-108.336393	-106.629348	1.70704437	2.30291541	0	100	0	0	3
99	93	0	1.18839969	-106.963743	-107.366168	-108.336393	-106.629348	1.70704437	2.30291541	0	100	0	0	3
100	94	0	1.20040373	-107.22732	-107.348269	-108.336393	-106.629348	1.70704437	2.30291541	0	100	0	0	3
101	95	0	1.21240777	-106.764478	-107.318717	-108.336393	-106.629348	1.70704437	2.30291541	0	100	0	0	3
102	96	0	1.22441181	-107.008861	-107.287109	-108.246154	-106.629348	1.61680599	2.30291541	0	100	0	0	3
103	97	0	1.23641584	-106.935405	-107.259474	-108.246154	-106.629348	1.61680599	2.30291541	0	100	0	0	3
104	98	0	1.24841988	-106.989028	-107.229543	-108.220309	-106.629348	1.59096087	2.30291541	0	100	0	0	3
105	99	0	1.26042392	-106.962866	-107.208763	-108.220309	-106.629348	1.59096087	2.30291541	0	100	0	0	3
106	100	0	1.27242796	-107.288097	-107.186568	-107.709615	-106.629348	1.08026657	2.30291541	0	100	0	0	3
107	101	0	1.28443199	-107.231335	-107.179407	-107.709615	-106.629348	1.08026657	2.30291541	0	100	0	0	3
108	101	0	1.29643603	-107.754835	-107.180484	-107.754835	-106.629348	1.12548642	2.30291541	0	100	0	0	3
109	102	0	1.30844007	-107.247206	-107.175169	-107.754835	-106.629348	1.12548642	2.30291541	0	100	0	0	3
110	103	0	1.32044411	-107.48034	-107.179171	-107.754835	-106.629348	1.12548642	2.30291541	0	100	0	0	3
111	104	0	1.33244814	-106.995759	-107.177473	-107.754835	-106.629348	1.12548642	2.30291541	0	100	0	0	3
112	105	0	1.34445218	-107.393093	-107.175192	-107.754835	-106.629348	1.12548642	2.30291541	0	100	0	0	3
113	106	0	1.35645622	-106.993996	-107.164693	-107.754835	-106.629348	1.12548642	2.30291541	0	100	0	0	3
114	107	0	1.36846025	-107.2437	-107.155541	-107.754835	-106.629348	1.12548642	2.30291541	0	100	0	0	3
115	108	0	1.38046429	-106.890817	-107.143087	-107.754835	-106.629348	1.12548642	2.30291541	0	100	0	0	3
116	109	0	1.39246833	-107.19871	-107.135363	-107.754835	-106.629348	1.12548642	2.30291541	0	100	0	0	3
117	109	0	1.40447237	-107.142048	-107.13276	-107.754835	-106.629348	1.12548642	2.30291541	0	100	0	0	3
118	110	0	1.4164764	-107.304445	-107.128967	-107.754835	-106.629348	1.12548642	2.30291541	0	100	0	0	3
