Iteration	CPUTime	PhysTime	Travels	Value	AvValue	MinValue	MaxValue	Delta	Criteria	PrevAvRefValue	Progress	CriteriaType	CriteriaVarType	CriteriaPercentage
1	3	0	0.0120040373	584.946429	584.946429	584.946429	584.946429	0	0	0	0	0	0	3
2	4	0	0.0240080746	-47.8077457	268.569342	-47.8077457	584.946429	316.377088	0	0	0	0	0	3
3	5	0	0.036012112	-29.8409917	169.099231	-47.8077457	584.946429	415.847199	0	0	0	0	0	3
4	6	0	0.0480161493	-36.044226	117.813367	-47.8077457	584.946429	467.133063	0	0	0	0	0	3
5	7	0	0.0600201866	-30.5996902	88.1307552	-47.8077457	584.946429	496.815674	0	0	0	0	0	3
6	8	0	0.0720242239	-63.6221147	62.8386102	-63.6221147	584.946429	522.107819	0	0	0	0	0	3
7	8	0	0.0840282612	-50.5336853	46.642568	-63.6221147	584.946429	538.303861	0	0	0	0	0	3
8	9	0	0.0960322986	-78.0502495	31.0559658	-78.0502495	584.946429	553.890464	0	0	0	0	0	3
9	10	0	0.108036336	-68.3320319	20.0128549	-78.0502495	584.946429	564.933575	0	0	0	0	0	3
10	11	0	0.120040373	-80.7418802	9.93738142	-80.7418802	584.946429	575.009048	0	0	0	0	0	3
11	12	0	0.132044411	-70.393674	2.6345582	-80.7418802	584.946429	582.311871	0	0	0	0	0	3
12	13	0	0.144048448	-86.0251684	-4.75375235	-86.0251684	584.946429	589.700182	0	0	0	0	0	3
13	14	0	0.156052485	-61.315096	-9.10462495	-86.0251684	584.946429	594.051054	0	0	0	0	0	3
14	15	0	0.168056522	-88.8353993	-14.7996803	-88.8353993	584.946429	599.74611	0	0	0	0	0	3
15	16	0	0.18006056	-40.8836475	-16.5386114	-88.8353993	584.946429	601.485041	0	0	0	0	0	3
16	17	0	0.192064597	-79.8320462	-20.4944511	-88.8353993	584.946429	605.440881	0	0	0	0	0	3
17	18	0	0.204068634	-70.5250789	-23.4374292	-88.8353993	584.946429	608.383859	0	0	0	0	0	3
18	18	0	0.216072672	-96.3665232	-27.4890455	-96.3665232	584.946429	612.435475	0	0	0	0	0	3
19	19	0	0.228076709	-86.3620062	-30.5876224	-96.3665232	584.946429	615.534052	0	0	0	0	0	3
20	20	0	0.240080746	-95.064445	-33.8114635	-96.3665232	584.946429	618.757893	0	0	0	0	0	3
21	21	0	0.252084784	-90.0903544	-36.4914107	-96.3665232	584.946429	621.43784	0	0	0	0	0	3
22	22	0	0.264088821	-92.7462337	-39.0484481	-96.3665232	584.946429	623.994878	0	0	0	0	0	3
23	23	0	0.276092858	-91.7164904	-41.338363	-96.3665232	584.946429	626.284792	0	0	0	0	0	3
24	24	0	0.288096896	-91.3317371	-43.4214203	-96.3665232	584.946429	628.36785	0	0	0	0	0	3
25	25	0	0.300100933	-92.3420875	-45.378247	-96.3665232	584.946429	630.324676	0	0	0	0	0	3
26	26	0	0.31210497	-94.4416412	-47.2653006	-96.3665232	584.946429	632.21173	0	0	0	0	0	3
27	27	0	0.324109008	-93.594658	-48.9812027	-96.3665232	584.946429	633.927632	0	0	0	0	0	3
28	28	0	0.336113045	-94.9494592	-50.6229262	-96.3665232	584.946429	635.569356	0	0	0	0	0	3
29	29	0	0.348117082	-94.9670768	-52.1520348	-96.3665232	584.946429	637.098464	0	0	0	0	0	3
30	30	0	0.36012112	-96.381945	-53.6263651	-96.381945	584.946429	638.572795	0	0	0	0	0	3
31	31	0	0.372125157	-95.3907048	-54.9736019	-96.381945	584.946429	639.920031	0	0	0	0	0	3
32	32	0	0.384129194	-95.7226903	-56.2470109	-96.381945	584.946429	641.19344	0	0	0	0	0	3
33	33	0	0.396133232	-95.519636	-57.4370905	-96.381945	584.946429	642.38352	0	0	0	0	0	3
34	34	0	0.408137269	-96.1087164	-58.5744912	-96.381945	584.946429	643.520921	0	0	0	0	0	3
35	34	0	0.420141306	-95.7279504	-59.6360186	-96.381945	584.946429	644.582448	0	0	0	0	0	3
36	35	0	0.432145344	-96.5683908	-60.6619179	-96.5683908	584.946429	645.608347	0	0	0	0	0	3
37	36	0	0.444149381	-96.0399077	-61.6180797	-96.5683908	584.946429	646.564509	0	0	0	0	0	3
38	37	0	0.456153418	-97.1437422	-62.5529656	-97.1437422	584.946429	647.499395	0	0	0	0	0	3
39	38	0	0.468157455	-96.3036003	-63.4183665	-97.1437422	584.946429	648.364796	0	0	0	0	0	3
40	39	0	0.480161493	-97.2844914	-64.2650196	-97.2844914	584.946429	649.211449	0	0	0	0	0	3
41	40	0	0.49216553	-96.4654562	-65.0503961	-97.2844914	584.946429	649.996826	0	0	0	0	0	3
42	41	0	0.504169567	-97.0876563	-65.813188	-97.2844914	584.946429	650.759617	0	0	0	0	0	3
43	42	0	0.516173605	-95.9886306	-82.0259275	-97.2844914	-29.8409917	67.4434997	0	0	0	0	0	3
44	43	0	0.528177642	-96.1414727	-83.1767306	-97.2844914	-29.8409917	67.4434997	0	0	0	0	0	3
45	44	0	0.540181679	-95.8119073	-84.7474667	-97.2844914	-30.5996902	66.6848011	0	0	0	0	0	3
46	45	0	0.552185717	-95.6996754	-86.1678345	-97.2844914	-30.5996902	66.6848011	0	0	0	0	0	3
47	46	0	0.564189754	-95.3334873	-87.7091154	-97.2844914	-40.8836475	56.4008439	0	0	0	0	0	3
48	47	0	0.576193791	-95.8588063	-88.4766557	-97.2844914	-40.8836475	56.4008439	0	0	0	0	0	3
49	48	0	0.588197829	-95.5332999	-89.5480751	-97.2844914	-40.8836475	56.4008439	0	0	0	0	0	3
50	49	0	0.600201866	-95.7094322	-89.9685318	-97.2844914	-40.8836475	56.4008439	0	0	0	0	0	3
51	50	0	0.612205903	-95.3377884	-90.611526	-97.2844914	-40.8836475	56.4008439	0	0	0	0	0	3
52	51	0	0.624209941	-95.5672138	-90.9645101	-97.2844914	-40.8836475	56.4008439	0	0	0	0	0	3
53	52	0	0.636213978	-95.1535939	-91.554032	-97.2844914	-40.8836475	56.4008439	0	0	0	0	0	3
54	53	0	0.648218015	-95.1981024	-91.7724352	-97.2844914	-40.8836475	56.4008439	0	0	0	0	0	3
55	53	0	0.660222053	-94.2668631	-92.5570011	-97.2844914	-40.8836475	56.4008439	0	0	0	0	0	3
56	54	0	0.67222609	-94.692008	-92.6964442	-97.2844914	-40.8836475	56.4008439	0	0	0	0	0	3
57	55	0	0.684230127	-94.1778876	-93.9653546	-97.2844914	-70.5250789	26.7594125	0	0	0	0	0	3
58	56	0	0.696234165	-94.6605255	-94.3184137	-97.2844914	-70.5250789	26.7594125	0	0	0	0	0	3
59	57	0	0.708238202	-94.3179432	-94.8849104	-97.2844914	-86.3620062	10.9224851	0	0	0	0	0	3
60	58	0	0.720242239	-94.9828368	-94.8519655	-97.2844914	-86.3620062	10.9224851	0	0	0	0	0	3
61	59	0	0.732246277	-94.4333964	-95.0441415	-97.2844914	-90.0903544	7.19413693	0	0	0	0	0	3
62	60	0	0.744250314	-95.1045959	-95.0450974	-97.2844914	-90.0903544	7.19413693	0	0	0	0	0	3
63	61	0	0.756254351	-94.5632392	-95.1515947	-97.2844914	-91.3317371	5.95275424	0	0	0	0	0	3
64	62	0	0.768258388	-95.0408456	-95.2062283	-97.2844914	-91.3317371	5.95275424	0	0	0	0	0	3
65	62	0	0.780262426	-94.1689386	-95.2646199	-97.2844914	-91.3317371	5.95275424	0	0	0	0	0	3
66	63	0	0.792266463	-94.7791025	-95.3467001	-97.2844914	-92.3420875	4.94240388	0	0	0	0	0	3
67	64	0	0.8042705	-94.0619886	-95.3876501	-97.2844914	-93.594658	3.68983334	0	0	0	0	0	3
68	65	0	0.816274538	-94.2604484	-95.383336	-97.2844914	-93.594658	3.68983334	0	0	0	0	0	3
69	66	0	0.828278575	-93.5573275	-95.3824472	-97.2844914	-93.5573275	3.72716382	0	0	0	0	0	3
70	67	0	0.840282612	-94.2155368	-95.3649728	-97.2844914	-93.5573275	3.72716382	0	0	0	0	0	3
71	68	0	0.85228665	-93.824883	-95.3377777	-97.2844914	-93.5573275	3.72716382	0	0	0	0	0	3
72	69	0	0.864290687	-94.4815868	-95.2925311	-97.2844914	-93.5573275	3.72716382	0	0	0	0	0	3
73	70	0	0.876294724	-93.6998334	-95.2522723	-97.2844914	-93.5573275	3.72716382	0	0	0	0	0	3
74	70	0	0.888298762	-94.4314542	-95.2215285	-97.2844914	-93.5573275	3.72716382	0	0	0	0	0	3
75	71	0	0.900302799	-94.0187733	-95.1857937	-97.2844914	-93.5573275	3.72716382	0	0	0	0	0	3
76	72	0	0.912306836	-94.6374476	-95.1507635	-97.2844914	-93.5573275	3.72716382	0	0	0	0	0	3
77	73	0	0.924310874	-93.8650235	-95.1064081	-97.2844914	-93.5573275	3.72716382	0	0	0	0	0	3
78	74	0	0.936314911	-94.440787	-95.0557509	-97.2844914	-93.5573275	3.72716382	0	0	0	0	0	3
79	75	0	0.948318948	-93.6290312	-94.9983491	-97.2844914	-93.5573275	3.72716382	0	0	0	0	0	3
80	76	0	0.960322986	-94.1298929	-94.9265907	-97.2844914	-93.5573275	3.72716382	0	0	0	0	0	3
81	77	0	0.972327023	-93.8367259	-94.8678556	-97.2844914	-93.5573275	3.72716382	0	0	0	0	0	3
82	78	0	0.98433106	-94.1639397	-94.7935568	-97.0876563	-93.5573275	3.53032874	0	0	0	0	0	3
83	78	0	0.996335098	-93.8703818	-94.7317693	-97.0876563	-93.5573275	3.53032874	0	0	0	0	0	3
84	79	0	1.00833913	-94.4194272	-94.66824	-96.1414727	-93.5573275	2.58414518	2.02330499	0	78.2	0	0	3
85	80	0	1.02034317	-93.9518805	-94.619746	-96.1414727	-93.5573275	2.58414518	2.02330499	0	78.2	0	0	3
86	81	0	1.03234721	-94.4032334	-94.5783593	-95.8588063	-93.5573275	2.30147878	2.02330499	0	87.9	0	0	3
87	82	0	1.04435125	-93.9177715	-94.5332609	-95.8588063	-93.5573275	2.30147878	2.02330499	0	87.9	0	0	3
88	83	0	1.05635528	-94.7525213	-94.5107096	-95.8588063	-93.5573275	2.30147878	2.02330499	0	87.9	0	0	3
89	84	0	1.06835932	-94.1012872	-94.4813715	-95.8588063	-93.5573275	2.30147878	2.02330499	0	87.9	0	0	3
90	85	0	1.08036336	-94.9146047	-94.4588905	-95.7094322	-93.5573275	2.15210467	2.02330499	0	94	0	0	3
91	86	0	1.0923674	-94.1050155	-94.4248837	-95.7094322	-93.5573275	2.15210467	2.02330499	0	94	0	0	3
92	87	0	1.10437143	-94.3301233	-94.392043	-95.5672138	-93.5573275	2.00988626	2.02330499	0	100	0	0	3
93	88	0	1.11637547	-93.8671385	-94.3570276	-95.5672138	-93.5573275	2.00988626	2.02330499	0	100	0	0	3
94	88	0	1.12837951	-94.3444599	-94.3279144	-95.1981024	-93.5573275	1.64077488	2.02330499	0	100	0	0	3
95	89	0	1.14038355	-93.8078563	-94.295873	-95.1981024	-93.5573275	1.64077488	2.02330499	0	100	0	0	3
96	90	0	1.15238758	-94.3994665	-94.2768579	-95.1045959	-93.5573275	1.54726831	2.02330499	0	100	0	0	3
97	91	0	1.16439162	-93.6184174	-94.2614187	-95.1045959	-93.5573275	1.54726831	2.02330499	0	100	0	0	3
98	92	0	1.17639566	-94.4924645	-94.2566676	-95.1045959	-93.5573275	1.42229546	2.02330499	0	100	0	0	3
99	93	0	1.18839969	-93.7747449	-94.247069	-95.1045959	-93.5573275	1.1405811	2.02330499	0	100	0	0	3
100	94	0	1.20040373	-94.5105046	-94.2434971	-95.1045959	-93.5573275	1.14415302	2.02330499	0	100	0	0	3
101	95	0	1.21240777	-93.9864517	-94.2356044	-95.1045959	-93.5573275	1.15204568	2.02330499	0	100	0	0	3
102	96	0	1.22441181	-94.3408008	-94.2203179	-95.1045959	-93.5573275	1.16733225	2.02330499	0	100	0	0	3
103	97	0	1.23641584	-93.886779	-94.2073031	-95.1045959	-93.5573275	1.18034695	2.02330499	0	100	0	0	3
104	98	0	1.24841988	-93.9411685	-94.1796025	-95.0408456	-93.5573275	1.2080476	2.02330499	0	100	0	0	3
105	99	0	1.26042392	-93.7288043	-94.159735	-95.0408456	-93.5573275	1.2279151	2.02330499	0	100	0	0	3
106	100	0	1.27242796	-94.1658761	-94.1389024	-94.9146047	-93.5573275	1.24874771	2.02330499	0	100	0	0	3
107	101	0	1.28443199	-93.7857607	-94.1297791	-94.9146047	-93.5573275	1.25787099	2.02330499	0	100	0	0	3
108	101	0	1.29643603	-94.6894862	-94.1276454	-94.9146047	-93.5573275	1.26000471	2.02330499	0	100	0	0	3
109	102	0	1.30844007	-93.8445982	-94.1224694	-94.9146047	-93.5573275	1.26086656	2.02330499	0	100	0	0	3
110	103	0	1.32044411	-94.5869562	-94.1302434	-94.9146047	-93.5573275	1.25997774	2.02330499	0	100	0	0	3
111	104	0	1.33244814	-93.9962683	-94.1406944	-94.9146047	-93.6184174	1.24250339	2.02330499	0	100	0	0	3
112	105	0	1.34445218	-94.4980574	-94.1474211	-94.9146047	-93.6184174	1.2153083	2.02330499	0	100	0	0	3
113	106	0	1.35645622	-94.040191	-94.1525475	-94.9146047	-93.6184174	1.17006168	2.02330499	0	100	0	0	3
114	107	0	1.36846025	-94.530383	-94.1537093	-94.9146047	-93.6184174	1.12980284	2.02330499	0	100	0	0	3
115	108	0	1.38046429	-93.8294638	-94.1567957	-94.9146047	-93.6184174	1.09905912	2.02330499	0	100	0	0	3
116	109	0	1.39246833	-94.1395155	-94.1498448	-94.9146047	-93.6184174	1.06332429	2.02330499	0	100	0	0	3
117	109	0	1.40447237	-93.7035469	-94.1423394	-94.9146047	-93.6184174	1.02829408	2.02330499	0	100	0	0	3
118	110	0	1.4164764	-94.331331	-94.1350509	-94.9146047	-93.6184174	0.983938682	2.02330499	0	100	0	0	3
