Iteration	CPUTime	PhysTime	Travels	Value	AvValue	MinValue	MaxValue	Delta	Criteria	PrevAvRefValue	Progress	CriteriaType	CriteriaVarType	CriteriaPercentage
1	3	0	0.0120040373	101326.442	101326.442	101326.442	101326.442	0	0	0	0	0	0	3
2	4	0	0.0240080746	101324.984	101325.713	101324.984	101326.442	0.728979836	0	0	0	0	0	3
3	5	0	0.036012112	101325.082	101325.502	101324.984	101326.442	0.939080613	0	0	0	0	0	3
4	6	0	0.0480161493	101325.057	101325.391	101324.984	101326.442	1.05031329	0	0	0	0	0	3
5	7	0	0.0600201866	101325.051	101325.323	101324.984	101326.442	1.1182522	0	0	0	0	0	3
6	8	0	0.0720242239	101325.044	101325.277	101324.984	101326.442	1.16487132	0	0	0	0	0	3
7	8	0	0.0840282612	101325.065	101325.246	101324.984	101326.442	1.1950638	0	0	0	0	0	3
8	9	0	0.0960322986	101325.044	101325.221	101324.984	101326.442	1.22031136	0	0	0	0	0	3
9	10	0	0.108036336	101325.067	101325.204	101324.984	101326.442	1.23746921	0	0	0	0	0	3
10	11	0	0.120040373	101325.039	101325.188	101324.984	101326.442	1.25395886	0	0	0	0	0	3
11	12	0	0.132044411	101325.06	101325.176	101324.984	101326.442	1.26551425	0	0	0	0	0	3
12	13	0	0.144048448	101325.036	101325.164	101324.984	101326.442	1.27716595	0	0	0	0	0	3
13	14	0	0.156052485	101325.057	101325.156	101324.984	101326.442	1.28540415	0	0	0	0	0	3
14	15	0	0.168056522	101325.031	101325.147	101324.984	101326.442	1.29436376	0	0	0	0	0	3
15	16	0	0.18006056	101325.045	101325.14	101324.984	101326.442	1.3012015	0	0	0	0	0	3
16	17	0	0.192064597	101325.027	101325.133	101324.984	101326.442	1.30827785	0	0	0	0	0	3
17	18	0	0.204068634	101325.04	101325.128	101324.984	101326.442	1.31376076	0	0	0	0	0	3
18	18	0	0.216072672	101325.026	101325.122	101324.984	101326.442	1.31942486	0	0	0	0	0	3
19	19	0	0.228076709	101325.034	101325.117	101324.984	101326.442	1.32406841	0	0	0	0	0	3
20	20	0	0.240080746	101325.028	101325.113	101324.984	101326.442	1.32851935	0	0	0	0	0	3
21	21	0	0.252084784	101325.032	101325.109	101324.984	101326.442	1.33239325	0	0	0	0	0	3
22	22	0	0.264088821	101325.031	101325.106	101324.984	101326.442	1.33592351	0	0	0	0	0	3
23	23	0	0.276092858	101325.031	101325.102	101324.984	101326.442	1.33915396	0	0	0	0	0	3
24	24	0	0.288096896	101325.027	101325.099	101324.984	101326.442	1.34229084	0	0	0	0	0	3
25	25	0	0.300100933	101325.025	101325.096	101324.984	101326.442	1.34527028	0	0	0	0	0	3
26	26	0	0.31210497	101325.019	101325.093	101324.984	101326.442	1.34824529	0	0	0	0	0	3
27	27	0	0.324109008	101325.011	101325.09	101324.984	101326.442	1.35128638	0	0	0	0	0	3
28	28	0	0.336113045	101325.001	101325.087	101324.984	101326.442	1.35446081	0	0	0	0	0	3
29	29	0	0.348117082	101324.993	101325.084	101324.984	101326.442	1.35768764	0	0	0	0	0	3
30	30	0	0.36012112	101324.987	101325.081	101324.984	101326.442	1.36091591	0	0	0	0	0	3
31	31	0	0.372125157	101324.983	101325.077	101324.983	101326.442	1.36407741	0	0	0	0	0	3
32	32	0	0.384129194	101324.979	101325.074	101324.979	101326.442	1.36715445	0	0	0	0	0	3
33	33	0	0.396133232	101324.978	101325.071	101324.978	101326.442	1.37008522	0	0	0	0	0	3
34	34	0	0.408137269	101324.978	101325.069	101324.978	101326.442	1.37283238	0	0	0	0	0	3
35	34	0	0.420141306	101324.98	101325.066	101324.978	101326.442	1.37537384	0	0	0	0	0	3
36	35	0	0.432145344	101324.983	101325.064	101324.978	101326.442	1.37768485	0	0	0	0	0	3
37	36	0	0.444149381	101324.986	101325.062	101324.978	101326.442	1.37979752	0	0	0	0	0	3
38	37	0	0.456153418	101324.988	101325.06	101324.978	101326.442	1.38172835	0	0	0	0	0	3
39	38	0	0.468157455	101324.991	101325.058	101324.978	101326.442	1.38350282	0	0	0	0	0	3
40	39	0	0.480161493	101324.992	101325.056	101324.978	101326.442	1.38515735	0	0	0	0	0	3
41	40	0	0.49216553	101324.992	101325.055	101324.978	101326.442	1.38673243	0	0	0	0	0	3
42	41	0	0.504169567	101324.992	101325.053	101324.978	101326.442	1.38822238	0	0	0	0	0	3
43	42	0	0.516173605	101324.992	101325.019	101324.978	101325.082	0.104587669	0	0	0	0	0	3
44	43	0	0.528177642	101324.992	101325.019	101324.978	101325.082	0.104587669	0	0	0	0	0	3
45	44	0	0.540181679	101324.992	101325.017	101324.978	101325.067	0.0891378057	0	0	0	0	0	3
46	45	0	0.552185717	101324.992	101325.015	101324.978	101325.067	0.0891378057	0	0	0	0	0	3
47	46	0	0.564189754	101324.993	101325.014	101324.978	101325.067	0.0891378057	0	0	0	0	0	3
48	47	0	0.576193791	101324.993	101325.013	101324.978	101325.067	0.0891378057	0	0	0	0	0	3
49	48	0	0.588197829	101324.993	101325.011	101324.978	101325.067	0.0891378057	0	0	0	0	0	3
50	49	0	0.600201866	101324.992	101325.01	101324.978	101325.067	0.0891378057	0	0	0	0	0	3
51	50	0	0.612205903	101324.991	101325.008	101324.978	101325.06	0.0828017424	0	0	0	0	0	3
52	51	0	0.624209941	101324.992	101325.007	101324.978	101325.06	0.0828017424	0	0	0	0	0	3
53	52	0	0.636213978	101324.992	101325.005	101324.978	101325.057	0.0796072354	0	0	0	0	0	3
54	53	0	0.648218015	101324.992	101325.004	101324.978	101325.057	0.0796072354	0	0	0	0	0	3
55	53	0	0.660222053	101324.993	101325.003	101324.978	101325.045	0.066939984	0	0	0	0	0	3
56	54	0	0.67222609	101324.994	101325.002	101324.978	101325.045	0.066939984	0	0	0	0	0	3
57	55	0	0.684230127	101324.993	101325	101324.978	101325.04	0.0623824209	0	0	0	0	0	3
58	56	0	0.696234165	101324.993	101325	101324.978	101325.04	0.0623824209	0	0	0	0	0	3
59	57	0	0.708238202	101324.992	101324.999	101324.978	101325.034	0.0562174808	0	0	0	0	0	3
60	58	0	0.720242239	101324.991	101324.998	101324.978	101325.034	0.0562174808	0	0	0	0	0	3
61	59	0	0.732246277	101324.991	101324.997	101324.978	101325.032	0.0539986666	0	0	0	0	0	3
62	60	0	0.744250314	101324.99	101324.996	101324.978	101325.032	0.0539986666	0	0	0	0	0	3
63	61	0	0.756254351	101324.99	101324.995	101324.978	101325.031	0.053810903	0	0	0	0	0	3
64	62	0	0.768258388	101324.99	101324.994	101324.978	101325.031	0.0536460497	0	0	0	0	0	3
65	62	0	0.780262426	101324.99	101324.993	101324.978	101325.027	0.0494307285	0	0	0	0	0	3
66	63	0	0.792266463	101324.99	101324.992	101324.978	101325.025	0.0470928745	0	0	0	0	0	3
67	64	0	0.8042705	101324.991	101324.991	101324.978	101325.019	0.041249413	0	0	0	0	0	3
68	65	0	0.816274538	101324.991	101324.99	101324.978	101325.011	0.0335150075	0	0	0	0	0	3
69	66	0	0.828278575	101324.99	101324.99	101324.978	101325.001	0.0236994103	0	0	0	0	0	3
70	67	0	0.840282612	101324.99	101324.99	101324.978	101324.994	0.0160309055	0	0	0	0	0	3
71	68	0	0.85228665	101324.99	101324.99	101324.978	101324.994	0.0160309055	0	0	0	0	0	3
72	69	0	0.864290687	101324.989	101324.99	101324.978	101324.994	0.0160309055	0	0	0	0	0	3
73	70	0	0.876294724	101324.988	101324.99	101324.978	101324.994	0.0160309055	0	0	0	0	0	3
74	70	0	0.888298762	101324.987	101324.99	101324.978	101324.994	0.0160309055	0	0	0	0	0	3
75	71	0	0.900302799	101324.986	101324.99	101324.978	101324.994	0.0156495812	0	0	0	0	0	3
76	72	0	0.912306836	101324.985	101324.99	101324.98	101324.994	0.0139444307	0	0	0	0	0	3
77	73	0	0.924310874	101324.986	101324.991	101324.983	101324.994	0.0107313401	0	0	0	0	0	3
78	74	0	0.936314911	101324.986	101324.991	101324.985	101324.994	0.0082352133	0	0	0	0	0	3
79	75	0	0.948318948	101324.987	101324.991	101324.985	101324.994	0.0082352133	0	0	0	0	0	3
80	76	0	0.960322986	101324.988	101324.991	101324.985	101324.994	0.0082352133	0	0	0	0	0	3
81	77	0	0.972327023	101324.988	101324.991	101324.985	101324.994	0.0082352133	0	0	0	0	0	3
82	78	0	0.98433106	101324.987	101324.99	101324.985	101324.994	0.0082352133	0	0	0	0	0	3
83	78	0	0.996335098	101324.986	101324.99	101324.985	101324.994	0.0082352133	0	0	0	0	0	3
84	79	0	1.00833913	101324.985	101324.99	101324.985	101324.994	0.00844840205	0.00313763008	0	0	0	0	3
85	80	0	1.02034317	101324.985	101324.99	101324.985	101324.994	0.0087011853	0.00313763008	0	0	0	0	3
86	81	0	1.03234721	101324.985	101324.99	101324.985	101324.994	0.00893583985	0.00313763008	0	0	0	0	3
87	82	0	1.04435125	101324.985	101324.99	101324.985	101324.994	0.00893583985	0.00313763008	0	0	0	0	3
88	83	0	1.05635528	101324.986	101324.989	101324.985	101324.994	0.00893583985	0.00313763008	0	0	0	0	3
89	84	0	1.06835932	101324.986	101324.989	101324.985	101324.994	0.00893583985	0.00313763008	0	0	0	0	3
90	85	0	1.08036336	101324.986	101324.989	101324.985	101324.994	0.00893583985	0.00313763008	0	0	0	0	3
91	86	0	1.0923674	101324.987	101324.989	101324.985	101324.994	0.00893583985	0.00313763008	0	0	0	0	3
92	87	0	1.10437143	101324.986	101324.989	101324.985	101324.994	0.00893583985	0.00313763008	0	0	0	0	3
93	88	0	1.11637547	101324.986	101324.989	101324.985	101324.994	0.00893583985	0.00313763008	0	0	0	0	3
94	88	0	1.12837951	101324.986	101324.989	101324.985	101324.994	0.00893583985	0.00313763008	0	0	0	0	3
95	89	0	1.14038355	101324.986	101324.988	101324.985	101324.994	0.00893583985	0.00313763008	0	0	0	0	3
96	90	0	1.15238758	101324.986	101324.988	101324.985	101324.994	0.00893583985	0.00313763008	0	0	0	0	3
97	91	0	1.16439162	101324.985	101324.988	101324.985	101324.994	0.00893583985	0.00313763008	0	0	0	0	3
98	92	0	1.17639566	101324.985	101324.988	101324.985	101324.993	0.00868238728	0.00313763008	0	0	0	0	3
99	93	0	1.18839969	101324.985	101324.988	101324.985	101324.993	0.00797358927	0.00313763008	0	0	0	0	3
100	94	0	1.20040373	101324.986	101324.988	101324.985	101324.992	0.00732074707	0.00313763008	0	0	0	0	3
101	95	0	1.21240777	101324.986	101324.987	101324.985	101324.991	0.0066103346	0.00313763008	0	0	0	0	3
102	96	0	1.22441181	101324.985	101324.987	101324.985	101324.991	0.006310999	0.00313763008	0	0	0	0	3
103	97	0	1.23641584	101324.986	101324.987	101324.985	101324.991	0.006310999	0.00313763008	0	0	0	0	3
104	98	0	1.24841988	101324.986	101324.987	101324.985	101324.991	0.006310999	0.00313763008	0	0	0	0	3
105	99	0	1.26042392	101324.987	101324.987	101324.985	101324.991	0.006310999	0.00313763008	0	0	0	0	3
106	100	0	1.27242796	101324.986	101324.987	101324.985	101324.991	0.00594909854	0.00313763008	0	0	0	0	3
107	101	0	1.28443199	101324.986	101324.987	101324.985	101324.991	0.00518256665	0.00313763008	0	0	0	0	3
108	101	0	1.29643603	101324.985	101324.987	101324.985	101324.991	0.00450067106	0.00313763008	0	0	0	0	3
109	102	0	1.30844007	101324.985	101324.986	101324.985	101324.991	0.00413707712	0.00313763008	0	0	0	0	3
110	103	0	1.32044411	101324.985	101324.986	101324.985	101324.99	0.00428219386	0.00313763008	0	0	0	0	3
111	104	0	1.33244814	101324.986	101324.986	101324.985	101324.99	0.00439680376	0.00313763008	0	0	0	0	3
112	105	0	1.34445218	101324.986	101324.986	101324.985	101324.99	0.0044906125	0.00313763008	0	0	0	0	3
113	106	0	1.35645622	101324.986	101324.986	101324.985	101324.989	0.00423376546	0.00313763008	0	0	0	0	3
114	107	0	1.36846025	101324.986	101324.986	101324.985	101324.988	0.00352985765	0.00313763008	0	0	0	0	3
115	108	0	1.38046429	101324.986	101324.986	101324.985	101324.988	0.00317536683	0.00313763008	0	0	0	0	3
116	109	0	1.39246833	101324.987	101324.986	101324.985	101324.988	0.00317536683	0.00313763008	0	0	0	0	3
117	109	0	1.40447237	101324.987	101324.986	101324.985	101324.988	0.00317536683	0.00313763008	0	0	0	0	3
118	110	0	1.4164764	101324.986	101324.986	101324.985	101324.988	0.00317536683	0.00313763008	0	0	0	0	3
