Iteration	CPUTime	PhysTime	Travels	Value	AvValue	MinValue	MaxValue	Delta	Criteria	PrevAvRefValue	Progress	CriteriaType	CriteriaVarType	CriteriaPercentage
1	4	0	0.0101076641	-1921.82183	-1921.82183	-1921.82183	-1921.82183	0	0	0	0	0	0	3
2	5	0	0.0202153282	-180.550781	-1051.1863	-1921.82183	-180.550781	870.635522	0	0	0	0	0	3
3	5	0	0.0303229922	-76.1468344	-726.173147	-1921.82183	-76.1468344	1195.64868	0	0	0	0	0	3
4	6	0	0.0404306563	-45.4745116	-555.998488	-1921.82183	-45.4745116	1365.82334	0	0	0	0	0	3
5	7	0	0.0505383204	-57.2765997	-456.25411	-1921.82183	-45.4745116	1465.56771	0	0	0	0	0	3
6	8	0	0.0606459845	-48.0195359	-388.215015	-1921.82183	-45.4745116	1533.60681	0	0	0	0	0	3
7	8	0	0.0707536485	-53.2140661	-340.357736	-1921.82183	-45.4745116	1581.46409	0	0	0	0	0	3
8	9	0	0.0808613126	-46.7598753	-303.658004	-1921.82183	-45.4745116	1618.16382	0	0	0	0	0	3
9	10	0	0.0909689767	-49.3146028	-275.397626	-1921.82183	-45.4745116	1646.4242	0	0	0	0	0	3
10	10	0	0.101076641	-45.2052618	-252.378389	-1921.82183	-45.2052618	1669.44344	0	0	0	0	0	3
11	11	0	0.111184305	-44.752198	-233.503281	-1921.82183	-44.752198	1688.31854	0	0	0	0	0	3
12	12	0	0.121291969	-42.8026847	-217.611565	-1921.82183	-42.8026847	1704.21026	0	0	0	0	0	3
13	13	0	0.131399633	-42.7060418	-204.157294	-1921.82183	-42.7060418	1717.66453	0	0	0	0	0	3
14	13	0	0.141507297	-41.3807225	-192.530396	-1921.82183	-41.3807225	1729.29143	0	0	0	0	0	3
15	14	0	0.151614961	-41.1876521	-182.44088	-1921.82183	-41.1876521	1739.38095	0	0	0	0	0	3
16	15	0	0.161722625	-40.3034484	-173.55729	-1921.82183	-40.3034484	1748.26454	0	0	0	0	0	3
17	16	0	0.171830289	-40.0235812	-165.702366	-1921.82183	-40.0235812	1756.11946	0	0	0	0	0	3
18	16	0	0.181937953	-39.3600389	-158.683348	-1921.82183	-39.3600389	1763.13848	0	0	0	0	0	3
19	17	0	0.192045617	-38.9735088	-152.38283	-1921.82183	-38.9735088	1769.439	0	0	0	0	0	3
20	18	0	0.202153282	-38.6392017	-146.695649	-1921.82183	-38.6392017	1775.12618	0	0	0	0	0	3
21	18	0	0.212260946	-38.2798085	-141.53299	-1921.82183	-38.2798085	1780.28884	0	0	0	0	0	3
22	19	0	0.22236861	-38.0710396	-136.830174	-1921.82183	-38.0710396	1784.99165	0	0	0	0	0	3
23	20	0	0.232476274	-37.8016446	-132.524585	-1921.82183	-37.8016446	1789.29724	0	0	0	0	0	3
24	21	0	0.242583938	-37.456714	-128.563424	-1921.82183	-37.456714	1793.2584	0	0	0	0	0	3
25	21	0	0.252691602	-37.1801502	-124.908093	-1921.82183	-37.1801502	1796.91373	0	0	0	0	0	3
26	22	0	0.262799266	-37.1960206	-121.534552	-1921.82183	-37.1801502	1800.28727	0	0	0	0	0	3
27	23	0	0.27290693	-36.9851911	-118.403094	-1921.82183	-36.9851911	1803.41873	0	0	0	0	0	3
28	24	0	0.283014594	-36.8534396	-115.490606	-1921.82183	-36.8534396	1806.33122	0	0	0	0	0	3
29	25	0	0.293122258	-36.6862405	-112.773215	-1921.82183	-36.6862405	1809.04861	0	0	0	0	0	3
30	26	0	0.303229922	-36.5671704	-110.233013	-1921.82183	-36.5671704	1811.58881	0	0	0	0	0	3
31	27	0	0.313337586	-36.2539657	-107.846592	-1921.82183	-36.2539657	1813.97523	0	0	0	0	0	3
32	28	0	0.32344525	-35.9849979	-105.600917	-1921.82183	-35.9849979	1816.22091	0	0	0	0	0	3
33	29	0	0.333552915	-35.4501723	-103.475137	-1921.82183	-35.4501723	1818.34669	0	0	0	0	0	3
34	29	0	0.343660579	-35.2276694	-101.467859	-1921.82183	-35.2276694	1820.35397	0	0	0	0	0	3
35	30	0	0.353768243	-35.2310963	-99.5753798	-1921.82183	-35.2276694	1822.24645	0	0	0	0	0	3
36	31	0	0.363875907	-35.1001593	-97.7844015	-1921.82183	-35.1001593	1824.03742	0	0	0	0	0	3
37	32	0	0.373983571	-35.0247791	-96.0881954	-1921.82183	-35.0247791	1825.73363	0	0	0	0	0	3
38	33	0	0.384091235	-35.0138677	-94.4809763	-1921.82183	-35.0138677	1827.34085	0	0	0	0	0	3
39	33	0	0.394198899	-34.9575043	-92.9547334	-1921.82183	-34.9575043	1828.86709	0	0	0	0	0	3
40	34	0	0.404306563	-34.8141762	-91.5012195	-1921.82183	-34.8141762	1830.32061	0	0	0	0	0	3
41	35	0	0.414414227	-34.6339723	-90.1142135	-1921.82183	-34.6339723	1831.70761	0	0	0	0	0	3
42	36	0	0.424521891	-34.3697851	-88.7869652	-1921.82183	-34.3697851	1833.03486	0	0	0	0	0	3
43	37	0	0.434629555	-34.2428621	-87.5184977	-1921.82183	-34.2428621	1834.30333	0	0	0	0	0	3
44	38	0	0.444737219	-34.056757	-86.3034581	-1921.82183	-34.056757	1835.51837	0	0	0	0	0	3
45	38	0	0.454844883	-34.0387322	-85.1420197	-1921.82183	-34.0387322	1836.67981	0	0	0	0	0	3
46	39	0	0.464952548	-33.9069159	-84.0282131	-1921.82183	-33.9069159	1837.79361	0	0	0	0	0	3
47	40	0	0.475060212	-34.1730788	-82.9674656	-1921.82183	-33.9069159	1838.85436	0	0	0	0	0	3
48	41	0	0.485167876	-34.0785162	-81.9489458	-1921.82183	-33.9069159	1839.87288	0	0	0	0	0	3
49	42	0	0.49527554	-34.2125195	-80.974733	-1921.82183	-33.9069159	1840.84709	0	0	0	0	0	3
50	42	0	0.505383204	-34.1013766	-80.0372659	-1921.82183	-33.9069159	1841.78456	0	0	0	0	0	3
51	43	0	0.515490868	-34.3526975	-42.2878834	-180.550781	-33.9069159	146.643866	0	0	0	0	0	3
52	44	0	0.525598532	-34.3187573	-39.3632429	-76.1468344	-33.9069159	42.2399185	0	0	0	0	0	3
53	45	0	0.535706196	-34.4264136	-38.5288345	-57.2765997	-33.9069159	23.3696838	0	0	0	0	0	3
54	46	0	0.54581386	-34.084057	-38.3010254	-57.2765997	-33.9069159	23.3696838	0	0	0	0	0	3
55	46	0	0.555921524	-34.1565593	-37.8386246	-53.2140661	-33.9069159	19.3071502	0	0	0	0	0	3
56	47	0	0.566029188	-33.9992809	-37.5582195	-53.2140661	-33.9069159	19.3071502	0	0	0	0	0	3
57	48	0	0.576136852	-34.1212254	-37.1763626	-49.3146028	-33.9069159	15.4076869	0	0	0	0	0	3
58	49	0	0.586244516	-34.1053624	-36.9232724	-49.3146028	-33.9069159	15.4076869	0	0	0	0	0	3
59	50	0	0.596352181	-34.1970794	-36.6209219	-45.2052618	-33.9069159	11.298346	0	0	0	0	0	3
60	51	0	0.606459845	-34.0636497	-36.3980897	-44.752198	-33.9069159	10.8452821	0	0	0	0	0	3
61	51	0	0.616567509	-34.2028068	-36.1871018	-42.8026847	-33.9069159	8.89576879	0	0	0	0	0	3
62	52	0	0.626675173	-33.9963621	-36.0109754	-42.7060418	-33.9069159	8.79912586	0	0	0	0	0	3
63	53	0	0.636782837	-34.2109132	-35.8410728	-41.3807225	-33.9069159	7.47380664	0	0	0	0	0	3
64	54	0	0.646890501	-34.1363365	-35.6961851	-41.1876521	-33.9069159	7.28073624	0	0	0	0	0	3
65	55	0	0.656998165	-34.2243368	-35.5569188	-40.3034484	-33.9069159	6.39653251	0	0	0	0	0	3
66	55	0	0.667105829	-34.1909263	-35.4346684	-40.0235812	-33.9069159	6.11666528	0	0	0	0	0	3
67	56	0	0.677213493	-34.2390544	-35.3189778	-39.3600389	-33.9069159	5.45312298	0	0	0	0	0	3
68	57	0	0.687321157	-33.794298	-35.207663	-38.9735088	-33.794298	5.17921072	0	0	0	0	0	3
69	58	0	0.697428821	-33.6884607	-35.101962	-38.6392017	-33.6884607	4.95074105	0	0	0	0	0	3
70	59	0	0.707536485	-33.5976183	-35.0011304	-38.2798085	-33.5976183	4.68219016	0	0	0	0	0	3
71	60	0	0.717644149	-33.843475	-34.9124037	-38.0710396	-33.5976183	4.4734213	0	0	0	0	0	3
72	60	0	0.727751814	-33.679328	-34.8245695	-37.8016446	-33.5976183	4.20402625	0	0	0	0	0	3
73	61	0	0.737859478	-33.8692769	-34.7459221	-37.456714	-33.5976183	3.85909567	0	0	0	0	0	3
74	62	0	0.747967142	-33.9667368	-34.6761226	-37.1960206	-33.5976183	3.59840227	0	0	0	0	0	3
75	63	0	0.758074806	-34.3831331	-34.6201822	-37.1960206	-33.5976183	3.59840227	0	0	0	0	0	3
76	63	0	0.76818247	-34.4989352	-34.5662405	-36.9851911	-33.5976183	3.3875728	0	0	0	0	0	3
77	64	0	0.778290134	-34.7512703	-34.5215621	-36.8534396	-33.5976183	3.25582128	0	0	0	0	0	3
78	65	0	0.788397798	-34.6289263	-34.4770718	-36.6862405	-33.5976183	3.08862211	0	0	0	0	0	3
79	66	0	0.798505462	-34.7462262	-34.4382716	-36.5671704	-33.5976183	2.9695521	0	0	0	0	0	3
80	66	0	0.808613126	-34.4076516	-34.3950812	-36.2539657	-33.5976183	2.65634732	0	0	0	0	0	3
81	67	0	0.81872079	-34.2772134	-34.3555461	-35.9849979	-33.5976183	2.38737956	0	0	0	0	0	3
82	68	0	0.828828454	-33.9832784	-34.3155117	-35.4501723	-33.5976183	1.85255398	0	0	0	0	0	3
83	69	0	0.838936118	-34.0665162	-34.2878386	-35.2310963	-33.5976183	1.63347791	0	0	0	0	0	3
84	69	0	0.849043782	-33.7880909	-34.2590471	-35.2310963	-33.5976183	1.63347791	0	0	0	0	0	3
85	70	0	0.859151447	-33.6492855	-34.2274108	-35.1001593	-33.5976183	1.50254091	0	0	0	0	0	3
86	71	0	0.869259111	-33.5378583	-34.1961648	-35.0247791	-33.5378583	1.48692075	0	0	0	0	0	3
87	72	0	0.879366775	-33.7741549	-34.1711523	-35.0138677	-33.5378583	1.47600936	0	0	0	0	0	3
88	72	0	0.889474439	-33.6864266	-34.1446035	-34.9575043	-33.5378583	1.41964594	0	0	0	0	0	3
89	73	0	0.899582103	-34.0499895	-34.1264532	-34.8141762	-33.5378583	1.27631792	0	0	0	0	0	3
90	74	0	0.909689767	-34.0573089	-34.1113159	-34.7512703	-33.5378583	1.21341201	0	0	0	0	0	3
91	75	0	0.919797431	-34.1445658	-34.1015277	-34.7512703	-33.5378583	1.21341201	0	0	0	0	0	3
92	75	0	0.929905095	-34.1801993	-34.097736	-34.7512703	-33.5378583	1.21341201	0	0	0	0	0	3
93	76	0	0.940012759	-34.359757	-34.1000739	-34.7512703	-33.5378583	1.21341201	0	0	0	0	0	3
94	77	0	0.950120423	-34.2794284	-34.1045273	-34.7512703	-33.5378583	1.21341201	0	0	0	0	0	3
95	78	0	0.960228087	-34.3755871	-34.1112644	-34.7512703	-33.5378583	1.21341201	0	0	0	0	0	3
96	78	0	0.970335751	-34.0513526	-34.1141532	-34.7512703	-33.5378583	1.21341201	0	0	0	0	0	3
97	79	0	0.980443415	-34.0991952	-34.1126755	-34.7512703	-33.5378583	1.21341201	0	0	0	0	0	3
98	80	0	0.99055108	-33.8549213	-34.1082036	-34.7512703	-33.5378583	1.21341201	0	0	0	0	0	3
99	81	0	1.00065874	-33.93389	-34.102631	-34.7512703	-33.5378583	1.21341201	1.27826928	0	100	0	0	3
100	81	0	1.01076641	-33.8956481	-34.0985165	-34.7512703	-33.5378583	1.21341201	1.27826928	0	100	0	0	3
101	83	0	1.02087407	-33.9768341	-34.0909992	-34.7512703	-33.5378583	1.21341201	1.27826928	0	100	0	0	3
102	84	0	1.03098174	-33.6957359	-34.0785388	-34.7512703	-33.5378583	1.21341201	1.27826928	0	100	0	0	3
103	85	0	1.0410894	-33.7573755	-34.065158	-34.7512703	-33.5378583	1.21341201	1.27826928	0	100	0	0	3
104	86	0	1.05119706	-33.7762664	-34.0590022	-34.7512703	-33.5378583	1.21341201	1.27826928	0	100	0	0	3
105	87	0	1.06130473	-33.9184367	-34.0542397	-34.7512703	-33.5378583	1.21341201	1.27826928	0	100	0	0	3
106	88	0	1.07141239	-33.8145829	-34.0505458	-34.7512703	-33.5378583	1.21341201	1.27826928	0	100	0	0	3
107	89	0	1.08152006	-34.0907079	-34.0499354	-34.7512703	-33.5378583	1.21341201	1.27826928	0	100	0	0	3
108	91	0	1.09162772	-33.9440022	-34.0467082	-34.7512703	-33.5378583	1.21341201	1.27826928	0	100	0	0	3
109	92	0	1.10173538	-34.0462359	-34.0436913	-34.7512703	-33.5378583	1.21341201	1.27826928	0	100	0	0	3
110	93	0	1.11184305	-34.1874766	-34.0461679	-34.7512703	-33.5378583	1.21341201	1.27826928	0	100	0	0	3
111	94	0	1.12195071	-34.4641462	-34.0513947	-34.7512703	-33.5378583	1.21341201	1.27826928	0	100	0	0	3
112	94	0	1.13205838	-34.445697	-34.0603814	-34.7512703	-33.5378583	1.21341201	1.27826928	0	100	0	0	3
113	95	0	1.14216604	-34.506028	-34.0662837	-34.7512703	-33.5378583	1.21341201	1.27826928	0	100	0	0	3
114	96	0	1.1522737	-34.23337	-34.0682243	-34.7512703	-33.5378583	1.21341201	1.27826928	0	100	0	0	3
115	97	0	1.16238137	-34.3581338	-34.0709003	-34.7512703	-33.5378583	1.21341201	1.27826928	0	100	0	0	3
