Iteration	CPUTime	PhysTime	Travels	Value	AvValue	MinValue	MaxValue	Delta	Criteria	PrevAvRefValue	Progress	CriteriaType	CriteriaVarType	CriteriaPercentage
1	15	0	0.010402389	0.0794889204	0.0794889204	0.0794889204	0.0794889204	0	0	0	0	0	0	3
2	16	0	0.0208047781	-0.120722457	-0.0206167681	-0.120722457	0.0794889204	0.100105689	0	0	0	0	0	3
3	18	0	0.0312071671	0.0283221855	-0.00430378361	-0.120722457	0.0794889204	0.100105689	0	0	0	0	0	3
4	19	0	0.0416095562	0.00715228938	-0.00143976536	-0.120722457	0.0794889204	0.100105689	0	0	0	0	0	3
5	20	0	0.0520119452	-0.00644281131	-0.00244037455	-0.120722457	0.0794889204	0.100105689	0	0	0	0	0	3
6	21	0	0.0624143343	-0.00693622334	-0.00318968268	-0.120722457	0.0794889204	0.100105689	0	0	0	0	0	3
7	23	0	0.0728167233	-0.00549401236	-0.00351887263	-0.120722457	0.0794889204	0.100105689	0	0	0	0	0	3
8	24	0	0.0832191124	0.00515882206	-0.0024341608	-0.120722457	0.0794889204	0.100105689	0	0	0	0	0	3
9	25	0	0.0936215014	-0.0160418371	-0.00394612483	-0.120722457	0.0794889204	0.100105689	0	0	0	0	0	3
10	27	0	0.10402389	-0.000127428909	-0.00356425524	-0.120722457	0.0794889204	0.100105689	0	0	0	0	0	3
11	28	0	0.11442628	-0.017116989	-0.00479632194	-0.120722457	0.0794889204	0.100105689	0	0	0	0	0	3
12	29	0	0.124828669	0.00379466248	-0.00408040658	-0.120722457	0.0794889204	0.100105689	0	0	0	0	0	3
13	30	0	0.135231058	-0.00816146527	-0.00439433417	-0.120722457	0.0794889204	0.100105689	0	0	0	0	0	3
14	32	0	0.145633447	0.000448677828	-0.00404840474	-0.120722457	0.0794889204	0.100105689	0	0	0	0	0	3
15	33	0	0.156035836	-0.012667427	-0.00462300622	-0.120722457	0.0794889204	0.100105689	0	0	0	0	0	3
16	34	0	0.166438225	-0.00196287843	-0.00445674824	-0.120722457	0.0794889204	0.100105689	0	0	0	0	0	3
17	36	0	0.176840614	0.00436379572	-0.00393789271	-0.120722457	0.0794889204	0.100105689	0	0	0	0	0	3
18	37	0	0.187243003	-0.0117773084	-0.00437341581	-0.120722457	0.0794889204	0.100105689	0	0	0	0	0	3
19	38	0	0.197645392	0.00524651994	-0.0038671034	-0.120722457	0.0794889204	0.100105689	0	0	0	0	0	3
20	39	0	0.208047781	-0.0183344354	-0.00459047	-0.120722457	0.0794889204	0.100105689	0	0	0	0	0	3
21	41	0	0.21845017	0.0142158456	-0.00369493116	-0.120722457	0.0794889204	0.100105689	0	0	0	0	0	3
22	42	0	0.228852559	-0.0149169013	-0.00420502071	-0.120722457	0.0794889204	0.100105689	0	0	0	0	0	3
23	44	0	0.239254948	0.0176919537	-0.00325297835	-0.120722457	0.0794889204	0.100105689	0	0	0	0	0	3
24	45	0	0.249657337	-0.00666698642	-0.00339522868	-0.120722457	0.0794889204	0.100105689	0	0	0	0	0	3
25	46	0	0.260059726	-0.00628126435	-0.00351067011	-0.120722457	0.0794889204	0.100105689	0	0	0	0	0	3
26	47	0	0.270462115	-0.00363424618	-0.00351542303	-0.120722457	0.0794889204	0.100105689	0	0	0	0	0	3
27	49	0	0.280864504	-0.0119393174	-0.00382741912	-0.120722457	0.0794889204	0.100105689	0	0	0	0	0	3
28	50	0	0.291266893	-0.0165791124	-0.00428283674	-0.120722457	0.0794889204	0.100105689	0	0	0	0	0	3
29	51	0	0.301669282	-0.0142178825	-0.00462542453	-0.120722457	0.0794889204	0.100105689	0	0	0	0	0	3
30	53	0	0.312071671	-0.016112761	-0.00500833574	-0.120722457	0.0794889204	0.100105689	0	0	0	0	0	3
31	54	0	0.32247406	-0.0199194875	-0.00548934064	-0.120722457	0.0794889204	0.100105689	0	0	0	0	0	3
32	56	0	0.33287645	0.0044430721	-0.00517895274	-0.120722457	0.0794889204	0.100105689	0	0	0	0	0	3
33	57	0	0.343278839	-0.044174741	-0.00636064329	-0.120722457	0.0794889204	0.100105689	0	0	0	0	0	3
34	58	0	0.353681228	0.0384309989	-0.00504324205	-0.120722457	0.0794889204	0.100105689	0	0	0	0	0	3
35	60	0	0.364083617	0.0654431506	-0.00302934512	-0.120722457	0.0794889204	0.100105689	0	0	0	0	0	3
36	61	0	0.374486006	-0.00108820538	-0.00297542457	-0.120722457	0.0794889204	0.100105689	0	0	0	0	0	3
37	63	0	0.384888395	0.0148269639	-0.00249427893	-0.120722457	0.0794889204	0.100105689	0	0	0	0	0	3
38	64	0	0.395290784	-0.0405920303	-0.00349685134	-0.120722457	0.0794889204	0.100105689	0	0	0	0	0	3
39	66	0	0.405693173	0.107346005	-0.000654726811	-0.120722457	0.107346005	0.100105689	0	0	0	0	0	3
40	67	0	0.416095562	-0.00988837445	-0.000885568002	-0.120722457	0.107346005	0.100105689	0	0	0	0	0	3
41	69	0	0.426497951	0.0395071172	9.96194407e-05	-0.120722457	0.107346005	0.100105689	0	0	0	0	0	3
42	70	0	0.43690034	-0.0464715687	-0.00100921837	-0.120722457	0.107346005	0.100105689	0	0	0	0	0	3
43	72	0	0.447302729	0.0644484494	0.000513052971	-0.120722457	0.107346005	0.100105689	0	0	0	0	0	3
44	73	0	0.457705118	-0.014221496	0.000178176857	-0.120722457	0.107346005	0.100105689	0	0	0	0	0	3
45	75	0	0.468107507	0.0550857163	0.0013983444	-0.120722457	0.107346005	0.100105689	0	0	0	0	0	3
46	76	0	0.478509896	-0.0257634512	0.000807870584	-0.120722457	0.107346005	0.100105689	0	0	0	0	0	3
47	78	0	0.488912285	0.038547117	0.00161083327	-0.120722457	0.107346005	0.100105689	0	0	0	0	0	3
48	79	0	0.499314674	0.0292058036	0.00218572849	-0.120722457	0.107346005	0.100105689	0	0	0	0	0	3
49	80	0	0.509717063	0.0462915669	0.00308584764	-0.120722457	0.107346005	0.100105689	0	0	0	0	0	3
50	82	0	0.520119452	0.040150878	0.00228303045	-0.120722457	0.107346005	0.0237026158	0	0	0	0	0	3
51	83	0	0.530521841	0.0123124135	0.0049980278	-0.0464715687	0.107346005	0.0113586711	0	0	0	0	0	3
52	84	0	0.54092423	0.00171455554	0.00445501494	-0.0464715687	0.107346005	0.0113586711	0	0	0	0	0	3
53	86	0	0.55132662	-0.0181682	0.00393827026	-0.0464715687	0.107346005	0.0113586711	0	0	0	0	0	3
54	87	0	0.561729009	0.00755279909	0.00422389496	-0.0464715687	0.107346005	0.0113586711	0	0	0	0	0	3
55	92	0	0.572131398	-0.0093635288	0.00417435811	-0.0464715687	0.107346005	0.0113586711	0	0	0	0	0	3
56	93	0	0.582533787	-0.0281080655	0.00371284683	-0.0464715687	0.107346005	0.0113586711	0	0	0	0	0	3
57	94	0	0.592936176	-0.0265022	0.00306670352	-0.0464715687	0.107346005	0.0113586711	0	0	0	0	0	3
58	96	0	0.603338565	-0.00789122101	0.00323304262	-0.0464715687	0.107346005	0.0113586711	0	0	0	0	0	3
59	97	0	0.613740954	-0.0174812834	0.00287888233	-0.0464715687	0.107346005	0.0113586711	0	0	0	0	0	3
60	99	0	0.624143343	-0.023943148	0.00273957296	-0.0464715687	0.107346005	0.0113586711	0	0	0	0	0	3
61	100	0	0.634545732	-0.0374889092	0.00189705109	-0.0464715687	0.107346005	0.0113586711	0	0	0	0	0	3
62	101	0	0.644948121	-0.068630419	0.000662990807	-0.068630419	0.107346005	0.0113586711	0	0	0	0	0	3
63	103	0	0.65535051	-0.038297268	-0.000127742781	-0.068630419	0.107346005	0.0113586711	0	0	0	0	0	3
64	104	0	0.665752899	-0.0518937467	-0.000928279917	-0.068630419	0.107346005	0.0113586711	0	0	0	0	0	3
65	105	0	0.676155288	-0.0410135001	-0.00172523138	-0.068630419	0.107346005	0.0113586711	0	0	0	0	0	3
66	106	0	0.686557677	-0.0331016133	-0.00248983157	-0.068630419	0.107346005	0.0113586711	0	0	0	0	0	3
67	108	0	0.696960066	-0.00722723454	-0.00239697291	-0.068630419	0.107346005	0.0113586711	0	0	0	0	0	3
68	109	0	0.707362455	-0.0330813957	-0.00317917527	-0.068630419	0.107346005	0.0113586711	0	0	0	0	0	3
69	113	0	0.717764844	0.0203536318	-0.00238962288	-0.068630419	0.107346005	0.0113586711	0	0	0	0	0	3
70	114	0	0.728167233	0.0497525214	-0.0016643846	-0.068630419	0.107346005	0.0113586711	0	0	0	0	0	3
71	116	0	0.738569622	0.0963254168	0.000605866788	-0.068630419	0.107346005	0.0113586711	0	0	0	0	0	3
72	117	0	0.748972011	0.102751192	0.00234176962	-0.068630419	0.107346005	0.0113586711	0	0	0	0	0	3
73	120	0	0.7593744	0.0888812407	0.00429173344	-0.068630419	0.107346005	0.0113586711	0	0	0	0	0	3
74	122	0	0.76977679	0.0560992414	0.00556480498	-0.068630419	0.107346005	0.0119254483	0	0	0	0	0	3
75	123	0	0.780179179	0.0616064082	0.00689624691	-0.068630419	0.107346005	0.0132568902	0	0	0	0	0	3
76	124	0	0.790581568	0.100613781	0.00919324892	-0.068630419	0.107346005	0.0155538922	0	0	0	0	0	3
77	126	0	0.800983957	0.100125292	0.0115749715	-0.068630419	0.107346005	0.0179356148	0	0	0	0	0	3
78	127	0	0.811386346	0.055500828	0.0129978023	-0.068630419	0.107346005	0.0193584456	0	0	0	0	0	3
79	128	0	0.821788735	0.0617693105	0.0145872323	-0.068630419	0.107346005	0.0209478756	0	0	0	0	0	3
80	130	0	0.832191124	0.0815059682	0.0166571396	-0.068630419	0.107346005	0.0230177829	0	0	0	0	0	3
81	131	0	0.842593513	0.0547413308	0.0176836347	-0.068630419	0.107346005	0.0240442779	0	0	0	0	0	3
82	133	0	0.852995902	0.0597685827	0.019804927	-0.068630419	0.107346005	0.024848169	0	0	0	0	0	3
83	134	0	0.863398291	0.0489479875	0.0200195594	-0.068630419	0.107346005	0.0235164107	0	0	0	0	0	3
84	135	0	0.87380068	0.0888480951	0.0204972113	-0.068630419	0.107346005	0.0239940627	0	0	0	0	0	3
85	137	0	0.884203069	0.0874066742	0.0223032293	-0.068630419	0.107346005	0.0258000806	0	0	0	0	0	3
86	138	0	0.894605458	0.0391763419	0.0228001554	-0.068630419	0.107346005	0.0262970067	0	0	0	0	0	3
87	139	0	0.905007847	0.070255535	0.0250623506	-0.068630419	0.107346005	0.0282415258	0	0	0	0	0	3
88	141	0	0.915410236	0.0478209996	0.0238475545	-0.068630419	0.102751192	0.0282415258	0	0	0	0	0	3
89	142	0	0.925812625	0.0662334495	0.0254010611	-0.068630419	0.102751192	0.0285802364	0	0	0	0	0	3
90	143	0	0.936215014	0.0366342391	0.025342431	-0.068630419	0.102751192	0.0285802364	0	0	0	0	0	3
91	145	0	0.946617403	0.0533431394	0.0273794658	-0.068630419	0.102751192	0.0305586411	0	0	0	0	0	3
92	146	0	0.957019792	0.0183344313	0.0264383634	-0.068630419	0.102751192	0.0305586411	0	0	0	0	0	3
93	147	0	0.967422181	0.0150728891	0.027036208	-0.068630419	0.102751192	0.0305586411	0	0	0	0	0	3
94	148	0	0.97782457	-0.0379011099	0.0251385177	-0.068630419	0.102751192	0.0305586411	0	0	0	0	0	3
95	150	0	0.98822696	-0.0094892533	0.0254706442	-0.068630419	0.102751192	0.0305586411	0	0	0	0	0	3
96	151	0	0.998629349	-0.0252267049	0.0241691376	-0.068630419	0.102751192	0.0305586411	0	0	0	0	0	3
97	153	0	1.00903174	-0.025728431	0.0230480308	-0.068630419	0.102751192	0.0305586411	0.00527929272	0	17.2	0	0	3
98	154	0	1.01943413	0.0261515538	0.0226370101	-0.068630419	0.102751192	0.0305586411	0.00527929272	0	17.2	0	0	3
99	155	0	1.02983652	0.00349577797	0.0218889468	-0.068630419	0.102751192	0.0305586411	0.00527929272	0	17.2	0	0	3
100	157	0	1.0402389	-0.00449774375	0.0215458824	-0.068630419	0.102751192	0.0305586411	0.00527929272	0	17.2	0	0	3
101	160	0	1.05064129	-0.00634024786	0.0213814987	-0.068630419	0.102751192	0.0305586411	0.00527929272	0	17.2	0	0	3
102	162	0	1.06104368	-0.00904125523	0.0215677628	-0.068630419	0.102751192	0.0305586411	0.00527929272	0	17.2	0	0	3
103	163	0	1.07144607	-0.0311837252	0.0207772215	-0.068630419	0.102751192	0.0305586411	0.00527929272	0	17.2	0	0	3
104	164	0	1.08184846	-0.0324784359	0.0203054887	-0.068630419	0.102751192	0.0305586411	0.00527929272	0	17.2	0	0	3
105	165	0	1.09225085	-0.0370366264	0.0201232732	-0.068630419	0.102751192	0.0305586411	0.00527929272	0	17.2	0	0	3
106	167	0	1.10265324	-0.0526690318	0.0195892562	-0.068630419	0.102751192	0.0305586411	0.00527929272	0	17.2	0	0	3
107	168	0	1.11305563	-0.0481576881	0.0187674916	-0.068630419	0.102751192	0.0305586411	0.00527929272	0	17.2	0	0	3
108	170	0	1.12345802	-0.0118215197	0.018882997	-0.068630419	0.102751192	0.0305586411	0.00527929272	0	17.2	0	0	3
109	171	0	1.13386041	-0.0180947899	0.0190023512	-0.068630419	0.102751192	0.0305586411	0.00527929272	0	17.2	0	0	3
110	172	0	1.1442628	0.00284163028	0.0198254235	-0.068630419	0.102751192	0.0305586411	0.00527929272	0	17.2	0	0	3
111	173	0	1.15466518	0.0322202065	0.0218835995	-0.0526690318	0.102751192	0.0305586411	0.00527929272	0	17.2	0	0	3
112	175	0	1.16506757	0.00851343016	0.0228389199	-0.0526690318	0.102751192	0.0305586411	0.00527929272	0	17.2	0	0	3
113	176	0	1.17546996	-0.00654691663	0.0237643654	-0.0526690318	0.102751192	0.0305586411	0.00527929272	0	17.2	0	0	3
114	177	0	1.18587235	0.0205279787	0.0250203139	-0.0526690318	0.102751192	0.0305586411	0.00527929272	0	17.2	0	0	3
115	179	0	1.19627474	-0.00978008277	0.0254962635	-0.0526690318	0.102751192	0.0305586411	0.00527929272	0	17.2	0	0	3
116	183	0	1.20667713	0.0480667101	0.0266247114	-0.0526690318	0.102751192	0.0305586411	0.00527929272	0	17.2	0	0	3
117	185	0	1.21707952	0.0535132394	0.0283919488	-0.0526690318	0.102751192	0.0307815717	0.00527929272	0	17.1	0	0	3
118	186	0	1.22748191	0.0231978361	0.0284499938	-0.0526690318	0.102751192	0.0301143784	0.00527929272	0	17.5	0	0	3
119	187	0	1.2378843	-0.0385091714	0.0266487348	-0.0526690318	0.102751192	0.027844127	0.00527929272	0	18.9	0	0	3
120	189	0	1.24828669	0.00394517798	0.0247634238	-0.0526690318	0.102751192	0.0261082242	0.00527929272	0	20.2	0	0	3
121	190	0	1.25868907	-0.0116164241	0.0224293908	-0.0526690318	0.100613781	0.0241582604	0.00527929272	0	21.8	0	0	3
122	191	0	1.26909146	-0.066629754	0.019255697	-0.066629754	0.100613781	0.0228851888	0.00527929272	0	23	0	0	3
123	193	0	1.27949385	-0.0786886572	0.0165049236	-0.0786886572	0.100613781	0.0215537469	0.00529089838	0	24.5	0	0	3
124	194	0	1.28989624	-0.102907176	0.0131475035	-0.102907176	0.100613781	0.0192567449	0.00532855383	0	27.6	0	0	3
125	195	0	1.30029863	-0.0547287392	0.00997724797	-0.102907176	0.100125292	0.0184727458	0.0053635196	0	29	0	0	3
126	197	0	1.31070102	-0.125868294	0.00536513397	-0.125868294	0.0888480951	0.0230848598	0.00541982682	0	23.4	0	0	3
127	198	0	1.32110341	-0.108729431	0.00201349604	-0.125868294	0.0888480951	0.0264364978	0.00547238023	0	20.7	0	0	3
128	199	0	1.3315058	-0.196554295	-0.00325841428	-0.196554295	0.0888480951	0.0317084081	0.0055899489	0	17.6	0	0	3
129	201	0	1.34190819	-0.199093341	-0.00898493079	-0.199093341	0.0888480951	0.0374349246	0.00570254988	0	15.2	0	0	3
130	202	0	1.35231058	-0.203881873	-0.0142629554	-0.203881873	0.0888480951	0.0427129492	0.00581267977	0	13.6	0	0	3
131	203	0	1.36271297	-0.23427929	-0.0202639323	-0.23427929	0.0888480951	0.0487139262	0.00594315269	0	12.2	0	0	3
132	205	0	1.37311535	-0.185406545	-0.0250466779	-0.23427929	0.0888480951	0.0534966717	0.00606617001	0	11.3	0	0	3
133	206	0	1.38351774	-0.194459479	-0.0308284651	-0.23427929	0.0874066742	0.0592784589	0.00618235303	0	10.4	0	0	3
134	207	0	1.39392013	-0.20933909	-0.0368845011	-0.23427929	0.070255535	0.0653344949	0.00629225589	0	9.6	0	0	3
135	209	0	1.40432252	-0.148188742	-0.0407082784	-0.23427929	0.070255535	0.0691582722	0.00639637439	0	9.2	0	0	3
136	210	0	1.41472491	-0.137487298	-0.044947928	-0.23427929	0.0662334495	0.0733979218	0.00649161901	0	8.8	0	0	3
137	211	0	1.4251273	-0.0701351997	-0.0473551974	-0.23427929	0.0662334495	0.0758051912	0.00658210139	0	8.6	0	0	3
138	213	0	1.43552969	-0.091090451	-0.0505658892	-0.23427929	0.0535132394	0.079015883	0.00666817001	0	8.4	0	0	3
139	214	0	1.44593208	-0.0790962131	-0.0529277352	-0.23427929	0.0535132394	0.081377729	0.00675014011	0	8.2	0	0	3
140	215	0	1.45633447	-0.0659025371	-0.0553613204	-0.23427929	0.0535132394	0.0838113142	0.00682829766	0	8.1	0	0	3
141	216	0	1.46673686	-0.0310599655	-0.0563693693	-0.23427929	0.0535132394	0.0848193632	0.00690290258	0	8.1	0	0	3
142	218	0	1.47713924	-0.0562965467	-0.0578258884	-0.23427929	0.0535132394	0.0862758822	0.00697419174	0	8	0	0	3
143	219	0	1.48754163	-0.0156765818	-0.0573723266	-0.23427929	0.0535132394	0.0862758822	0.00704238136	0	8.1	0	0	3
144	221	0	1.49794402	0.0271787406	-0.0566240002	-0.23427929	0.0535132394	0.0862758822	0.0071076693	0	8.2	0	0	3
145	222	0	1.50834641	0.0263415029	-0.0555715878	-0.23427929	0.0535132394	0.0862758822	0.00717023691	0	8.3	0	0	3
146	223	0	1.5187488	0.0256576387	-0.0545228925	-0.23427929	0.0535132394	0.0862758822	0.00723025073	0	8.3	0	0	3
147	225	0	1.52915119	0.0127400773	-0.0547965961	-0.23427929	0.0535132394	0.0862758822	0.00728786401	0	8.4	0	0	3
148	226	0	1.53955358	0.019350772	-0.0544730248	-0.23427929	0.0535132394	0.0862758822	0.00734321794	0	8.5	0	0	3
149	228	0	1.54995597	0.0521504708	-0.0533169388	-0.23427929	0.0535132394	0.0862758822	0.00739644287	0	8.5	0	0	3
150	229	0	1.56035836	0.0174848635	-0.0528307121	-0.23427929	0.0535132394	0.0862758822	0.00744765932	0	8.6	0	0	3
151	230	0	1.57076075	-0.0150707777	-0.0529537635	-0.23427929	0.0535132394	0.0862758822	0.00749697886	0	8.6	0	0	3
152	232	0	1.58116314	0.0198886008	-0.0519114712	-0.23427929	0.0535132394	0.0862758822	0.00754450496	0	8.7	0	0	3
153	233	0	1.59156552	0.00807949745	-0.0510837582	-0.23427929	0.0535132394	0.0862758822	0.0075903337	0	8.7	0	0	3
154	234	0	1.60196791	0.102689794	-0.0482321986	-0.23427929	0.102689794	0.0862758822	0.00763455442	0	8.8	0	0	3
155	236	0	1.6123703	0.0606687023	-0.0459191837	-0.23427929	0.102689794	0.0862758822	0.00767725028	0	8.8	0	0	3
156	237	0	1.62277269	0.106688871	-0.0427590498	-0.23427929	0.106688871	0.0862758822	0.00772050104	0	8.9	0	0	3
157	238	0	1.63317508	0.102029051	-0.0404355688	-0.23427929	0.106688871	0.0862758822	0.0077623101	0	8.9	0	0	3
158	239	0	1.64357747	0.127833537	-0.0374574396	-0.23427929	0.127833537	0.0862758822	0.00781314739	0	9	0	0	3
159	241	0	1.65397986	0.0740299547	-0.0360046167	-0.23427929	0.127833537	0.0862758822	0.00786234477	0	9.1	0	0	3
160	242	0	1.66438225	0.0754876181	-0.0351216083	-0.23427929	0.127833537	0.0862758822	0.00790998032	0	9.1	0	0	3
161	243	0	1.67478464	0.0131821205	-0.0350263289	-0.23427929	0.127833537	0.0862758822	0.00795612727	0	9.2	0	0	3
162	245	0	1.68518703	0.0181927701	-0.0345214373	-0.23427929	0.127833537	0.0862758822	0.00800085431	0	9.2	0	0	3
163	246	0	1.69558941	0.00642726679	-0.034809207	-0.23427929	0.127833537	0.0862758822	0.00804422598	0	9.3	0	0	3
164	247	0	1.7059918	0.0264993562	-0.0340688103	-0.23427929	0.127833537	0.0862758822	0.00808630298	0	9.3	0	0	3
165	249	0	1.71639419	0.0231989099	-0.0345763164	-0.23427929	0.127833537	0.0862758822	0.00812714242	0	9.4	0	0	3
166	250	0	1.72679658	0.106528365	-0.033494375	-0.23427929	0.127833537	0.0862758822	0.0081667981	0	9.4	0	0	3
167	251	0	1.73719897	0.0526865735	-0.0328925641	-0.23427929	0.127833537	0.0844746232	0.00820532077	0	9.7	0	0	3
168	253	0	1.74760136	0.117239459	-0.0297140206	-0.23427929	0.127833537	0.0825893122	0.00824275829	0	9.9	0	0	3
169	254	0	1.75800375	0.11313915	-0.0274855722	-0.23427929	0.127833537	0.0802552792	0.00827915588	0	10.3	0	0	3
170	255	0	1.76840614	0.130995633	-0.024575122	-0.23427929	0.130995633	0.0770815855	0.00831585577	0	10.7	0	0	3
171	257	0	1.77880853	0.0505352777	-0.0221839989	-0.23427929	0.130995633	0.074330812	0.00835156377	0	11.2	0	0	3
172	258	0	1.78921092	0.087696959	-0.0187883741	-0.23427929	0.130995633	0.0709733919	0.00838631955	0	11.8	0	0	3
173	259	0	1.79961331	0.095260406	-0.0147441377	-0.23427929	0.130995633	0.0678031364	0.00842016071	0	12.4	0	0	3
174	261	0	1.81001569	0.11981224	-0.0111820769	-0.23427929	0.130995633	0.0631910224	0.00845312288	0	13.3	0	0	3
175	262	0	1.82041808	0.0657764407	-0.0072709599	-0.23427929	0.130995633	0.0598393845	0.00848523987	0	14.1	0	0	3
176	263	0	1.83082047	0.10787505	-0.00285046029	-0.23427929	0.130995633	0.0549754281	0.00851654376	0	15.4	0	0	3
177	268	0	1.84122286	0.104458542	0.00329265884	-0.23427929	0.130995633	0.0611185473	0.00854706506	0	13.9	0	0	3
178	269	0	1.85162525	0.13991655	0.010211228	-0.23427929	0.13991655	0.0680371165	0.00858013679	0	12.6	0	0	3
179	271	0	1.86202764	0.0633784149	0.0156655196	-0.23427929	0.13991655	0.0734914081	0.0086124019	0	11.7	0	0	3
180	272	0	1.87243003	0.0983129007	0.0224531154	-0.20933909	0.13991655	0.0802790038	0.00864388953	0	10.7	0	0	3
181	273	0	1.88283242	0.0229770785	0.0267058424	-0.20933909	0.13991655	0.0845317308	0.00867462745	0	10.2	0	0	3
182	275	0	1.89323481	0.0393889031	0.0314782583	-0.20933909	0.13991655	0.0893041468	0.00870464213	0	9.7	0	0	3
183	276	0	1.9036372	-0.0412896246	0.0349078393	-0.148188742	0.13991655	0.0927337277	0.00873395879	0	9.4	0	0	3
184	277	0	1.91403958	0.0330670592	0.0386069372	-0.137487298	0.13991655	0.0964328257	0.00876260151	0	9	0	0	3
185	279	0	1.92444197	-0.0428122241	0.0405390816	-0.091090451	0.13991655	0.09836497	0.00879059326	0	8.9	0	0	3
186	280	0	1.93484436	0.0264835503	0.0425108928	-0.091090451	0.13991655	0.100336781	0.00881795598	0	8.7	0	0	3
187	282	0	1.94524675	-0.0330857359	0.0436946625	-0.0790962131	0.13991655	0.101520551	0.00884471063	0	8.7	0	0	3
188	283	0	1.95564914	-0.0290179958	0.0447166669	-0.0659025371	0.13991655	0.102542555	0.00887087728	0	8.6	0	0	3
189	285	0	1.96605153	-0.0768254017	0.0444937513	-0.0768254017	0.13991655	0.102542555	0.00889647508	0	8.6	0	0	3
190	286	0	1.97645392	-0.0570039169	0.0439642829	-0.0768254017	0.13991655	0.102542555	0.00892152239	0	8.7	0	0	3
191	288	0	1.98685631	-0.0966013711	0.0431417355	-0.0966013711	0.13991655	0.102088994	0.00894603678	0	8.7	0	0	3
192	289	0	1.9972587	-0.0734837994	0.0419619964	-0.0966013711	0.13991655	0.101340667	0.00897003508	0	8.8	0	0	3
193	290	0	2.00766109	-0.119463789	0.0389692917	-0.119463789	0.13991655	0.100288255	0.00899353342	0	8.9	0	0	3
194	292	0	2.01806348	-0.0671500109	0.0370613016	-0.119463789	0.13991655	0.0995132631	0.00901654725	0	9	0	0	3
195	293	0	2.02846586	-0.0950892734	0.0345970789	-0.119463789	0.13991655	0.0995132631	0.00903909141	0	9	0	0	3
196	294	0	2.03886825	-0.0361473631	0.033599376	-0.119463789	0.13991655	0.0991896918	0.00906118014	0	9.1	0	0	3
197	295	0	2.04927064	-0.093971404	0.0312866786	-0.119463789	0.13991655	0.0980336058	0.00908282709	0	9.2	0	0	3
198	297	0	2.05967303	0.00245572964	0.0302725002	-0.119463789	0.13991655	0.0976704305	0.00910404539	0	9.3	0	0	3
199	298	0	2.07007542	-0.0552786982	0.0287875295	-0.119463789	0.13991655	0.0976704305	0.00912484764	0	9.3	0	0	3
200	299	0	2.08047781	0.00448324173	0.0291865912	-0.119463789	0.13991655	0.0966281381	0.00914524597	0	9.4	0	0	3
201	305	0	2.0908802	-0.0393339824	0.027977967	-0.119463789	0.13991655	0.0958004252	0.00916525202	0	9.5	0	0	3
202	306	0	2.10128259	0.0151715473	0.0281227027	-0.119463789	0.13991655	0.0929488656	0.009184877	0	9.8	0	0	3
203	308	0	2.11168498	-0.00602005797	0.0259041343	-0.119463789	0.13991655	0.0906358506	0.0092041317	0	10.1	0	0	3
204	309	0	2.12208737	0.089193857	0.0264862803	-0.119463789	0.13991655	0.0874757167	0.0092230265	0	10.5	0	0	3
205	310	0	2.13248975	0.0439125815	0.0252051316	-0.119463789	0.13991655	0.0851522357	0.00924157139	0	10.8	0	0	3
206	312	0	2.14289214	0.127781908	0.0257307001	-0.119463789	0.13991655	0.0821741066	0.00925977602	0	11.2	0	0	3
207	313	0	2.15329453	0.0591773019	0.0243295524	-0.119463789	0.13991655	0.0807212836	0.00927764964	0	11.4	0	0	3
208	315	0	2.16369692	0.128864949	0.0254486339	-0.119463789	0.13991655	0.0798382752	0.00929520123	0	11.6	0	0	3
209	318	0	2.17409931	0.0377195239	0.0246778565	-0.119463789	0.13991655	0.0797429958	0.00931243939	0	11.6	0	0	3
210	322	0	2.1845017	0.0775878058	0.0259922582	-0.119463789	0.13991655	0.0795258739	0.00932937245	0	11.7	0	0	3
211	323	0	2.19490409	0.039451881	0.0264261177	-0.119463789	0.13991655	0.0795258739	0.00934600844	0	11.7	0	0	3
212	324	0	2.20530648	0.0582623893	0.0274839773	-0.119463789	0.13991655	0.0792929833	0.0093623551	0	11.8	0	0	3
213	326	0	2.21570887	-0.00857302997	0.0267682143	-0.119463789	0.13991655	0.0792929833	0.00937841993	0	11.8	0	0	3
214	327	0	2.22611126	9.14630598e-05	0.0262966338	-0.119463789	0.13991655	0.078211042	0.00939421015	0	12	0	0	3
215	328	0	2.23651365	-0.0252950287	0.0236063604	-0.119463789	0.13991655	0.077609231	0.00940973273	0	12.1	0	0	3
216	329	0	2.24691603	0.0141443286	0.022819784	-0.119463789	0.13991655	0.0744306875	0.00942499443	0	12.6	0	0	3
217	331	0	2.25731842	-0.00752738888	0.0202735218	-0.119463789	0.13991655	0.0722022391	0.00944000177	0	13	0	0	3
218	332	0	2.26772081	0.0332408596	0.0186429444	-0.119463789	0.13991655	0.069291789	0.00945476106	0	13.6	0	0	3
219	334	0	2.2781232	0.00634382159	0.0160990299	-0.119463789	0.13991655	0.0669006659	0.00946927839	0	14.1	0	0	3
220	335	0	2.28852559	0.0570349752	0.0162316768	-0.119463789	0.13991655	0.0635050411	0.00948355966	0	14.9	0	0	3
221	336	0	2.29892798	0.0267697463	0.0149882643	-0.119463789	0.13991655	0.0594608047	0.00949761059	0	15.9	0	0	3
222	338	0	2.30933037	0.0855273935	0.0147896314	-0.119463789	0.13991655	0.0558987439	0.00951143671	0	17	0	0	3
223	339	0	2.31973276	0.0208120193	0.0127692187	-0.119463789	0.13991655	0.0519876268	0.00952504337	0	18.3	0	0	3
224	341	0	2.33013515	0.0609977739	0.0126716949	-0.119463789	0.13991655	0.0475671272	0.00953843574	0	20	0	0	3
225	342	0	2.34053754	0.0428309855	0.011344265	-0.119463789	0.13991655	0.0414240081	0.00955161886	0	23	0	0	3
226	343	0	2.35093992	0.0874238736	0.0109966187	-0.119463789	0.13991655	0.0345054389	0.00956459759	0	27.7	0	0	3
227	345	0	2.36134231	0.0614741677	0.00939575376	-0.119463789	0.128864949	0.0353209132	0.00957737665	0	27.1	0	0	3
228	346	0	2.3717447	0.131418601	0.010784329	-0.119463789	0.131418601	0.0353209132	0.00958424911	0	27.1	0	0	3
229	347	0	2.38214709	0.0686712121	0.0101793966	-0.119463789	0.131418601	0.0353209132	0.00959101745	0	27.1	0	0	3
230	349	0	2.39254948	0.121071673	0.0121813271	-0.119463789	0.131418601	0.0353209132	0.009597684	0	27.1	0	0	3
231	350	0	2.40295187	0.0983265483	0.0133841362	-0.119463789	0.131418601	0.0353209132	0.00959056068	0	27.1	0	0	3
232	351	0	2.41335426	0.147104666	0.0172289176	-0.119463789	0.147104666	0.0353209132	0.00958276215	0	27.1	0	0	3
233	353	0	2.42375665	0.0911789035	0.0184148736	-0.119463789	0.147104666	0.0353209132	0.00957110253	0	27	0	0	3
234	354	0	2.43415904	0.110730181	0.0215483921	-0.119463789	0.147104666	0.0353209132	0.00955961312	0	27	0	0	3
235	356	0	2.44456143	0.101563784	0.0230806417	-0.119463789	0.147104666	0.0353209132	0.00954829023	0	27	0	0	3
236	357	0	2.45496382	0.131305411	0.0264355631	-0.119463789	0.147104666	0.0353209132	0.00953713025	0	27	0	0	3
237	358	0	2.4653662	0.102974243	0.0291292823	-0.119463789	0.147104666	0.0350979976	0.0095261297	0	27.1	0	0	3
238	360	0	2.47576859	0.084904276	0.0324298879	-0.119463789	0.147104666	0.0345685292	0.00951528519	0	27.5	0	0	3
239	364	0	2.48617098	0.0737754928	0.0350988555	-0.119463789	0.147104666	0.0337459817	0.00950459342	0	28.1	0	0	3
240	365	0	2.49657337	0.115582696	0.0394291426	-0.119463789	0.147104666	0.0325662426	0.00949405119	0	29.1	0	0	3
241	367	0	2.50697576	0.0792309501	0.0425457701	-0.119463789	0.147104666	0.0331500163	0.00948365537	0	28.6	0	0	3
242	368	0	2.51737815	0.100918376	0.0470433653	-0.0950892734	0.147104666	0.0376476116	0.00947340294	0	25.1	0	0	3
243	369	0	2.52778054	0.0511322714	0.0494572895	-0.0950892734	0.147104666	0.0400615357	0.00946329096	0	23.6	0	0	3
244	371	0	2.53818293	0.105396484	0.0535488355	-0.093971404	0.147104666	0.0441530818	0.00945331656	0	21.4	0	0	3
245	372	0	2.54858532	0.0329266883	0.05495851	-0.093971404	0.147104666	0.0455627563	0.00944347694	0	20.7	0	0	3
246	374	0	2.55898771	0.0875444178	0.0586629146	-0.0552786982	0.147104666	0.0492671608	0.00943376941	0	19.1	0	0	3
247	375	0	2.56939009	0.0147414487	0.0589136435	-0.0552786982	0.147104666	0.0495178898	0.0094241913	0	19	0	0	3
248	376	0	2.57979248	0.0553320549	0.0611710058	-0.0393339824	0.147104666	0.0517752521	0.00941474006	0	18.1	0	0	3
249	378	0	2.59019487	0.0257101671	0.0616042084	-0.0393339824	0.147104666	0.0522084546	0.00940541317	0	18	0	0	3
250	379	0	2.60059726	0.0490942856	0.0634088669	-0.0252950287	0.147104666	0.0540131132	0.00939620821	0	17.3	0	0	3
251	380	0	2.61099965	-0.0253657665	0.0625815748	-0.0253657665	0.147104666	0.0540131132	0.00938712279	0	17.3	0	0	3
252	381	0	2.62140204	0.0426233061	0.0635742965	-0.0253657665	0.147104666	0.0541785428	0.0093781546	0	17.3	0	0	3
253	383	0	2.63180443	-0.00454764839	0.0616612046	-0.0253657665	0.147104666	0.0541785428	0.00936930139	0	17.2	0	0	3
254	384	0	2.64220682	0.0722739479	0.062240008	-0.0253657665	0.147104666	0.0541785428	0.00936056096	0	17.2	0	0	3
255	386	0	2.65260921	0.0024512585	0.0596822396	-0.0253657665	0.147104666	0.0541785428	0.00935193117	0	17.2	0	0	3
256	387	0	2.6630116	0.0317653336	0.0591228117	-0.0253657665	0.147104666	0.0541785428	0.00934340993	0	17.2	0	0	3
257	388	0	2.67341399	0.0426851322	0.0573640399	-0.0253657665	0.147104666	0.0541785428	0.0093349952	0	17.2	0	0	3
258	390	0	2.68381637	0.0559147411	0.0577353709	-0.0253657665	0.147104666	0.0541785428	0.009326685	0	17.2	0	0	3
259	391	0	2.69421876	0.013999791	0.0564376563	-0.0253657665	0.147104666	0.0541785428	0.0093184774	0	17.1	0	0	3
260	392	0	2.70462115	0.0558115289	0.0567715267	-0.0253657665	0.147104666	0.0541785428	0.00931037051	0	17.1	0	0	3
261	394	0	2.71502354	0.0475965211	0.0565538559	-0.0253657665	0.147104666	0.0541785428	0.00930236248	0	17.1	0	0	3
262	395	0	2.72542593	0.0470605994	0.0576892361	-0.0253657665	0.147104666	0.0541785428	0.00929445152	0	17.1	0	0	3
263	396	0	2.73582832	0.0351114046	0.0584039288	-0.0253657665	0.147104666	0.0541785428	0.00928663587	0	17.1	0	0	3
264	398	0	2.74623071	0.0405109996	0.0597469089	-0.0253657665	0.147104666	0.0541785428	0.00927891382	0	17.1	0	0	3
265	399	0	2.7566331	-0.00971541789	0.0592599753	-0.0253657665	0.147104666	0.0541785428	0.0092712837	0	17.1	0	0	3
266	400	0	2.76703549	0.0827767052	0.061102916	-0.0253657665	0.147104666	0.0541785428	0.00926374388	0	17	0	0	3
267	402	0	2.77743788	0.0284849076	0.0610058558	-0.0253657665	0.147104666	0.0541785428	0.00925629276	0	17	0	0	3
268	403	0	2.78784026	0.100858106	0.0629347187	-0.0253657665	0.147104666	0.0541785428	0.00924892878	0	17	0	0	3
269	404	0	2.79824265	0.0291008595	0.0623646347	-0.0253657665	0.147104666	0.0541785428	0.00924165044	0	17	0	0	3
270	406	0	2.80864504	0.0486109901	0.0628103744	-0.0253657665	0.147104666	0.0541785428	0.00923445624	0	17	0	0	3
271	407	0	2.81904743	-0.038422229	0.0602807903	-0.038422229	0.147104666	0.0541785428	0.00922734473	0	17	0	0	3
272	408	0	2.82944982	0.00550881955	0.0599684801	-0.038422229	0.147104666	0.0541785428	0.0092203145	0	17	0	0	3
273	410	0	2.83985221	-0.00969727784	0.0585257239	-0.038422229	0.147104666	0.0541785428	0.00921336415	0	17	0	0	3
274	411	0	2.8502546	-0.00439565645	0.0575619149	-0.038422229	0.147104666	0.0541785428	0.00920649234	0	16.9	0	0	3
275	412	0	2.86065699	-0.0720077157	0.054308209	-0.0720077157	0.147104666	0.0541785428	0.00919969774	0	16.9	0	0	3
276	414	0	2.87105938	-0.013972712	0.0527684767	-0.0720077157	0.147104666	0.0533949	0.00919297906	0	17.2	0	0	3
277	415	0	2.88146177	-0.063246411	0.0487957214	-0.0720077157	0.147104666	0.0533949	0.00918633503	0	17.2	0	0	3
278	416	0	2.89186416	0.00982094809	0.0475946956	-0.0720077157	0.147104666	0.0513929695	0.00917976441	0	17.8	0	0	3
279	418	0	2.90226654	-0.0485148577	0.044133746	-0.0720077157	0.147104666	0.0501901604	0.009173266	0	18.2	0	0	3
280	419	0	2.91266893	0.00835048544	0.0422974998	-0.0720077157	0.147104666	0.0463453789	0.00916683861	0	19.7	0	0	3
281	421	0	2.92307132	-0.0277647225	0.0387287368	-0.0720077157	0.131305411	0.0451594229	0.00916048109	0	20.2	0	0	3
282	422	0	2.93347371	0.00739512489	0.0370188637	-0.0720077157	0.131305411	0.0420259044	0.00915419229	0	21.7	0	0	3
283	423	0	2.9438761	-0.0196375827	0.0343582971	-0.0720077157	0.131305411	0.0404936548	0.00914797111	0	22.5	0	0	3
284	424	0	2.95427849	-0.0120357926	0.0320399384	-0.0720077157	0.131305411	0.0371387334	0.00914181648	0	24.6	0	0	3
285	426	0	2.96468088	-0.0416774021	0.0285096769	-0.0720077157	0.115582696	0.0350646196	0.00913572731	0	26	0	0	3
286	427	0	2.97508327	-0.0174730841	0.0260515682	-0.0720077157	0.115582696	0.0375227283	0.00912970258	0	24.3	0	0	3
287	429	0	2.98548566	-0.0285117903	0.0237369546	-0.0720077157	0.115582696	0.0398373419	0.00912374127	0	22.9	0	0	3
288	430	0	2.99588805	-0.00356693637	0.0221585377	-0.0720077157	0.115582696	0.0414157588	0.00911784239	0	22	0	0	3
289	431	0	3.00629043	-0.0632686608	0.01850851	-0.0720077157	0.105396484	0.0450657865	0.00911200494	0	20.2	0	0	3
290	433	0	3.01669282	-0.00995796349	0.0166883281	-0.0720077157	0.105396484	0.0468859684	0.00910243921	0	19.4	0	0	3
291	434	0	3.02709521	-0.0315515022	0.0139848612	-0.0720077157	0.105396484	0.0495894353	0.00909297209	0	18.3	0	0	3
292	435	0	3.0374976	0.0163839101	0.013275711	-0.0720077157	0.105396484	0.0502985856	0.00908343009	0	18	0	0	3
293	436	0	3.04789999	-0.0527970508	0.0100472715	-0.0720077157	0.100858106	0.053527025	0.00907398546	0	16.9	0	0	3
294	438	0	3.05830238	-0.0524948139	0.00830397552	-0.0720077157	0.100858106	0.055270321	0.00906129199	0	16.3	0	0	3
295	439	0	3.06870477	-0.147259514	0.00351205853	-0.147259514	0.100858106	0.060062238	0.00906012852	0	15	0	0	3
296	441	0	3.07910716	-0.0723169735	0.00173535604	-0.147259514	0.100858106	0.0618389405	0.00905897674	0	14.6	0	0	3
297	442	0	3.08950955	-0.116284071	-0.00176701387	-0.147259514	0.100858106	0.0653413104	0.00905783649	0	13.8	0	0	3
298	443	0	3.09991194	-0.0608815371	-0.00353419151	-0.147259514	0.100858106	0.067108488	0.00905670758	0	13.4	0	0	3
299	445	0	3.11031433	-0.11579223	-0.00689922245	-0.147259514	0.100858106	0.070473519	0.00905558984	0	12.8	0	0	3
300	446	0	3.12071671	-0.0935347385	-0.00829042596	-0.147259514	0.100858106	0.0718647225	0.00905448312	0	12.5	0	0	3
301	456	0	3.1311191	-0.191959233	-0.0130778247	-0.191959233	0.100858106	0.0760125434	0.00905996074	0	11.9	0	0	3
302	457	0	3.14152149	-0.108281459	-0.0151948413	-0.191959233	0.100858106	0.07812956	0.00906538492	0	11.6	0	0	3
303	461	0	3.15192388	-0.146276836	-0.0196550613	-0.191959233	0.100858106	0.0825897801	0.00907075643	0	10.9	0	0	3
304	462	0	3.16232627	-0.0996465541	-0.0217386902	-0.191959233	0.100858106	0.0846734089	0.00907607605	0	10.7	0	0	3
305	463	0	3.17272866	-0.0990980556	-0.0244093716	-0.191959233	0.100858106	0.0873440903	0.00908134451	0	10.3	0	0	3
306	465	0	3.18313105	-0.0771510908	-0.0268550088	-0.191959233	0.100858106	0.0897897275	0.00908656256	0	10.1	0	0	3
307	466	0	3.19353344	-0.0292965453	-0.0285940146	-0.191959233	0.100858106	0.0915287333	0.00909173092	0	9.9	0	0	3
308	467	0	3.20393583	-0.0263797702	-0.0294180873	-0.191959233	0.100858106	0.092352806	0.00909685028	0	9.8	0	0	3
309	469	0	3.21433822	-0.0640042187	-0.0318633066	-0.191959233	0.100858106	0.0947980254	0.00910192135	0	9.6	0	0	3
310	470	0	3.2247406	-0.0210617263	-0.0332644954	-0.191959233	0.100858106	0.0961992141	0.00910694481	0	9.4	0	0	3
311	472	0	3.23514299	0.0134842615	-0.0339497268	-0.191959233	0.100858106	0.0968844455	0.00911192131	0	9.4	0	0	3
312	473	0	3.24554538	0.0101765805	-0.0344586007	-0.191959233	0.100858106	0.0973933194	0.00911685153	0	9.3	0	0	3
313	474	0	3.25594777	-0.00117589253	-0.0353093536	-0.191959233	0.100858106	0.0982440723	0.00912173609	0	9.2	0	0	3
314	476	0	3.26635016	0.0415604608	-0.0342629071	-0.191959233	0.100858106	0.0982440723	0.00912657563	0	9.2	0	0	3
315	477	0	3.27675255	-0.0125448711	-0.0362082454	-0.191959233	0.100858106	0.0991429641	0.00913137077	0	9.2	0	0	3
316	478	0	3.28715494	-0.0333562859	-0.0374703106	-0.191959233	0.100858106	0.100405029	0.00913612213	0	9	0	0	3
317	480	0	3.29755733	-0.0238233216	-0.0400148295	-0.191959233	0.0486109901	0.102825204	0.00914083029	0	8.8	0	0	3
318	481	0	3.30795972	-0.0281120617	-0.0411824401	-0.191959233	0.0486109901	0.103992815	0.00914549584	0	8.7	0	0	3
319	482	0	3.31836211	-0.0348702163	-0.0428861382	-0.191959233	0.0415604608	0.103166928	0.00915011936	0	8.8	0	0	3
320	484	0	3.3287645	-0.0432729505	-0.0429851325	-0.191959233	0.0415604608	0.102953613	0.00915470141	0	8.8	0	0	3
321	485	0	3.33916688	-0.0294331255	-0.0436982335	-0.191959233	0.0415604608	0.102223957	0.00915924255	0	8.9	0	0	3
322	487	0	3.34956927	-0.0457498068	-0.0444339994	-0.191959233	0.0415604608	0.101995914	0.00916374332	0	8.9	0	0	3
323	488	0	3.35997166	-0.0573892479	-0.0455155012	-0.191959233	0.0415604608	0.0998237102	0.00916820427	0	9.1	0	0	3
324	489	0	3.37037405	-0.0481292998	-0.0450281866	-0.191959233	0.0415604608	0.098283978	0.00917262591	0	9.3	0	0	3
325	491	0	3.38077644	-0.0617690377	-0.0460036218	-0.191959233	0.0415604608	0.0947993432	0.00917700877	0	9.6	0	0	3
326	492	0	3.39117883	-0.0581778772	-0.0459001824	-0.191959233	0.0415604608	0.0935983174	0.00918135334	0	9.8	0	0	3
327	493	0	3.40158122	-0.0502976041	-0.0471270916	-0.191959233	0.0415604608	0.0912608376	0.00918566014	0	10	0	0	3
328	495	0	3.41198361	-0.0238955711	-0.0466246572	-0.191959233	0.0415604608	0.0894245914	0.00918992965	0	10.2	0	0	3
329	496	0	3.422386	-0.0339242179	-0.0474874062	-0.191959233	0.0415604608	0.086216143	0.00919211935	0	10.6	0	0	3
330	497	0	3.43278839	-0.00726972699	-0.047069141	-0.191959233	0.0415604608	0.08450627	0.00919429025	0	10.8	0	0	3
331	499	0	3.44319077	0.0287048502	-0.0466342487	-0.191959233	0.0415604608	0.0818457034	0.0091964426	0	11.2	0	0	3
332	500	0	3.45359316	0.0441307939	-0.0453328532	-0.191959233	0.0441307939	0.0795273447	0.00919857663	0	11.5	0	0	3
333	502	0	3.46399555	0.0309334786	-0.0444559293	-0.191959233	0.0441307939	0.0759970832	0.00919869392	0	12.1	0	0	3
334	503	0	3.47439794	0.0165332843	-0.0432679561	-0.191959233	0.0441307939	0.0735389745	0.00919881022	0	12.5	0	0	3
335	504	0	3.48480033	0.0194945218	-0.0425135152	-0.191959233	0.0441307939	0.0712243609	0.00919892555	0	12.9	0	0	3
336	506	0	3.49520272	0.0346780133	-0.0412239274	-0.191959233	0.0441307939	0.0696459439	0.00919903991	0	13.2	0	0	3
337	507	0	3.50560511	0.0234470249	-0.040672622	-0.191959233	0.0441307939	0.0659959163	0.00919788004	0	13.9	0	0	3
338	508	0	3.5160075	0.0243408363	-0.0388846731	-0.191959233	0.0441307939	0.0641757343	0.0091967298	0	14.3	0	0	3
339	510	0	3.52640989	0.0194155859	-0.0382852129	-0.191959233	0.0441307939	0.0614722674	0.00919558906	0	14.9	0	0	3
340	511	0	3.53681228	0.0403116723	-0.0368186175	-0.191959233	0.0441307939	0.0607631172	0.00919445772	0	15.1	0	0	3
341	512	0	3.54721467	0.0374940153	-0.0363877991	-0.191959233	0.0441307939	0.0575346777	0.00919277764	0	15.9	0	0	3
342	514	0	3.55761705	0.0431052112	-0.03443061	-0.191959233	0.0441307939	0.0557913817	0.00919111129	0	16.4	0	0	3
343	515	0	3.56801944	0.00359689295	-0.0332858813	-0.191959233	0.0441307939	0.0509994648	0.00918945848	0	18	0	0	3
344	516	0	3.57842183	-0.0017537449	-0.0303163758	-0.191959233	0.0441307939	0.0492227623	0.00918781905	0	18.6	0	0	3
345	518	0	3.58882422	-0.00616628747	-0.0289663618	-0.191959233	0.0441307939	0.0457203924	0.00918619285	0	20	0	0	3
346	519	0	3.59922661	-0.038030029	-0.0273693406	-0.191959233	0.0441307939	0.0439532147	0.0091845797	0	20.8	0	0	3
347	523	0	3.609629	-0.0385095338	-0.0269127691	-0.191959233	0.0441307939	0.0405881838	0.00918297946	0	22.6	0	0	3
348	524	0	3.62003139	-0.0122344743	-0.0247993455	-0.191959233	0.0441307939	0.0391969803	0.00918139198	0	23.4	0	0	3
349	527	0	3.63043378	-0.0214012813	-0.0233272341	-0.191959233	0.0441307939	0.0344095815	0.00917981709	0	26.6	0	0	3
350	529	0	3.64083617	-0.00839740805	-0.0195810744	-0.146276836	0.0441307939	0.032292565	0.00917825465	0	28.4	0	0	3
351	530	0	3.65123856	0.00283650902	-0.0173133608	-0.146276836	0.0441307939	0.0301740455	0.00917670452	0	30.4	0	0	3
352	532	0	3.66164094	0.0182247556	-0.0139561854	-0.0996465541	0.0441307939	0.0335312208	0.00917516654	0	27.3	0	0	3
353	533	0	3.67204333	0.0266247125	-0.0113792208	-0.0990980556	0.0441307939	0.0361081854	0.00917364058	0	25.4	0	0	3
354	534	0	3.68244572	0.0460547037	-0.0084169196	-0.0771510908	0.0460547037	0.0390704866	0.00917212649	0	23.4	0	0	3
355	536	0	3.69284811	0.0560815651	-0.00569788581	-0.0640042187	0.0560815651	0.0417895204	0.00917062414	0	21.9	0	0	3
356	537	0	3.7032505	0.0434351411	-0.00421356568	-0.0640042187	0.0560815651	0.0432738406	0.00916913339	0	21.1	0	0	3
357	538	0	3.71365289	0.0567662955	-0.00251670719	-0.0640042187	0.0567662955	0.044970699	0.00916765411	0	20.3	0	0	3
358	540	0	3.72405528	0.054222522	-0.000103916565	-0.0617690377	0.0567662955	0.0473834897	0.00916618616	0	19.3	0	0	3
359	541	0	3.73445767	0.0947467706	0.00225952215	-0.0617690377	0.0947467706	0.0497469284	0.00916472942	0	18.4	0	0	3
360	543	0	3.74486006	0.0541293675	0.00308901411	-0.0617690377	0.0947467706	0.0505764203	0.00916328376	0	18.1	0	0	3
361	544	0	3.75526245	0.0210923439	0.00331178479	-0.0617690377	0.0947467706	0.050799191	0.00916184905	0	18	0	0	3
362	545	0	3.76566484	-0.00414107793	0.0032512708	-0.0617690377	0.0947467706	0.050799191	0.00916042517	0	18	0	0	3
363	547	0	3.77606722	-0.0130462447	0.00213684824	-0.0617690377	0.0947467706	0.050799191	0.00915901199	0	18	0	0	3
364	548	0	3.78646961	-0.0356071698	0.00166618908	-0.0617690377	0.0947467706	0.050799191	0.0091576094	0	18	0	0	3
365	550	0	3.796872	-0.0097262961	0.00214843377	-0.0617690377	0.0947467706	0.050799191	0.00915553317	0	18	0	0	3
366	551	0	3.80727439	-0.0180164531	0.00226694129	-0.0617690377	0.0947467706	0.050799191	0.00915347238	0	18	0	0	3
367	552	0	3.81767678	-0.0148221516	0.00253816395	-0.0617690377	0.0947467706	0.050799191	0.00915142685	0	18	0	0	3
368	554	0	3.82807917	-0.0401755314	0.00242989221	-0.0617690377	0.0947467706	0.050799191	0.00914939642	0	18	0	0	3
369	555	0	3.83848156	-0.0277835639	0.00274600214	-0.0617690377	0.0947467706	0.050799191	0.00914738092	0	18	0	0	3
370	557	0	3.84888395	-0.0340789945	0.00265118849	-0.0617690377	0.0947467706	0.050799191	0.00914538018	0	18	0	0	3
371	558	0	3.85928634	-0.0444090132	0.00267855162	-0.0617690377	0.0947467706	0.050799191	0.00914339405	0	17.9	0	0	3
372	559	0	3.86968873	-0.0553171761	0.0027208388	-0.0617690377	0.0947467706	0.050799191	0.00914142236	0	17.9	0	0	3
373	561	0	3.88009111	-0.0414464763	0.00285722296	-0.0617690377	0.0947467706	0.050799191	0.00913946497	0	17.9	0	0	3
374	562	0	3.8904935	-0.0112591875	0.00388803623	-0.0581778772	0.0947467706	0.0513754425	0.0091375217	0	17.7	0	0	3
375	564	0	3.90089589	-0.00584374672	0.00495607971	-0.0553171761	0.0947467706	0.0524434859	0.00913559241	0	17.4	0	0	3
376	565	0	3.91129828	0.0023605887	0.0060307367	-0.0553171761	0.0947467706	0.0535181429	0.00913367696	0	17	0	0	3
377	567	0	3.92170067	-0.0081068662	0.00635295517	-0.0553171761	0.0947467706	0.0538403614	0.00913177518	0	16.9	0	0	3
378	568	0	3.93210306	0.0159181406	0.00737014616	-0.0553171761	0.0947467706	0.0544392872	0.00912988694	0	16.7	0	0	3
379	569	0	3.94250545	0.00312167122	0.00758221551	-0.0553171761	0.0947467706	0.0542164642	0.0091280121	0	16.8	0	0	3
380	571	0	3.95290784	0.0426538878	0.00786688975	-0.0553171761	0.0947467706	0.053199743	0.0091261505	0	17.1	0	0	3
381	572	0	3.96331023	-0.00734085082	0.00681644802	-0.0553171761	0.0947467706	0.0523228191	0.00912430201	0	17.4	0	0	3
