Iteration	CPUTime	PhysTime	Travels	Value	AvValue	MinValue	MaxValue	Delta	Criteria	PrevAvRefValue	Progress	CriteriaType	CriteriaVarType	CriteriaPercentage
1	15	0	0.010402389	6154.7731	6154.7731	6154.7731	6154.7731	0	0	0	0	0	0	3
2	16	0	0.0208047781	327.682275	3241.22769	327.682275	6154.7731	2913.54541	0	0	0	0	0	3
3	18	0	0.0312071671	71.9374515	2184.79761	71.9374515	6154.7731	3969.97549	0	0	0	0	0	3
4	19	0	0.0416095562	65.8163905	1655.0523	65.8163905	6154.7731	4499.72079	0	0	0	0	0	3
5	20	0	0.0520119452	80.2950087	1340.10084	65.8163905	6154.7731	4814.67225	0	0	0	0	0	3
6	21	0	0.0624143343	76.0445016	1129.42479	65.8163905	6154.7731	5025.34831	0	0	0	0	0	3
7	23	0	0.0728167233	77.4204404	979.138452	65.8163905	6154.7731	5175.63465	0	0	0	0	0	3
8	24	0	0.0832191124	75.7688576	866.217253	65.8163905	6154.7731	5288.55585	0	0	0	0	0	3
9	25	0	0.0936215014	76.1358701	778.430433	65.8163905	6154.7731	5376.34267	0	0	0	0	0	3
10	27	0	0.10402389	75.3679139	708.124181	65.8163905	6154.7731	5446.64892	0	0	0	0	0	3
11	28	0	0.11442628	74.6606799	650.53659	65.8163905	6154.7731	5504.23651	0	0	0	0	0	3
12	29	0	0.124828669	74.4223617	602.527071	65.8163905	6154.7731	5552.24603	0	0	0	0	0	3
13	30	0	0.135231058	74.3073418	561.894784	65.8163905	6154.7731	5592.87831	0	0	0	0	0	3
14	32	0	0.145633447	74.4263939	527.075613	65.8163905	6154.7731	5627.69749	0	0	0	0	0	3
15	33	0	0.156035836	73.5077092	496.837753	65.8163905	6154.7731	5657.93535	0	0	0	0	0	3
16	34	0	0.166438225	73.9018255	470.404257	65.8163905	6154.7731	5684.36884	0	0	0	0	0	3
17	36	0	0.176840614	73.4324575	447.052975	65.8163905	6154.7731	5707.72012	0	0	0	0	0	3
18	37	0	0.187243003	73.3695791	426.292786	65.8163905	6154.7731	5728.48031	0	0	0	0	0	3
19	38	0	0.197645392	73.5211164	407.725856	65.8163905	6154.7731	5747.04724	0	0	0	0	0	3
20	39	0	0.208047781	73.5951982	391.019324	65.8163905	6154.7731	5763.75377	0	0	0	0	0	3
21	41	0	0.21845017	73.9629107	375.921399	65.8163905	6154.7731	5778.8517	0	0	0	0	0	3
22	42	0	0.228852559	73.3600773	362.168612	65.8163905	6154.7731	5792.60449	0	0	0	0	0	3
23	44	0	0.239254948	74.0642036	349.642333	65.8163905	6154.7731	5805.13077	0	0	0	0	0	3
24	45	0	0.249657337	73.8445289	338.150758	65.8163905	6154.7731	5816.62234	0	0	0	0	0	3
25	46	0	0.260059726	74.0492042	327.586696	65.8163905	6154.7731	5827.1864	0	0	0	0	0	3
26	47	0	0.270462115	74.1655882	317.83973	65.8163905	6154.7731	5836.93337	0	0	0	0	0	3
27	49	0	0.280864504	74.3104897	308.820129	65.8163905	6154.7731	5845.95297	0	0	0	0	0	3
28	50	0	0.291266893	74.4457903	300.449617	65.8163905	6154.7731	5854.32348	0	0	0	0	0	3
29	51	0	0.301669282	74.8581479	292.6706	65.8163905	6154.7731	5862.1025	0	0	0	0	0	3
30	53	0	0.312071671	75.0081293	285.415185	65.8163905	6154.7731	5869.35791	0	0	0	0	0	3
31	54	0	0.32247406	74.6107117	278.61504	65.8163905	6154.7731	5876.15806	0	0	0	0	0	3
32	56	0	0.33287645	75.1272386	272.256047	65.8163905	6154.7731	5882.51705	0	0	0	0	0	3
33	57	0	0.343278839	74.9309629	266.276499	65.8163905	6154.7731	5888.4966	0	0	0	0	0	3
34	58	0	0.353681228	74.9977212	260.650652	65.8163905	6154.7731	5894.12245	0	0	0	0	0	3
35	60	0	0.364083617	74.8265059	255.341391	65.8163905	6154.7731	5899.43171	0	0	0	0	0	3
36	61	0	0.374486006	74.9193401	250.329667	65.8163905	6154.7731	5904.44343	0	0	0	0	0	3
37	63	0	0.384888395	75.1916463	245.596207	65.8163905	6154.7731	5909.17689	0	0	0	0	0	3
38	64	0	0.395290784	74.9983562	241.10679	65.8163905	6154.7731	5913.66631	0	0	0	0	0	3
39	66	0	0.405693173	75.0165631	236.848066	65.8163905	6154.7731	5917.92503	0	0	0	0	0	3
40	67	0	0.416095562	75.4968948	232.814287	65.8163905	6154.7731	5921.95881	0	0	0	0	0	3
41	69	0	0.426497951	75.4883921	228.97707	65.8163905	6154.7731	5925.79603	0	0	0	0	0	3
42	70	0	0.43690034	76.4164548	225.344675	65.8163905	6154.7731	5929.42842	0	0	0	0	0	3
43	72	0	0.447302729	76.7427723	221.888816	65.8163905	6154.7731	5932.88428	0	0	0	0	0	3
44	73	0	0.457705118	77.0088378	218.59609	65.8163905	6154.7731	5936.17701	0	0	0	0	0	3
45	75	0	0.468107507	77.0896577	215.451502	65.8163905	6154.7731	5939.3216	0	0	0	0	0	3
46	76	0	0.478509896	77.1423541	212.444782	65.8163905	6154.7731	5942.32832	0	0	0	0	0	3
47	78	0	0.488912285	77.125567	209.565649	65.8163905	6154.7731	5945.20745	0	0	0	0	0	3
48	79	0	0.499314674	77.4786714	206.813837	65.8163905	6154.7731	5947.95926	0	0	0	0	0	3
49	80	0	0.509717063	77.6372924	204.177581	65.8163905	6154.7731	5950.59552	0	0	0	0	0	3
50	82	0	0.520119452	77.4053719	80.1496685	65.8163905	327.682275	261.865885	0	0	0	0	0	3
51	83	0	0.530521841	77.4947838	75.0438013	65.8163905	80.2950087	14.4786183	0	0	0	0	0	3
52	84	0	0.54092423	77.1596992	75.1503778	65.8163905	80.2950087	14.4786183	0	0	0	0	0	3
53	86	0	0.55132662	76.9337125	75.3772619	73.3600773	80.2950087	6.93493149	0	0	0	0	0	3
54	87	0	0.561729009	76.9778811	75.3095654	73.3600773	77.6372924	4.27721519	0	0	0	0	0	3
55	92	0	0.572131398	77.1241246	75.3315986	73.3600773	77.6372924	4.27721519	0	0	0	0	0	3
56	93	0	0.582533787	76.8391927	75.3197364	73.3600773	77.6372924	4.27721519	0	0	0	0	0	3
57	94	0	0.592936176	77.4010238	75.3530459	73.3600773	77.6372924	4.27721519	0	0	0	0	0	3
58	96	0	0.603338565	77.0828072	75.3723711	73.3600773	77.6372924	4.27721519	0	0	0	0	0	3
59	97	0	0.613740954	77.3523284	75.4128694	73.3600773	77.6372924	4.27721519	0	0	0	0	0	3
60	99	0	0.624143343	77.097007	75.4625903	73.3600773	77.6372924	4.27721519	0	0	0	0	0	3
61	100	0	0.634545732	77.4687085	75.5247607	73.3600773	77.6372924	4.27721519	0	0	0	0	0	3
62	101	0	0.644948121	76.9709969	75.579121	73.3600773	77.6372924	4.27721519	0	0	0	0	0	3
63	103	0	0.65535051	77.1423772	75.6345492	73.3600773	77.6372924	4.27721519	0	0	0	0	0	3
64	104	0	0.665752899	77.1768675	75.70943	73.3600773	77.6372924	4.27721519	0	0	0	0	0	3
65	105	0	0.676155288	77.5784267	75.7844627	73.3600773	77.6372924	4.27721519	0	0	0	0	0	3
66	106	0	0.686557677	77.2142837	75.8616428	73.3600773	77.6372924	4.27721519	0	0	0	0	0	3
67	108	0	0.696960066	77.4376902	75.9446655	73.3600773	77.6372924	4.27721519	0	0	0	0	0	3
68	109	0	0.707362455	77.0016804	76.0156974	73.3600773	77.6372924	4.27721519	0	0	0	0	0	3
69	113	0	0.717764844	77.509576	76.0955827	73.3600773	77.6372924	4.27721519	0	0	0	0	0	3
70	114	0	0.728167233	77.2768805	76.1632147	73.3600773	77.6372924	4.27721519	0	0	0	0	0	3
71	116	0	0.738569622	77.29673	76.2435545	73.8445289	77.6372924	3.7927635	0	0	0	0	0	3
72	117	0	0.748972011	77.3161601	76.309921	73.8445289	77.6372924	3.7927635	0	0	0	0	0	3
73	120	0	0.7593744	77.270773	76.3798443	74.0492042	77.6372924	3.58808822	0	0	0	0	0	3
74	122	0	0.76977679	76.9302349	76.4386409	74.1655882	77.6372924	3.47170425	0	0	0	0	0	3
75	123	0	0.780179179	77.1212368	76.4989603	74.3104897	77.6372924	3.32680274	0	0	0	0	0	3
76	124	0	0.790581568	76.7683809	76.5491213	74.4457903	77.6372924	3.19150212	0	0	0	0	0	3
77	126	0	0.800983957	77.1079697	76.6034515	74.6107117	77.6372924	3.02658077	0	0	0	0	0	3
78	127	0	0.811386346	77.1571073	76.650369	74.6107117	77.6372924	3.02658077	0	0	0	0	0	3
79	128	0	0.821788735	77.420042	76.6995917	74.6107117	77.6372924	3.02658077	0	0	0	0	0	3
80	130	0	0.832191124	76.8778229	76.7458593	74.8265059	77.6372924	2.81078655	0	0	0	0	0	3
81	131	0	0.842593513	76.9181378	76.7824083	74.8265059	77.6372924	2.81078655	0	0	0	0	0	3
82	133	0	0.852995902	77.2228196	76.8291809	74.8265059	77.6372924	2.81078655	0	0	0	0	0	3
83	134	0	0.863398291	77.4692177	76.8796196	74.8265059	77.6372924	2.81078655	0	0	0	0	0	3
84	135	0	0.87380068	77.5105369	76.9343957	74.9193401	77.6372924	2.71795232	0	0	0	0	0	3
85	137	0	0.884203069	77.4636588	76.9863206	74.9983562	77.6372924	2.63893623	0	0	0	0	0	3
86	138	0	0.894605458	77.1902946	77.0271093	74.9983562	77.6372924	2.63893623	0	0	0	0	0	3
87	139	0	0.905007847	77.3566198	77.0752371	75.0165631	77.6372924	2.62072934	0	0	0	0	0	3
88	141	0	0.915410236	77.4504923	77.1249092	75.4883921	77.6372924	2.14890032	0	0	0	0	0	3
89	142	0	0.925812625	77.6790102	77.1694421	75.4883921	77.6790102	2.19061803	0	0	0	0	0	3
90	143	0	0.936215014	77.5314034	77.2111362	76.4164548	77.6790102	1.26255538	0	0	0	0	0	3
91	145	0	0.946617403	77.3973568	77.2311547	76.7427723	77.6790102	0.936237896	0	0	0	0	0	3
92	146	0	0.957019792	77.5378402	77.2473805	76.7683809	77.6790102	0.910629293	0	0	0	0	0	3
93	147	0	0.967422181	77.2616168	77.2525393	76.7683809	77.6790102	0.910629293	0	0	0	0	0	3
94	148	0	0.97782457	76.9304654	77.2492905	76.7683809	77.6790102	0.910629293	0	0	0	0	0	3
95	150	0	0.98822696	76.9207894	77.2447687	76.7683809	77.6790102	0.910629293	0	0	0	0	0	3
96	151	0	0.998629349	76.9118475	77.2404071	76.7683809	77.6790102	0.910629293	0	0	0	0	0	3
97	153	0	1.00903174	76.8907302	77.2284083	76.7683809	77.6790102	0.910629293	0.434358549	0	47.6	0	0	3
98	154	0	1.01943413	77.5178721	77.2259712	76.7683809	77.6790102	0.910629293	0.434358549	0	47.6	0	0	3
99	155	0	1.02983652	77.3913791	77.2256856	76.7683809	77.6790102	0.910629293	0.434358549	0	47.6	0	0	3
100	157	0	1.0402389	77.1870289	77.2194049	76.7683809	77.6790102	0.910629293	0.434358549	0	47.6	0	0	3
101	160	0	1.05064129	77.52271	77.2268133	76.7683809	77.6790102	0.910629293	0.434358549	0	47.6	0	0	3
102	162	0	1.06104368	77.5444937	77.2392782	76.7683809	77.6790102	0.910629293	0.434358549	0	47.6	0	0	3
103	163	0	1.07144607	77.5925642	77.2518227	76.7683809	77.6790102	0.910629293	0.434358549	0	47.6	0	0	3
104	164	0	1.08184846	77.1371343	77.2520882	76.7683809	77.6790102	0.910629293	0.434358549	0	47.6	0	0	3
105	165	0	1.09225085	77.2312029	77.2600885	76.7683809	77.6790102	0.910629293	0.434358549	0	47.6	0	0	3
106	167	0	1.10265324	77.231633	77.2566315	76.7683809	77.6790102	0.910629293	0.434358549	0	47.6	0	0	3
107	168	0	1.11305563	77.5832867	77.2668454	76.7683809	77.6790102	0.910629293	0.434358549	0	47.6	0	0	3
108	170	0	1.12345802	77.4448753	77.2687341	76.7683809	77.6790102	0.910629293	0.434358549	0	47.6	0	0	3
109	171	0	1.13386041	77.5491332	77.2779611	76.7683809	77.6790102	0.910629293	0.434358549	0	47.6	0	0	3
110	172	0	1.1442628	77.505889	77.2787199	76.7683809	77.6790102	0.910629293	0.434358549	0	47.6	0	0	3
111	173	0	1.15466518	77.5178363	77.2898799	76.7683809	77.6790102	0.910629293	0.434358549	0	47.6	0	0	3
112	175	0	1.16506757	77.6727431	77.3007037	76.7683809	77.6790102	0.910629293	0.434358549	0	47.6	0	0	3
113	176	0	1.17546996	77.4571475	77.3064237	76.7683809	77.6790102	0.910629293	0.434358549	0	47.6	0	0	3
114	177	0	1.18587235	77.6253962	77.3073823	76.7683809	77.6790102	0.910629293	0.434358549	0	47.6	0	0	3
115	179	0	1.19627474	77.4505863	77.3122048	76.7683809	77.6790102	0.910629293	0.434358549	0	47.6	0	0	3
116	183	0	1.20667713	76.9956341	77.3031832	76.7683809	77.6790102	0.910629293	0.434358549	0	47.6	0	0	3
117	185	0	1.21707952	77.4237202	77.3117963	76.7683809	77.6790102	0.910629293	0.434358549	0	47.6	0	0	3
118	186	0	1.22748191	77.6827736	77.3153309	76.7683809	77.6827736	0.914392708	0.434358549	0	47.5	0	0	3
119	187	0	1.2378843	77.5483289	77.3208707	76.7683809	77.6827736	0.914392708	0.434358549	0	47.5	0	0	3
120	189	0	1.24828669	77.0408826	77.3156493	76.7683809	77.6827736	0.914392708	0.434358549	0	47.5	0	0	3
121	190	0	1.25868907	77.2077215	77.3134363	76.7683809	77.6827736	0.914392708	0.434358549	0	47.5	0	0	3
122	191	0	1.26909146	77.519216	77.3185065	76.7683809	77.6827736	0.882229787	0.434358549	0	49.2	0	0	3
123	193	0	1.27949385	77.4833904	77.3297954	76.7683809	77.6827736	0.830835172	0.434358549	0	52.2	0	0	3
124	194	0	1.28989624	77.2776444	77.3329874	76.7683809	77.6827736	0.78386612	0.434358549	0	55.4	0	0	3
125	195	0	1.30029863	77.3264591	77.3443768	76.8778229	77.6827736	0.740925282	0.434358549	0	58.6	0	0	3
126	197	0	1.31070102	77.6336821	77.3551056	76.8778229	77.6827736	0.704736568	0.434358549	0	61.6	0	0	3
127	198	0	1.32110341	77.5055286	77.3622162	76.8778229	77.6827736	0.662624501	0.434358549	0	65.5	0	0	3
128	199	0	1.3315058	77.3630234	77.3610526	76.8778229	77.6827736	0.616356925	0.434358549	0	70.4	0	0	3
129	201	0	1.34190819	77.1420217	77.3664444	76.8907302	77.6827736	0.584036129	0.434358549	0	74.3	0	0	3
130	202	0	1.35231058	77.6616837	77.3816188	76.8907302	77.6827736	0.552437949	0.434358549	0	78.6	0	0	3
131	203	0	1.36271297	77.5788223	77.3888842	76.8907302	77.6827736	0.509264606	0.434358549	0	85.2	0	0	3
132	205	0	1.37311535	77.5452806	77.3904365	76.8907302	77.6827736	0.456040768	0.434358549	0	95.2	0	0	3
133	206	0	1.38351774	77.4261276	77.3887138	76.8907302	77.6827736	0.404115897	0.434358549	0	100	0	0	3
134	207	0	1.39392013	77.2378634	77.3841058	76.8907302	77.6827736	0.363327157	0.434358549	0	100	0	0	3
135	209	0	1.40432252	77.1109917	77.3824873	76.8907302	77.6827736	0.315199328	0.434358549	0	100	0	0	3
136	210	0	1.41472491	77.64019	77.3882745	76.8907302	77.6827736	0.265527304	0.434358549	0	100	0	0	3
137	211	0	1.4251273	76.9132911	77.3773112	76.8907302	77.6827736	0.220994337	0.434358549	0	100	0	0	3
138	213	0	1.43552969	77.2613322	77.3687872	76.8907302	77.6827736	0.17930023	0.434358549	0	100	0	0	3
139	214	0	1.44593208	77.5725899	77.3696277	76.8907302	77.6827736	0.17103159	0.434358549	0	100	0	0	3
140	215	0	1.45633447	77.5244755	77.372222	76.8907302	77.6827736	0.17103159	0.434358549	0	100	0	0	3
141	216	0	1.46673686	76.9389815	77.3600003	76.8907302	77.6827736	0.17103159	0.434358549	0	100	0	0	3
142	218	0	1.47713924	77.3273597	77.361342	76.8907302	77.6827736	0.17103159	0.434358549	0	100	0	0	3
143	219	0	1.48754163	77.4407355	77.3717557	76.8907302	77.6827736	0.17103159	0.434358549	0	100	0	0	3
144	221	0	1.49794402	77.7178214	77.3880217	76.8907302	77.7178214	0.17103159	0.434358549	0	100	0	0	3
145	222	0	1.50834641	77.367709	77.397325	76.8907302	77.7178214	0.17792009	0.434358549	0	100	0	0	3
146	223	0	1.5187488	77.2943878	77.4055629	76.9132911	77.7178214	0.186157999	0.434358549	0	100	0	0	3
147	225	0	1.52915119	77.2544931	77.4001878	76.9132911	77.7178214	0.186157999	0.434358549	0	100	0	0	3
148	226	0	1.53955358	77.6514213	77.4054948	76.9132911	77.7178214	0.186157999	0.434358549	0	100	0	0	3
149	228	0	1.54995597	77.5378271	77.4126539	76.9132911	77.7178214	0.185840665	0.434358549	0	100	0	0	3
150	229	0	1.56035836	77.5547372	77.4133075	76.9132911	77.7178214	0.174029359	0.434358549	0	100	0	0	3
151	230	0	1.57076075	77.2365592	77.4070232	76.9132911	77.7178214	0.161484806	0.434358549	0	100	0	0	3
152	232	0	1.58116314	77.1942418	77.3988941	76.9132911	77.7178214	0.161219302	0.434358549	0	100	0	0	3
153	233	0	1.59156552	77.5404683	77.4071254	76.9132911	77.7178214	0.15667605	0.434358549	0	100	0	0	3
154	234	0	1.60196791	77.3569511	77.4096917	76.9132911	77.7178214	0.15667605	0.434358549	0	100	0	0	3
155	236	0	1.6123703	77.3652551	77.4124187	76.9132911	77.7178214	0.146462184	0.434358549	0	100	0	0	3
156	237	0	1.62277269	77.2657417	77.4059382	76.9132911	77.7178214	0.144573472	0.434358549	0	100	0	0	3
157	238	0	1.63317508	77.5722622	77.4085379	76.9132911	77.7178214	0.135346407	0.434358549	0	100	0	0	3
158	239	0	1.64357747	77.5630278	77.4088215	76.9132911	77.7178214	0.134587621	0.434358549	0	100	0	0	3
159	241	0	1.65397986	77.5278352	77.4092694	76.9132911	77.7178214	0.123427634	0.434358549	0	100	0	0	3
160	242	0	1.66438225	77.0876788	77.4004907	76.9132911	77.7178214	0.112603839	0.434358549	0	100	0	0	3
161	243	0	1.67478464	77.2962024	77.3928062	76.9132911	77.7178214	0.110124328	0.434358549	0	100	0	0	3
162	245	0	1.68518703	77.5538558	77.3947798	76.9132911	77.7178214	0.110124328	0.434358549	0	100	0	0	3
163	246	0	1.69558941	77.5289361	77.3928112	76.9132911	77.7178214	0.110124328	0.434358549	0	100	0	0	3
164	247	0	1.7059918	77.7467915	77.3988562	76.9132911	77.7467915	0.110124328	0.434358549	0	100	0	0	3
165	249	0	1.71639419	77.6981908	77.4131941	76.9132911	77.7467915	0.101511271	0.434358549	0	100	0	0	3
166	250	0	1.72679658	77.7692752	77.4202463	76.9132911	77.7692752	0.106809987	0.434358549	0	100	0	0	3
167	251	0	1.73719897	77.3573361	77.4136047	76.9132911	77.7692752	0.106809987	0.434358549	0	100	0	0	3
168	253	0	1.74760136	77.3422125	77.4093982	76.9132911	77.7692752	0.106809987	0.434358549	0	100	0	0	3
169	254	0	1.75800375	77.5744561	77.4202875	76.9132911	77.7692752	0.106851205	0.434358549	0	100	0	0	3
170	255	0	1.76840614	77.5530692	77.4273354	76.9132911	77.7692752	0.108828852	0.434358549	0	100	0	0	3
171	257	0	1.77880853	77.3096209	77.4230579	76.9132911	77.7692752	0.0975399652	0.434358549	0	100	0	0	3
172	258	0	1.78921092	77.5542495	77.424504	76.9132911	77.7692752	0.0943479731	0.434358549	0	100	0	0	3
173	259	0	1.79961331	77.0718819	77.4203048	76.9132911	77.7692752	0.0829586207	0.434358549	0	100	0	0	3
174	261	0	1.81001569	77.2845193	77.4194489	76.9132911	77.7692752	0.0722297963	0.434358549	0	100	0	0	3
175	262	0	1.82041808	77.2190428	77.4109869	76.9132911	77.7692752	0.0673350412	0.434358549	0	100	0	0	3
176	263	0	1.83082047	77.2513103	77.4057987	76.9132911	77.7692752	0.0673350412	0.434358549	0	100	0	0	3
177	268	0	1.84122286	77.5426822	77.4094652	76.9132911	77.7692752	0.0673350412	0.434358549	0	100	0	0	3
178	269	0	1.85162525	77.5524616	77.4178416	76.9132911	77.7692752	0.0673350412	0.434358549	0	100	0	0	3
179	271	0	1.86202764	77.2490918	77.4094213	76.9132911	77.7692752	0.0673350412	0.434358549	0	100	0	0	3
180	272	0	1.87243003	77.3158174	77.4040539	76.9132911	77.7692752	0.0673350412	0.434358549	0	100	0	0	3
181	273	0	1.88283242	76.9294232	77.3914854	76.9132911	77.7692752	0.0673350412	0.434358549	0	100	0	0	3
182	275	0	1.89323481	77.0422428	77.383651	76.9132911	77.7692752	0.0673350412	0.434358549	0	100	0	0	3
183	276	0	1.9036372	76.9790566	77.3783692	76.9132911	77.7692752	0.0673350412	0.434358549	0	100	0	0	3
184	277	0	1.91403958	77.0462706	77.3770484	76.9132911	77.7692752	0.0673350412	0.434358549	0	100	0	0	3
185	279	0	1.92444197	77.6211386	77.3766596	76.9132911	77.7692752	0.0673350412	0.434358549	0	100	0	0	3
186	280	0	1.93484436	77.3252716	77.3850673	76.9294232	77.7692752	0.0673350412	0.434358549	0	100	0	0	3
187	282	0	1.94524675	77.5981675	77.3919415	76.9294232	77.7692752	0.0673350412	0.434358549	0	100	0	0	3
188	283	0	1.95564914	77.7124347	77.3947955	76.9294232	77.7692752	0.0673350412	0.434358549	0	100	0	0	3
189	285	0	1.96605153	77.3944554	77.392142	76.9294232	77.7692752	0.0673350412	0.434358549	0	100	0	0	3
190	286	0	1.97645392	77.5353282	77.4043124	76.9294232	77.7692752	0.0659933494	0.434358549	0	100	0	0	3
191	288	0	1.98685631	77.3738302	77.4052607	76.9294232	77.7692752	0.0555796744	0.434358549	0	100	0	0	3
192	289	0	1.9972587	77.5993836	77.4084985	76.9294232	77.7692752	0.0506758252	0.434358549	0	100	0	0	3
193	290	0	2.00766109	76.9827831	77.3934977	76.9294232	77.7692752	0.0506758252	0.434358549	0	100	0	0	3
194	292	0	2.01806348	77.7309227	77.4009102	76.9294232	77.7692752	0.0506758252	0.434358549	0	100	0	0	3
195	293	0	2.02846586	77.6035926	77.4072205	76.9294232	77.7692752	0.0506758252	0.434358549	0	100	0	0	3
196	294	0	2.03886825	77.5735912	77.4137327	76.9294232	77.7692752	0.0506758252	0.434358549	0	100	0	0	3
197	295	0	2.04927064	76.9832099	77.4000957	76.9294232	77.7692752	0.0506758252	0.434358549	0	100	0	0	3
198	297	0	2.05967303	77.337314	77.3960036	76.9294232	77.7692752	0.0506758252	0.434358549	0	100	0	0	3
199	298	0	2.07007542	77.3884493	77.39261	76.9294232	77.7692752	0.0506758252	0.434358549	0	100	0	0	3
200	299	0	2.08047781	77.4782968	77.3975434	76.9294232	77.7692752	0.0506758252	0.434358549	0	100	0	0	3
201	305	0	2.0908802	77.1745141	77.3971408	76.9294232	77.7692752	0.0506758252	0.434358549	0	100	0	0	3
202	306	0	2.10128259	77.3205198	77.3926521	76.9294232	77.7692752	0.0506758252	0.434358549	0	100	0	0	3
203	308	0	2.11168498	77.0993955	77.3873958	76.9294232	77.7692752	0.0506758252	0.434358549	0	100	0	0	3
204	309	0	2.12208737	77.2882667	77.3858246	76.9294232	77.7692752	0.0506758252	0.434358549	0	100	0	0	3
205	310	0	2.13248975	77.1029067	77.3825015	76.9294232	77.7692752	0.0506758252	0.434358549	0	100	0	0	3
206	312	0	2.14289214	77.629258	77.3836647	76.9294232	77.7692752	0.0506758252	0.434358549	0	100	0	0	3
207	313	0	2.15329453	77.6046315	77.3845137	76.9294232	77.7692752	0.0506758252	0.434358549	0	100	0	0	3
208	315	0	2.16369692	77.0735457	77.3752425	76.9294232	77.7692752	0.0520928844	0.434358549	0	100	0	0	3
209	318	0	2.17409931	77.1298794	77.3761037	76.9294232	77.7692752	0.0520928844	0.434358549	0	100	0	0	3
210	322	0	2.1845017	77.4022153	77.3782673	76.9294232	77.7692752	0.0520928844	0.434358549	0	100	0	0	3
211	323	0	2.19490409	77.5738741	77.3786758	76.9294232	77.7692752	0.0520928844	0.434358549	0	100	0	0	3
212	324	0	2.20530648	77.2397994	77.3727751	76.9294232	77.7692752	0.0545603302	0.434358549	0	100	0	0	3
213	326	0	2.21570887	77.5723613	77.3692153	76.9294232	77.7692752	0.0581201301	0.434358549	0	100	0	0	3
214	327	0	2.22611126	77.2413412	77.3598918	76.9294232	77.7692752	0.0674435907	0.434358549	0	100	0	0	3
215	328	0	2.23651365	77.6095829	77.3566328	76.9294232	77.7309227	0.0707026168	0.434358549	0	100	0	0	3
216	329	0	2.24691603	77.2796624	77.3550476	76.9294232	77.7309227	0.0722877952	0.434358549	0	100	0	0	3
217	331	0	2.25731842	76.9696066	77.3474434	76.9294232	77.7309227	0.079891998	0.434358549	0	100	0	0	3
218	332	0	2.26772081	77.0193037	77.3361138	76.9294232	77.7309227	0.0912216398	0.434358549	0	100	0	0	3
219	334	0	2.2781232	77.0670582	77.3261952	76.9294232	77.7309227	0.0983088861	0.434358549	0	100	0	0	3
220	335	0	2.28852559	77.1065236	77.3220503	76.9294232	77.7309227	0.10245373	0.434358549	0	100	0	0	3
221	336	0	2.29892798	76.9841835	77.3104163	76.9294232	77.7309227	0.109888495	0.434358549	0	100	0	0	3
222	338	0	2.30933037	77.4740387	77.3186236	76.9294232	77.7309227	0.10903258	0.434358549	0	100	0	0	3
223	339	0	2.31973276	77.4174703	77.3213369	76.9294232	77.7309227	0.107425255	0.434358549	0	100	0	0	3
224	341	0	2.33013515	77.4343465	77.3257308	76.9294232	77.7309227	0.107425255	0.434358549	0	100	0	0	3
225	342	0	2.34053754	77.5710248	77.3322556	76.9294232	77.7309227	0.107425255	0.434358549	0	100	0	0	3
226	343	0	2.35093992	77.5081584	77.3315511	76.9294232	77.7309227	0.107425255	0.434358549	0	100	0	0	3
227	345	0	2.36134231	77.1465201	77.3232665	76.9294232	77.7309227	0.103316394	0.434358549	0	100	0	0	3
228	346	0	2.3717447	77.1812684	77.3218824	76.9294232	77.7309227	0.103316394	0.434358549	0	100	0	0	3
229	347	0	2.38214709	77.1430464	77.3183564	76.9294232	77.7309227	0.103316394	0.434358549	0	100	0	0	3
230	349	0	2.39254948	77.298445	77.3258875	76.9696066	77.7309227	0.103316394	0.434358549	0	100	0	0	3
231	350	0	2.40295187	77.2317945	77.3297559	76.9696066	77.7309227	0.103316394	0.434358549	0	100	0	0	3
232	351	0	2.41335426	77.4663119	77.3396999	76.9696066	77.7309227	0.103316394	0.434358549	0	100	0	0	3
233	353	0	2.42375665	77.2441409	77.3437381	76.9696066	77.7309227	0.103316394	0.434358549	0	100	0	0	3
234	354	0	2.43415904	77.5493601	77.3422732	76.9696066	77.7309227	0.103316394	0.434358549	0	100	0	0	3
235	356	0	2.44456143	77.2678037	77.3411004	76.9696066	77.7309227	0.103316394	0.434358549	0	100	0	0	3
236	357	0	2.45496382	77.6247969	77.3416438	76.9696066	77.7309227	0.103316394	0.434358549	0	100	0	0	3
237	358	0	2.4653662	77.0744056	77.3286228	76.9696066	77.7309227	0.103316394	0.434358549	0	100	0	0	3
238	360	0	2.47576859	77.368944	77.3281022	76.9696066	77.7309227	0.103316394	0.434358549	0	100	0	0	3
239	364	0	2.48617098	77.5082312	77.3275492	76.9696066	77.7309227	0.103316394	0.434358549	0	100	0	0	3
240	365	0	2.49657337	77.2924603	77.3258886	76.9696066	77.7309227	0.103316394	0.434358549	0	100	0	0	3
241	367	0	2.50697576	77.0726363	77.3151386	76.9696066	77.7309227	0.103316394	0.434358549	0	100	0	0	3
242	368	0	2.51737815	77.5901334	77.3275335	76.9696066	77.7309227	0.103316394	0.434358549	0	100	0	0	3
243	369	0	2.52778054	77.5669492	77.3241871	76.9696066	77.629258	0.103316394	0.434358549	0	100	0	0	3
244	371	0	2.53818293	77.4196677	77.3204336	76.9696066	77.629258	0.103316394	0.434358549	0	100	0	0	3
245	372	0	2.54858532	76.9948043	77.3086216	76.9696066	77.629258	0.0914741472	0.434358549	0	100	0	0	3
246	374	0	2.55898771	77.3574238	77.3162586	76.9696066	77.629258	0.0889218326	0.434358549	0	100	0	0	3
247	375	0	2.56939009	77.3476222	77.316469	76.9696066	77.629258	0.0889218326	0.434358549	0	100	0	0	3
248	376	0	2.57979248	77.5582232	77.3199338	76.9696066	77.629258	0.0889218326	0.434358549	0	100	0	0	3
249	378	0	2.59019487	77.5104322	77.3205896	76.9696066	77.629258	0.0885192271	0.434358549	0	100	0	0	3
250	379	0	2.60059726	77.2366058	77.3218568	76.9696066	77.629258	0.0840304829	0.434358549	0	100	0	0	3
251	380	0	2.61099965	77.1958755	77.319313	76.9696066	77.629258	0.0787742464	0.434358549	0	100	0	0	3
252	381	0	2.62140204	77.2051493	77.3214712	76.9696066	77.629258	0.0772030549	0.434358549	0	100	0	0	3
253	383	0	2.63180443	77.4786109	77.3253558	76.9696066	77.629258	0.075892127	0.434358549	0	100	0	0	3
254	384	0	2.64220682	77.5300019	77.334072	76.9696066	77.629258	0.075892127	0.434358549	0	100	0	0	3
255	386	0	2.65260921	77.463009	77.3306792	76.9696066	77.6247969	0.075892127	0.434358549	0	100	0	0	3
256	387	0	2.6630116	77.4750888	77.3280355	76.9696066	77.6247969	0.0700542144	0.434358549	0	100	0	0	3
257	388	0	2.67341399	77.4141571	77.3349867	76.9696066	77.6247969	0.0700542144	0.434358549	0	100	0	0	3
258	390	0	2.68381637	77.4735608	77.3420006	76.9696066	77.6247969	0.0700542144	0.434358549	0	100	0	0	3
259	391	0	2.69421876	77.304977	77.3400162	76.9696066	77.6247969	0.0700542144	0.434358549	0	100	0	0	3
260	392	0	2.70462115	77.4939657	77.3383854	76.9696066	77.6247969	0.0641534664	0.434358549	0	100	0	0	3
261	394	0	2.71502354	77.7950864	77.3497178	76.9696066	77.7950864	0.0605936665	0.434358549	0	100	0	0	3
262	395	0	2.72542593	77.8446342	77.3552744	76.9696066	77.8446342	0.051270206	0.434358549	0	100	0	0	3
263	396	0	2.73582832	77.6475165	77.3635637	76.9696066	77.8446342	0.0549420695	0.434358549	0	100	0	0	3
264	398	0	2.74623071	77.0236833	77.3516065	76.9696066	77.8446342	0.0549420695	0.434358549	0	100	0	0	3
265	399	0	2.7566331	77.6472923	77.3591092	76.9696066	77.8446342	0.0549420695	0.434358549	0	100	0	0	3
266	400	0	2.76703549	76.9576385	77.3588649	76.9576385	77.8446342	0.0549420695	0.434358549	0	100	0	0	3
267	402	0	2.77743788	77.0006978	77.3584852	76.9576385	77.8446342	0.0549420695	0.434358549	0	100	0	0	3
268	403	0	2.78784026	77.5559753	77.3684631	76.9576385	77.8446342	0.0598415278	0.434358549	0	100	0	0	3
269	404	0	2.79824265	77.4932741	77.376356	76.9576385	77.8446342	0.0677343959	0.434358549	0	100	0	0	3
270	406	0	2.80864504	76.9239929	77.3751276	76.9239929	77.8446342	0.0677343959	0.434358549	0	100	0	0	3
271	407	0	2.81904743	77.516297	77.37599	76.9239929	77.8446342	0.0677343959	0.434358549	0	100	0	0	3
272	408	0	2.82944982	77.2599631	77.3727756	76.9239929	77.8446342	0.0677343959	0.434358549	0	100	0	0	3
273	410	0	2.83985221	77.6031577	77.3762207	76.9239929	77.8446342	0.0677343959	0.434358549	0	100	0	0	3
274	411	0	2.8502546	77.2712584	77.370103	76.9239929	77.8446342	0.0677343959	0.434358549	0	100	0	0	3
275	412	0	2.86065699	77.5797244	77.3715636	76.9239929	77.8446342	0.0677343959	0.434358549	0	100	0	0	3
276	414	0	2.87105938	77.6386118	77.3816063	76.9239929	77.8446342	0.0729846607	0.434358549	0	100	0	0	3
277	415	0	2.88146177	77.6832013	77.3918498	76.9239929	77.8446342	0.0832281897	0.434358549	0	100	0	0	3
278	416	0	2.89186416	77.5440379	77.4000333	76.9239929	77.8446342	0.0914116891	0.434358549	0	100	0	0	3
279	418	0	2.90226654	77.7470335	77.4091882	76.9239929	77.8446342	0.100566557	0.434358549	0	100	0	0	3
280	419	0	2.91266893	77.1860039	77.4082536	76.9239929	77.8446342	0.100566557	0.434358549	0	100	0	0	3
281	421	0	2.92307132	77.6623046	77.4122535	76.9239929	77.8446342	0.103631907	0.434358549	0	100	0	0	3
282	422	0	2.93347371	77.055278	77.4083992	76.9239929	77.8446342	0.103631907	0.434358549	0	100	0	0	3
283	423	0	2.9438761	77.3037779	77.4033873	76.9239929	77.8446342	0.103631907	0.434358549	0	100	0	0	3
284	424	0	2.95427849	77.522921	77.4085937	76.9239929	77.8446342	0.103631907	0.434358549	0	100	0	0	3
285	426	0	2.96468088	77.392063	77.4038441	76.9239929	77.8446342	0.103631907	0.434358549	0	100	0	0	3
286	427	0	2.97508327	77.4449545	77.4114063	76.9239929	77.8446342	0.103631907	0.434358549	0	100	0	0	3
287	429	0	2.98548566	77.0349714	77.4045905	76.9239929	77.8446342	0.103631907	0.434358549	0	100	0	0	3
288	430	0	2.99588805	77.5300783	77.4050364	76.9239929	77.8446342	0.103631907	0.434358549	0	100	0	0	3
289	431	0	3.00629043	77.5601436	77.4104993	76.9239929	77.8446342	0.103631907	0.434358549	0	100	0	0	3
290	433	0	3.01669282	77.5092478	77.4194098	76.9239929	77.8446342	0.11078816	0.434358549	0	100	0	0	3
291	434	0	3.02709521	77.4881954	77.4173294	76.9239929	77.8446342	0.11078816	0.434358549	0	100	0	0	3
292	435	0	3.0374976	77.4434369	77.4148087	76.9239929	77.8446342	0.11078816	0.434358549	0	100	0	0	3
293	436	0	3.04789999	77.3668146	77.4137301	76.9239929	77.8446342	0.11078816	0.434358549	0	100	0	0	3
294	438	0	3.05830238	77.2545869	77.4190318	76.9239929	77.8446342	0.103151141	0.434358549	0	100	0	0	3
295	439	0	3.06870477	77.3319322	77.4185115	76.9239929	77.8446342	0.10294077	0.434358549	0	100	0	0	3
296	441	0	3.07910716	77.3894355	77.4193649	76.9239929	77.8446342	0.100096759	0.434358549	0	100	0	0	3
297	442	0	3.08950955	77.203487	77.4121254	76.9239929	77.8446342	0.100096759	0.434358549	0	100	0	0	3
298	443	0	3.09991194	76.9980229	77.401668	76.9239929	77.8446342	0.100096759	0.434358549	0	100	0	0	3
299	445	0	3.11031433	76.8667407	77.3941198	76.8667407	77.8446342	0.100096759	0.434358549	0	100	0	0	3
300	446	0	3.12071671	76.8698902	77.387467	76.8667407	77.8446342	0.0979385173	0.434358549	0	100	0	0	3
301	456	0	3.1311191	76.9043857	77.381329	76.8667407	77.8446342	0.0940539419	0.434358549	0	100	0	0	3
302	457	0	3.14152149	76.9545576	77.370634	76.8667407	77.8446342	0.0913742784	0.434358549	0	100	0	0	3
303	461	0	3.15192388	76.888301	77.3575381	76.8667407	77.8446342	0.0913742784	0.434358549	0	100	0	0	3
304	462	0	3.16232627	77.240289	77.3529928	76.8667407	77.8446342	0.0913742784	0.434358549	0	100	0	0	3
305	463	0	3.17272866	77.0272027	77.3438522	76.8667407	77.8446342	0.0844230239	0.434358549	0	100	0	0	3
306	465	0	3.18313105	77.3205114	77.3419411	76.8667407	77.8446342	0.0810243578	0.434358549	0	100	0	0	3
307	466	0	3.19353344	77.0852749	77.3340169	76.8667407	77.8446342	0.0853928675	0.434358549	0	100	0	0	3
308	467	0	3.20393583	77.6154917	77.3403539	76.8667407	77.8446342	0.0853928675	0.434358549	0	100	0	0	3
309	469	0	3.21433822	77.6728807	77.3440052	76.8667407	77.8446342	0.0853928675	0.434358549	0	100	0	0	3
310	470	0	3.2247406	77.4046092	77.3360363	76.8667407	77.8446342	0.0853928675	0.434358549	0	100	0	0	3
311	472	0	3.23514299	77.0147982	77.3191009	76.8667407	77.7470335	0.100308856	0.434358549	0	100	0	0	3
312	473	0	3.24554538	77.572611	77.3175722	76.8667407	77.7470335	0.101837539	0.434358549	0	100	0	0	3
313	474	0	3.25594777	77.5462202	77.3282362	76.8667407	77.7470335	0.101837539	0.434358549	0	100	0	0	3
314	476	0	3.26635016	77.5760205	77.3267817	76.8667407	77.7470335	0.101837539	0.434358549	0	100	0	0	3
315	477	0	3.27675255	76.9110102	77.3258301	76.8667407	77.7470335	0.101837539	0.434358549	0	100	0	0	3
316	478	0	3.28715494	76.9467173	77.3247285	76.8667407	77.7470335	0.101837539	0.434358549	0	100	0	0	3
317	480	0	3.29755733	77.3141339	77.3197929	76.8667407	77.7470335	0.101837539	0.434358549	0	100	0	0	3
318	481	0	3.30795972	77.4809311	77.319541	76.8667407	77.7470335	0.101837539	0.434358549	0	100	0	0	3
319	482	0	3.31836211	77.5264144	77.3318353	76.8667407	77.7470335	0.101837539	0.434358549	0	100	0	0	3
320	484	0	3.3287645	77.5214423	77.3319404	76.8667407	77.7470335	0.101837539	0.434358549	0	100	0	0	3
321	485	0	3.33916688	77.3481692	77.3337405	76.8667407	77.7470335	0.101837539	0.434358549	0	100	0	0	3
322	487	0	3.34956927	77.5288107	77.3322232	76.8667407	77.7470335	0.101837539	0.434358549	0	100	0	0	3
323	488	0	3.35997166	77.2801584	77.3324048	76.8667407	77.7470335	0.101837539	0.434358549	0	100	0	0	3
324	489	0	3.37037405	77.6199256	77.3332253	76.8667407	77.7470335	0.101837539	0.434358549	0	100	0	0	3
325	491	0	3.38077644	77.6227144	77.3329008	76.8667407	77.7470335	0.101837539	0.434358549	0	100	0	0	3
326	492	0	3.39117883	77.6461517	77.3321447	76.8667407	77.7470335	0.101837539	0.434358549	0	100	0	0	3
327	493	0	3.40158122	77.6523883	77.3343559	76.8667407	77.7470335	0.101837539	0.434358549	0	100	0	0	3
328	495	0	3.41198361	77.6532761	77.3324425	76.8667407	77.6728807	0.101837539	0.434358549	0	100	0	0	3
329	496	0	3.422386	77.6617333	77.3421513	76.8667407	77.6728807	0.101837539	0.434358549	0	100	0	0	3
330	497	0	3.43278839	77.5931835	77.3407406	76.8667407	77.6728807	0.101837539	0.434358549	0	100	0	0	3
331	499	0	3.44319077	77.2582963	77.3448839	76.8667407	77.6728807	0.101837539	0.434358549	0	100	0	0	3
332	500	0	3.45359316	77.5582275	77.3500767	76.8667407	77.6728807	0.101837539	0.434358549	0	100	0	0	3
333	502	0	3.46399555	76.9712937	77.338819	76.8667407	77.6728807	0.101837539	0.434358549	0	100	0	0	3
334	503	0	3.47439794	77.5607013	77.3422606	76.8667407	77.6728807	0.101837539	0.434358549	0	100	0	0	3
335	504	0	3.48480033	77.5796759	77.34501	76.8667407	77.6728807	0.101837539	0.434358549	0	100	0	0	3
336	506	0	3.49520272	77.5264521	77.3550403	76.8667407	77.6728807	0.101837539	0.434358549	0	100	0	0	3
337	507	0	3.50560511	77.5264774	77.3549668	76.8667407	77.6728807	0.101837539	0.434358549	0	100	0	0	3
338	508	0	3.5160075	77.4744453	77.3532178	76.8667407	77.6728807	0.101837539	0.434358549	0	100	0	0	3
339	510	0	3.52640989	77.4921908	77.3528697	76.8667407	77.6728807	0.101792658	0.434358549	0	100	0	0	3
340	511	0	3.53681228	77.540733	77.3539419	76.8667407	77.6728807	0.101792658	0.434358549	0	100	0	0	3
341	512	0	3.54721467	77.5494587	77.3561056	76.8667407	77.6728807	0.101792658	0.434358549	0	100	0	0	3
342	514	0	3.55761705	77.4907054	77.358634	76.8667407	77.6728807	0.101792658	0.434358549	0	100	0	0	3
343	515	0	3.56801944	77.5613838	77.3648952	76.8667407	77.6728807	0.101792658	0.434358549	0	100	0	0	3
344	516	0	3.57842183	77.5262052	77.3688599	76.8667407	77.6728807	0.101792658	0.434358549	0	100	0	0	3
345	518	0	3.58882422	77.57805	77.3727092	76.8667407	77.6728807	0.0945531427	0.434358549	0	100	0	0	3
346	519	0	3.59922661	77.5526784	77.3798356	76.8667407	77.6728807	0.0840958103	0.434358549	0	100	0	0	3
347	523	0	3.609629	77.59246	77.3919669	76.8667407	77.6728807	0.0765475438	0.434358549	0	100	0	0	3
348	524	0	3.62003139	77.2685952	77.400168	76.8698902	77.6728807	0.0825958356	0.434358549	0	100	0	0	3
349	527	0	3.63043378	77.6075357	77.415222	76.888301	77.6728807	0.0976498259	0.434358549	0	100	0	0	3
350	529	0	3.64083617	77.2953447	77.4232008	76.888301	77.6728807	0.10562858	0.434358549	0	100	0	0	3
351	530	0	3.65123856	77.63754	77.4371392	76.888301	77.6728807	0.119566995	0.434358549	0	100	0	0	3
352	532	0	3.66164094	76.9448301	77.4382929	76.9110102	77.6728807	0.12072065	0.434358549	0	100	0	0	3
353	533	0	3.67204333	77.0042705	77.4334762	76.9110102	77.6728807	0.12072065	0.434358549	0	100	0	0	3
354	534	0	3.68244572	76.9539048	77.4319803	76.9110102	77.6728807	0.12072065	0.434358549	0	100	0	0	3
355	536	0	3.69284811	77.0093828	77.4256307	76.9110102	77.6728807	0.12072065	0.434358549	0	100	0	0	3
356	537	0	3.7032505	77.5633055	77.4353864	76.9110102	77.6728807	0.12072065	0.434358549	0	100	0	0	3
357	538	0	3.71365289	77.5679187	77.4344156	76.9110102	77.6728807	0.12072065	0.434358549	0	100	0	0	3
358	540	0	3.72405528	77.4238338	77.429333	76.9110102	77.6617333	0.12072065	0.434358549	0	100	0	0	3
359	541	0	3.73445767	77.5935576	77.4331891	76.9110102	77.6617333	0.12072065	0.434358549	0	100	0	0	3
360	543	0	3.74486006	77.1021888	77.4349726	76.9110102	77.6617333	0.12072065	0.434358549	0	100	0	0	3
361	544	0	3.75526245	77.0679775	77.4246739	76.9110102	77.6617333	0.118751835	0.434358549	0	100	0	0	3
362	545	0	3.76566484	76.9647027	77.4128062	76.9110102	77.6617333	0.118751835	0.434358549	0	100	0	0	3
363	547	0	3.77606722	77.2990435	77.4071536	76.9110102	77.6617333	0.118751835	0.434358549	0	100	0	0	3
364	548	0	3.78646961	77.434127	77.4178295	76.9448301	77.6617333	0.118751835	0.434358549	0	100	0	0	3
365	550	0	3.796872	77.0371542	77.4196751	76.9448301	77.6617333	0.118751835	0.434358549	0	100	0	0	3
366	551	0	3.80727439	77.3458919	77.4203232	76.9448301	77.6617333	0.118751835	0.434358549	0	100	0	0	3
367	552	0	3.81767678	76.9244335	77.4089661	76.9244335	77.6617333	0.10645752	0.434358549	0	100	0	0	3
368	554	0	3.82807917	77.5334664	77.4091101	76.9244335	77.6617333	0.106352514	0.434358549	0	100	0	0	3
369	555	0	3.83848156	77.3834617	77.4062941	76.9244335	77.6617333	0.106148161	0.434358549	0	100	0	0	3
370	557	0	3.84888395	77.2262303	77.4038056	76.9244335	77.6617333	0.106148161	0.434358549	0	100	0	0	3
371	558	0	3.85928634	77.6246064	77.4057606	76.9244335	77.6617333	0.106148161	0.434358549	0	100	0	0	3
372	559	0	3.86968873	77.7347691	77.4150384	76.9244335	77.7347691	0.106148161	0.434358549	0	100	0	0	3
373	561	0	3.88009111	77.128187	77.4050029	76.9244335	77.7347691	0.106148161	0.434358549	0	100	0	0	3
374	562	0	3.8904935	77.3982145	77.4004213	76.9244335	77.7347691	0.106148161	0.434358549	0	100	0	0	3
375	564	0	3.90089589	77.5582895	77.3986282	76.9244335	77.7347691	0.105850345	0.434358549	0	100	0	0	3
376	565	0	3.91129828	77.2951373	77.3913373	76.9244335	77.7347691	0.105850345	0.434358549	0	100	0	0	3
377	567	0	3.92170067	77.0497936	77.3790213	76.9244335	77.7347691	0.099473832	0.434358549	0	100	0	0	3
378	568	0	3.93210306	77.293358	77.3715035	76.9244335	77.7347691	0.099473832	0.434358549	0	100	0	0	3
379	569	0	3.94250545	77.4285666	77.368144	76.9244335	77.7347691	0.099473832	0.434358549	0	100	0	0	3
380	571	0	3.95290784	77.2750187	77.3684852	76.9244335	77.7347691	0.099473832	0.434358549	0	100	0	0	3
381	572	0	3.96331023	77.3480263	77.3641954	76.9244335	77.7347691	0.099473832	0.434358549	0	100	0	0	3
