Iteration	CPUTime	PhysTime	Travels	Value	AvValue	MinValue	MaxValue	Delta	Criteria	PrevAvRefValue	Progress	CriteriaType	CriteriaVarType	CriteriaPercentage
1	15	0	0.010402389	101330.917	101330.917	101330.917	101330.917	0	0	0	0	0	0	3
2	16	0	0.0208047781	101326.379	101328.648	101326.379	101330.917	2.26890717	0	0	0	0	0	3
3	18	0	0.0312071671	101325.48	101327.592	101325.48	101330.917	3.32503421	0	0	0	0	0	3
4	19	0	0.0416095562	101325.218	101326.998	101325.218	101330.917	3.91864414	0	0	0	0	0	3
5	20	0	0.0520119452	101325.317	101326.662	101325.218	101330.917	4.25481646	0	0	0	0	0	3
6	21	0	0.0624143343	101325.237	101326.425	101325.218	101330.917	4.49227597	0	0	0	0	0	3
7	23	0	0.0728167233	101325.316	101326.266	101325.218	101330.917	4.65070835	0	0	0	0	0	3
8	24	0	0.0832191124	101325.262	101326.141	101325.218	101330.917	4.77618822	0	0	0	0	0	3
9	25	0	0.0936215014	101325.293	101326.047	101325.218	101330.917	4.87040834	0	0	0	0	0	3
10	27	0	0.10402389	101325.25	101325.967	101325.218	101330.917	4.95006687	0	0	0	0	0	3
11	28	0	0.11442628	101325.27	101325.904	101325.218	101330.917	5.01338501	0	0	0	0	0	3
12	29	0	0.124828669	101325.243	101325.849	101325.218	101330.917	5.06843438	0	0	0	0	0	3
13	30	0	0.135231058	101325.235	101325.801	101325.218	101330.917	5.11562697	0	0	0	0	0	3
14	32	0	0.145633447	101325.213	101325.759	101325.213	101330.917	5.15762882	0	0	0	0	0	3
15	33	0	0.156035836	101325.207	101325.723	101325.207	101330.917	5.1944319	0	0	0	0	0	3
16	34	0	0.166438225	101325.191	101325.689	101325.191	101330.917	5.22763647	0	0	0	0	0	3
17	36	0	0.176840614	101325.176	101325.659	101325.176	101330.917	5.25781087	0	0	0	0	0	3
18	37	0	0.187243003	101325.147	101325.631	101325.147	101330.917	5.28626463	0	0	0	0	0	3
19	38	0	0.197645392	101325.119	101325.604	101325.119	101330.917	5.31320078	0	0	0	0	0	3
20	39	0	0.208047781	101325.102	101325.579	101325.102	101330.917	5.33827772	0	0	0	0	0	3
21	41	0	0.21845017	101325.091	101325.555	101325.091	101330.917	5.36151152	0	0	0	0	0	3
22	42	0	0.228852559	101325.074	101325.534	101325.074	101330.917	5.38340889	0	0	0	0	0	3
23	44	0	0.239254948	101325.064	101325.513	101325.064	101330.917	5.40383607	0	0	0	0	0	3
24	45	0	0.249657337	101325.053	101325.494	101325.053	101330.917	5.42300873	0	0	0	0	0	3
25	46	0	0.260059726	101325.05	101325.476	101325.05	101330.917	5.44074969	0	0	0	0	0	3
26	47	0	0.270462115	101325.049	101325.46	101325.049	101330.917	5.45718218	0	0	0	0	0	3
27	49	0	0.280864504	101325.048	101325.445	101325.048	101330.917	5.47244708	0	0	0	0	0	3
28	50	0	0.291266893	101325.04	101325.43	101325.04	101330.917	5.48690903	0	0	0	0	0	3
29	51	0	0.301669282	101325.035	101325.416	101325.035	101330.917	5.50053519	0	0	0	0	0	3
30	53	0	0.312071671	101325.026	101325.403	101325.026	101330.917	5.51354522	0	0	0	0	0	3
31	54	0	0.32247406	101325.015	101325.391	101325.015	101330.917	5.5260903	0	0	0	0	0	3
32	56	0	0.33287645	101324.999	101325.379	101324.999	101330.917	5.53832141	0	0	0	0	0	3
33	57	0	0.343278839	101324.992	101325.367	101324.992	101330.917	5.55003555	0	0	0	0	0	3
34	58	0	0.353681228	101324.984	101325.356	101324.984	101330.917	5.56130161	0	0	0	0	0	3
35	60	0	0.364083617	101324.976	101325.345	101324.976	101330.917	5.57213956	0	0	0	0	0	3
36	61	0	0.374486006	101324.973	101325.335	101324.973	101330.917	5.58246874	0	0	0	0	0	3
37	63	0	0.384888395	101324.97	101325.325	101324.97	101330.917	5.59230995	0	0	0	0	0	3
38	64	0	0.395290784	101324.965	101325.315	101324.965	101330.917	5.60177203	0	0	0	0	0	3
39	66	0	0.405693173	101324.966	101325.306	101324.965	101330.917	5.61072282	0	0	0	0	0	3
40	67	0	0.416095562	101324.964	101325.298	101324.964	101330.917	5.61926859	0	0	0	0	0	3
41	69	0	0.426497951	101324.966	101325.29	101324.964	101330.917	5.62735226	0	0	0	0	0	3
42	70	0	0.43690034	101324.966	101325.282	101324.964	101330.917	5.63505481	0	0	0	0	0	3
43	72	0	0.447302729	101324.968	101325.275	101324.964	101330.917	5.64235778	0	0	0	0	0	3
44	73	0	0.457705118	101324.968	101325.268	101324.964	101330.917	5.64932057	0	0	0	0	0	3
45	75	0	0.468107507	101324.969	101325.261	101324.964	101330.917	5.65596039	0	0	0	0	0	3
46	76	0	0.478509896	101324.969	101325.255	101324.964	101330.917	5.66231584	0	0	0	0	0	3
47	78	0	0.488912285	101324.968	101325.249	101324.964	101330.917	5.66841173	0	0	0	0	0	3
48	79	0	0.499314674	101324.967	101325.243	101324.964	101330.917	5.67427438	0	0	0	0	0	3
49	80	0	0.509717063	101324.967	101325.237	101324.964	101330.917	5.67990093	0	0	0	0	0	3
50	82	0	0.520119452	101324.966	101325.116	101324.964	101326.379	1.41473912	0	0	0	0	0	3
51	83	0	0.530521841	101324.965	101325.087	101324.964	101325.48	0.515265165	0	0	0	0	0	3
52	84	0	0.54092423	101324.966	101325.076	101324.964	101325.317	0.353047721	0	0	0	0	0	3
53	86	0	0.55132662	101324.966	101325.071	101324.964	101325.317	0.353047721	0	0	0	0	0	3
54	87	0	0.561729009	101324.967	101325.064	101324.964	101325.316	0.351250843	0	0	0	0	0	3
55	92	0	0.572131398	101324.967	101325.058	101324.964	101325.316	0.351250843	0	0	0	0	0	3
56	93	0	0.582533787	101324.967	101325.051	101324.964	101325.293	0.32838424	0	0	0	0	0	3
57	94	0	0.592936176	101324.966	101325.045	101324.964	101325.293	0.32838424	0	0	0	0	0	3
58	96	0	0.603338565	101324.967	101325.039	101324.964	101325.27	0.305987063	0	0	0	0	0	3
59	97	0	0.613740954	101324.966	101325.033	101324.964	101325.27	0.305987063	0	0	0	0	0	3
60	99	0	0.624143343	101324.967	101325.027	101324.964	101325.243	0.278575922	0	0	0	0	0	3
61	100	0	0.634545732	101324.968	101325.021	101324.964	101325.235	0.270615415	0	0	0	0	0	3
62	101	0	0.644948121	101324.969	101325.016	101324.964	101325.213	0.248900722	0	0	0	0	0	3
63	103	0	0.65535051	101324.97	101325.011	101324.964	101325.207	0.242878366	0	0	0	0	0	3
64	104	0	0.665752899	101324.972	101325.006	101324.964	101325.191	0.226848444	0	0	0	0	0	3
65	105	0	0.676155288	101324.972	101325.001	101324.964	101325.176	0.211952267	0	0	0	0	0	3
66	106	0	0.686557677	101324.974	101324.997	101324.964	101325.147	0.18257485	0	0	0	0	0	3
67	108	0	0.696960066	101324.972	101324.994	101324.964	101325.119	0.154501939	0	0	0	0	0	3
68	109	0	0.707362455	101324.972	101324.991	101324.964	101325.102	0.137813849	0	0	0	0	0	3
69	113	0	0.717764844	101324.971	101324.988	101324.964	101325.091	0.126366076	0	0	0	0	0	3
70	114	0	0.728167233	101324.969	101324.986	101324.964	101325.074	0.109299834	0	0	0	0	0	3
71	116	0	0.738569622	101324.968	101324.983	101324.964	101325.064	0.0993192884	0	0	0	0	0	3
72	117	0	0.748972011	101324.969	101324.981	101324.964	101325.053	0.088573739	0	0	0	0	0	3
73	120	0	0.7593744	101324.968	101324.98	101324.964	101325.05	0.0860207072	0	0	0	0	0	3
74	122	0	0.76977679	101324.969	101324.978	101324.964	101325.049	0.0845590539	0	0	0	0	0	3
75	123	0	0.780179179	101324.97	101324.976	101324.964	101325.048	0.0832189715	0	0	0	0	0	3
76	124	0	0.790581568	101324.969	101324.975	101324.964	101325.04	0.0751717956	0	0	0	0	0	3
77	126	0	0.800983957	101324.97	101324.973	101324.964	101325.035	0.07048565	0	0	0	0	0	3
78	127	0	0.811386346	101324.971	101324.972	101324.964	101325.026	0.0617173464	0	0	0	0	0	3
79	128	0	0.821788735	101324.97	101324.971	101324.964	101325.015	0.0501109277	0	0	0	0	0	3
80	130	0	0.832191124	101324.97	101324.97	101324.964	101324.999	0.0350674375	0	0	0	0	0	3
81	131	0	0.842593513	101324.972	101324.969	101324.964	101324.992	0.0276656019	0	0	0	0	0	3
82	133	0	0.852995902	101324.968	101324.969	101324.964	101324.984	0.0194717339	0	0	0	0	0	3
83	134	0	0.863398291	101324.969	101324.969	101324.964	101324.976	0.0119235825	0	0	0	0	0	3
84	135	0	0.87380068	101324.971	101324.969	101324.964	101324.974	0.00914525178	0	0	0	0	0	3
85	137	0	0.884203069	101324.969	101324.968	101324.964	101324.974	0.00914525178	0	0	0	0	0	3
86	138	0	0.894605458	101324.969	101324.968	101324.964	101324.974	0.00914525178	0	0	0	0	0	3
87	139	0	0.905007847	101324.972	101324.969	101324.964	101324.974	0.00914525178	0	0	0	0	0	3
88	141	0	0.915410236	101324.969	101324.969	101324.964	101324.974	0.00914525178	0	0	0	0	0	3
89	142	0	0.925812625	101324.97	101324.969	101324.965	101324.974	0.00817607067	0	0	0	0	0	3
90	143	0	0.936215014	101324.972	101324.969	101324.965	101324.974	0.00817607067	0	0	0	0	0	3
91	145	0	0.946617403	101324.97	101324.969	101324.965	101324.974	0.00817607067	0	0	0	0	0	3
92	146	0	0.957019792	101324.97	101324.969	101324.965	101324.974	0.00817607067	0	0	0	0	0	3
93	147	0	0.967422181	101324.972	101324.969	101324.965	101324.974	0.00817607067	0	0	0	0	0	3
94	148	0	0.97782457	101324.969	101324.969	101324.965	101324.974	0.00817607067	0	0	0	0	0	3
95	150	0	0.98822696	101324.97	101324.969	101324.965	101324.974	0.00817607067	0	0	0	0	0	3
96	151	0	0.998629349	101324.971	101324.969	101324.965	101324.974	0.00817607067	0	0	0	0	0	3
97	153	0	1.00903174	101324.97	101324.969	101324.965	101324.974	0.00817607067	0.015457955	0	0	0	0	3
98	154	0	1.01943413	101324.969	101324.969	101324.965	101324.974	0.00817607067	0.015457955	0	0	0	0	3
99	155	0	1.02983652	101324.972	101324.969	101324.965	101324.974	0.00817607067	0.015457955	0	0	0	0	3
100	157	0	1.0402389	101324.969	101324.969	101324.966	101324.974	0.00793156365	0.015457955	0	0	0	0	3
101	160	0	1.05064129	101324.969	101324.969	101324.966	101324.974	0.00793156365	0.015457955	0	0	0	0	3
102	162	0	1.06104368	101324.971	101324.97	101324.966	101324.974	0.00780509831	0.015457955	0	0	0	0	3
103	163	0	1.07144607	101324.969	101324.97	101324.966	101324.974	0.00780509831	0.015457955	0	0	0	0	3
104	164	0	1.08184846	101324.97	101324.97	101324.966	101324.974	0.00780509831	0.015457955	0	0	0	0	3
105	165	0	1.09225085	101324.973	101324.97	101324.966	101324.974	0.00780509831	0.015457955	0	0	0	0	3
106	167	0	1.10265324	101324.97	101324.97	101324.966	101324.974	0.00780509831	0.015457955	0	0	0	0	3
107	168	0	1.11305563	101324.97	101324.97	101324.966	101324.974	0.00780509831	0.015457955	0	0	0	0	3
108	170	0	1.12345802	101324.972	101324.97	101324.967	101324.974	0.0065128765	0.015457955	0	0	0	0	3
109	171	0	1.13386041	101324.971	101324.97	101324.968	101324.974	0.0057192723	0.015457955	0	0	0	0	3
110	172	0	1.1442628	101324.97	101324.97	101324.968	101324.974	0.0057192723	0.015457955	0	0	0	0	3
111	173	0	1.15466518	101324.971	101324.97	101324.968	101324.974	0.0057192723	0.015457955	0	0	0	0	3
112	175	0	1.16506757	101324.969	101324.97	101324.968	101324.974	0.0057192723	0.015457955	0	0	0	0	3
113	176	0	1.17546996	101324.969	101324.97	101324.968	101324.974	0.0057192723	0.015457955	0	0	0	0	3
114	177	0	1.18587235	101324.971	101324.97	101324.968	101324.974	0.0057192723	0.015457955	0	0	0	0	3
115	179	0	1.19627474	101324.969	101324.97	101324.968	101324.973	0.00470263176	0.015457955	0	0	0	0	3
116	183	0	1.20667713	101324.97	101324.97	101324.968	101324.973	0.00470263176	0.015457955	0	0	0	0	3
117	185	0	1.21707952	101324.971	101324.97	101324.968	101324.973	0.00470263176	0.015457955	0	0	0	0	3
118	186	0	1.22748191	101324.969	101324.97	101324.968	101324.973	0.00470263176	0.015457955	0	0	0	0	3
119	187	0	1.2378843	101324.97	101324.97	101324.968	101324.973	0.00470263176	0.015457955	0	0	0	0	3
120	189	0	1.24828669	101324.971	101324.97	101324.968	101324.973	0.00442768565	0.015457955	0	0	0	0	3
121	190	0	1.25868907	101324.969	101324.97	101324.968	101324.973	0.00442768565	0.015457955	0	0	0	0	3
122	191	0	1.26909146	101324.969	101324.97	101324.968	101324.973	0.00436048387	0.015457955	0	0	0	0	3
123	193	0	1.27949385	101324.971	101324.97	101324.968	101324.973	0.00436048387	0.015457955	0	0	0	0	3
124	194	0	1.28989624	101324.968	101324.97	101324.968	101324.973	0.00436048387	0.015457955	0	0	0	0	3
125	195	0	1.30029863	101324.969	101324.97	101324.968	101324.973	0.00436048387	0.015457955	0	0	0	0	3
126	197	0	1.31070102	101324.971	101324.97	101324.968	101324.973	0.00367025196	0.015457955	0	0	0	0	3
127	198	0	1.32110341	101324.968	101324.97	101324.968	101324.973	0.00252271206	0.015457955	0	0	0	0	3
128	199	0	1.3315058	101324.969	101324.97	101324.968	101324.973	0.0017955377	0.015457955	0	0	0	0	3
129	201	0	1.34190819	101324.97	101324.97	101324.968	101324.973	0.0017955377	0.015457955	0	0	0	0	3
130	202	0	1.35231058	101324.968	101324.97	101324.968	101324.973	0.0017955377	0.015457955	0	0	0	0	3
131	203	0	1.36271297	101324.968	101324.97	101324.968	101324.973	0.0017955377	0.015457955	0	0	0	0	3
132	205	0	1.37311535	101324.971	101324.97	101324.968	101324.973	0.0017955377	0.015457955	0	0	0	0	3
133	206	0	1.38351774	101324.968	101324.97	101324.968	101324.973	0.0017955377	0.015457955	0	0	0	0	3
134	207	0	1.39392013	101324.968	101324.97	101324.968	101324.973	0.0017955377	0.015457955	0	0	0	0	3
135	209	0	1.40432252	101324.971	101324.97	101324.968	101324.973	0.00165845662	0.015457955	0	0	0	0	3
136	210	0	1.41472491	101324.969	101324.97	101324.968	101324.973	0.00159420629	0.015457955	0	0	0	0	3
137	211	0	1.4251273	101324.97	101324.97	101324.968	101324.973	0.00148809086	0.015457955	0	0	0	0	3
138	213	0	1.43552969	101324.972	101324.97	101324.968	101324.973	0.00137745489	0.015457955	0	0	0	0	3
139	214	0	1.44593208	101324.97	101324.97	101324.968	101324.973	0.00130624897	0.015457955	0	0	0	0	3
140	215	0	1.45633447	101324.97	101324.97	101324.968	101324.973	0.00126629425	0.015457955	0	0	0	0	3
141	216	0	1.46673686	101324.971	101324.97	101324.968	101324.973	0.00119403291	0.015457955	0	0	0	0	3
142	218	0	1.47713924	101324.967	101324.97	101324.967	101324.973	0.00119322732	0.015457955	0	0	0	0	3
143	219	0	1.48754163	101324.968	101324.97	101324.967	101324.973	0.00117337966	0.015457955	0	0	0	0	3
144	221	0	1.49794402	101324.971	101324.97	101324.967	101324.973	0.00111039731	0.015457955	0	0	0	0	3
145	222	0	1.50834641	101324.969	101324.97	101324.967	101324.973	0.00105705779	0.015457955	0	0	0	0	3
146	223	0	1.5187488	101324.97	101324.97	101324.967	101324.973	0.00100887942	0.015457955	0	0	0	0	3
147	225	0	1.52915119	101324.972	101324.97	101324.967	101324.973	0.000882917113	0.015457955	0	0	0	0	3
148	226	0	1.53955358	101324.969	101324.97	101324.967	101324.973	0.000807665943	0.015457955	0	0	0	0	3
149	228	0	1.54995597	101324.97	101324.97	101324.967	101324.973	0.000756606489	0.015457955	0	0	0	0	3
150	229	0	1.56035836	101324.971	101324.97	101324.967	101324.973	0.000654050527	0.015457955	0	0	0	0	3
151	230	0	1.57076075	101324.968	101324.97	101324.967	101324.973	0.000599848601	0.015457955	0	0	0	0	3
152	232	0	1.58116314	101324.968	101324.97	101324.967	101324.973	0.000542216556	0.015457955	0	0	0	0	3
153	233	0	1.59156552	101324.97	101324.97	101324.967	101324.973	0.000500402224	0.015457955	0	0	0	0	3
154	234	0	1.60196791	101324.969	101324.97	101324.967	101324.972	0.000580041073	0.015457955	0	0	0	0	3
155	236	0	1.6123703	101324.969	101324.97	101324.967	101324.972	0.000588927811	0.015457955	0	0	0	0	3
156	237	0	1.62277269	101324.971	101324.97	101324.967	101324.972	0.000588927811	0.015457955	0	0	0	0	3
157	238	0	1.63317508	101324.969	101324.97	101324.967	101324.972	0.000644310014	0.015457955	0	0	0	0	3
158	239	0	1.64357747	101324.968	101324.969	101324.967	101324.972	0.000689069551	0.015457955	0	0	0	0	3
159	241	0	1.65397986	101324.97	101324.97	101324.967	101324.972	0.000689069551	0.015457955	0	0	0	0	3
160	242	0	1.66438225	101324.968	101324.969	101324.967	101324.972	0.000726146551	0.015457955	0	0	0	0	3
161	243	0	1.67478464	101324.968	101324.969	101324.967	101324.972	0.000686725165	0.015457955	0	0	0	0	3
162	245	0	1.68518703	101324.97	101324.969	101324.967	101324.972	0.000646461238	0.015457955	0	0	0	0	3
163	246	0	1.69558941	101324.968	101324.969	101324.967	101324.972	0.000630744034	0.015457955	0	0	0	0	3
164	247	0	1.7059918	101324.968	101324.969	101324.967	101324.972	0.000651990675	0.015457955	0	0	0	0	3
165	249	0	1.71639419	101324.971	101324.969	101324.967	101324.972	0.000651990675	0.015457955	0	0	0	0	3
166	250	0	1.72679658	101324.969	101324.969	101324.967	101324.972	0.000687996915	0.015457955	0	0	0	0	3
167	251	0	1.73719897	101324.97	101324.969	101324.967	101324.972	0.000687996915	0.015457955	0	0	0	0	3
168	253	0	1.74760136	101324.971	101324.969	101324.967	101324.972	0.000687996915	0.015457955	0	0	0	0	3
169	254	0	1.75800375	101324.97	101324.969	101324.967	101324.972	0.000703680693	0.015457955	0	0	0	0	3
170	255	0	1.76840614	101324.97	101324.969	101324.967	101324.972	0.000703680693	0.015457955	0	0	0	0	3
171	257	0	1.77880853	101324.972	101324.969	101324.967	101324.972	0.000703680693	0.015457955	0	0	0	0	3
172	258	0	1.78921092	101324.969	101324.969	101324.967	101324.972	0.000691005524	0.015457955	0	0	0	0	3
173	259	0	1.79961331	101324.969	101324.969	101324.967	101324.972	0.000691005524	0.015457955	0	0	0	0	3
174	261	0	1.81001569	101324.971	101324.969	101324.967	101324.972	0.000691005524	0.015457955	0	0	0	0	3
175	262	0	1.82041808	101324.969	101324.969	101324.967	101324.972	0.000635751014	0.015457955	0	0	0	0	3
176	263	0	1.83082047	101324.97	101324.969	101324.967	101324.972	0.00062719197	0.015457955	0	0	0	0	3
177	268	0	1.84122286	101324.971	101324.969	101324.967	101324.972	0.00062719197	0.015457955	0	0	0	0	3
178	269	0	1.85162525	101324.97	101324.969	101324.967	101324.972	0.00058436174	0.015457955	0	0	0	0	3
179	271	0	1.86202764	101324.97	101324.97	101324.967	101324.972	0.00058436174	0.015457955	0	0	0	0	3
180	272	0	1.87243003	101324.971	101324.97	101324.967	101324.972	0.00058436174	0.015457955	0	0	0	0	3
181	273	0	1.88283242	101324.969	101324.97	101324.967	101324.972	0.000550006007	0.015457955	0	0	0	0	3
182	275	0	1.89323481	101324.97	101324.97	101324.967	101324.972	0.000550006007	0.015457955	0	0	0	0	3
183	276	0	1.9036372	101324.972	101324.97	101324.967	101324.972	0.000550006007	0.015457955	0	0	0	0	3
184	277	0	1.91403958	101324.971	101324.97	101324.967	101324.972	0.000538025721	0.015457955	0	0	0	0	3
185	279	0	1.92444197	101324.971	101324.97	101324.967	101324.972	0.000538025721	0.015457955	0	0	0	0	3
186	280	0	1.93484436	101324.972	101324.97	101324.967	101324.972	0.000538025721	0.015457955	0	0	0	0	3
187	282	0	1.94524675	101324.969	101324.97	101324.967	101324.972	0.000512662707	0.015457955	0	0	0	0	3
188	283	0	1.95564914	101324.969	101324.97	101324.967	101324.972	0.000512662707	0.015457955	0	0	0	0	3
189	285	0	1.96605153	101324.971	101324.97	101324.967	101324.972	0.000512662707	0.015457955	0	0	0	0	3
190	286	0	1.97645392	101324.969	101324.97	101324.967	101324.972	0.000449247396	0.015457955	0	0	0	0	3
191	288	0	1.98685631	101324.969	101324.97	101324.968	101324.972	0.000449247396	0.015457955	0	0	0	0	3
192	289	0	1.9972587	101324.971	101324.97	101324.968	101324.972	0.000467661681	0.015457955	0	0	0	0	3
193	290	0	2.00766109	101324.97	101324.97	101324.968	101324.972	0.000467661681	0.015457955	0	0	0	0	3
194	292	0	2.01806348	101324.969	101324.97	101324.968	101324.972	0.000467661681	0.015457955	0	0	0	0	3
195	293	0	2.02846586	101324.971	101324.97	101324.968	101324.972	0.000480013507	0.015457955	0	0	0	0	3
196	294	0	2.03886825	101324.97	101324.97	101324.968	101324.972	0.000480013507	0.015457955	0	0	0	0	3
197	295	0	2.04927064	101324.969	101324.97	101324.968	101324.972	0.000480013507	0.015457955	0	0	0	0	3
198	297	0	2.05967303	101324.969	101324.97	101324.968	101324.972	0.000480013507	0.015457955	0	0	0	0	3
199	298	0	2.07007542	101324.968	101324.97	101324.968	101324.972	0.000480013507	0.015457955	0	0	0	0	3
200	299	0	2.08047781	101324.97	101324.97	101324.968	101324.972	0.000480013507	0.015457955	0	0	0	0	3
201	305	0	2.0908802	101324.971	101324.97	101324.968	101324.972	0.000480013507	0.015457955	0	0	0	0	3
202	306	0	2.10128259	101324.969	101324.97	101324.968	101324.972	0.000480013507	0.015457955	0	0	0	0	3
203	308	0	2.11168498	101324.971	101324.97	101324.968	101324.972	0.000482268297	0.015457955	0	0	0	0	3
204	309	0	2.12208737	101324.971	101324.97	101324.968	101324.972	0.000516675398	0.015457955	0	0	0	0	3
205	310	0	2.13248975	101324.97	101324.97	101324.968	101324.972	0.000516675398	0.015457955	0	0	0	0	3
206	312	0	2.14289214	101324.969	101324.97	101324.968	101324.972	0.000516675398	0.015457955	0	0	0	0	3
207	313	0	2.15329453	101324.97	101324.97	101324.968	101324.972	0.000552880316	0.015457955	0	0	0	0	3
208	315	0	2.16369692	101324.969	101324.97	101324.968	101324.972	0.000552880316	0.015457955	0	0	0	0	3
209	318	0	2.17409931	101324.97	101324.97	101324.968	101324.972	0.000585773712	0.015457955	0	0	0	0	3
210	322	0	2.1845017	101324.971	101324.97	101324.968	101324.972	0.000633848089	0.015457955	0	0	0	0	3
211	323	0	2.19490409	101324.971	101324.97	101324.968	101324.972	0.000647930035	0.015457955	0	0	0	0	3
212	324	0	2.20530648	101324.971	101324.97	101324.968	101324.972	0.00070299847	0.015457955	0	0	0	0	3
213	326	0	2.21570887	101324.971	101324.97	101324.968	101324.972	0.000749509825	0.015457955	0	0	0	0	3
214	327	0	2.22611126	101324.97	101324.97	101324.968	101324.972	0.000749509825	0.015457955	0	0	0	0	3
215	328	0	2.23651365	101324.971	101324.97	101324.968	101324.972	0.000763502641	0.015457955	0	0	0	0	3
216	329	0	2.24691603	101324.969	101324.97	101324.968	101324.972	0.000763502641	0.015457955	0	0	0	0	3
217	331	0	2.25731842	101324.97	101324.97	101324.968	101324.972	0.000763502641	0.015457955	0	0	0	0	3
218	332	0	2.26772081	101324.97	101324.97	101324.968	101324.972	0.000732542903	0.015457955	0	0	0	0	3
219	334	0	2.2781232	101324.97	101324.97	101324.968	101324.972	0.000712925423	0.015457955	0	0	0	0	3
220	335	0	2.28852559	101324.97	101324.97	101324.968	101324.972	0.000712925423	0.015457955	0	0	0	0	3
221	336	0	2.29892798	101324.972	101324.97	101324.968	101324.972	0.000705840561	0.015457955	0	0	0	0	3
222	338	0	2.30933037	101324.969	101324.97	101324.968	101324.972	0.000686083833	0.015457955	0	0	0	0	3
223	339	0	2.31973276	101324.969	101324.97	101324.968	101324.972	0.000686083833	0.015457955	0	0	0	0	3
224	341	0	2.33013515	101324.969	101324.97	101324.968	101324.972	0.00064515078	0.015457955	0	0	0	0	3
225	342	0	2.34053754	101324.968	101324.97	101324.968	101324.972	0.000609817725	0.015457955	0	0	0	0	3
226	343	0	2.35093992	101324.968	101324.97	101324.968	101324.972	0.000609817725	0.015457955	0	0	0	0	3
227	345	0	2.36134231	101324.97	101324.97	101324.968	101324.972	0.000571654746	0.015457955	0	0	0	0	3
228	346	0	2.3717447	101324.97	101324.97	101324.968	101324.972	0.000529268058	0.015457955	0	0	0	0	3
229	347	0	2.38214709	101324.972	101324.97	101324.968	101324.972	0.000529268058	0.015457955	0	0	0	0	3
230	349	0	2.39254948	101324.97	101324.97	101324.968	101324.972	0.000486110948	0.015457955	0	0	0	0	3
231	350	0	2.40295187	101324.972	101324.97	101324.968	101324.972	0.000406960433	0.015457955	0	0	0	0	3
232	351	0	2.41335426	101324.97	101324.97	101324.968	101324.972	0.000406960433	0.015457955	0	0	0	0	3
233	353	0	2.42375665	101324.971	101324.97	101324.968	101324.972	0.000393275244	0.015457955	0	0	0	0	3
234	354	0	2.43415904	101324.968	101324.97	101324.968	101324.972	0.000393275244	0.015457955	0	0	0	0	3
235	356	0	2.44456143	101324.969	101324.97	101324.968	101324.972	0.000393275244	0.015457955	0	0	0	0	3
236	357	0	2.45496382	101324.968	101324.97	101324.968	101324.972	0.000393275244	0.015457955	0	0	0	0	3
237	358	0	2.4653662	101324.97	101324.97	101324.968	101324.972	0.000393275244	0.015457955	0	0	0	0	3
238	360	0	2.47576859	101324.969	101324.97	101324.968	101324.972	0.000393275244	0.015457955	0	0	0	0	3
239	364	0	2.48617098	101324.971	101324.97	101324.968	101324.972	0.000393275244	0.015457955	0	0	0	0	3
240	365	0	2.49657337	101324.97	101324.97	101324.968	101324.972	0.000393275244	0.015457955	0	0	0	0	3
241	367	0	2.50697576	101324.971	101324.97	101324.968	101324.972	0.000393275244	0.015457955	0	0	0	0	3
242	368	0	2.51737815	101324.97	101324.97	101324.968	101324.972	0.000393275244	0.015457955	0	0	0	0	3
243	369	0	2.52778054	101324.972	101324.97	101324.968	101324.972	0.000393275244	0.015457955	0	0	0	0	3
244	371	0	2.53818293	101324.969	101324.97	101324.968	101324.972	0.000393275244	0.015457955	0	0	0	0	3
245	372	0	2.54858532	101324.97	101324.97	101324.968	101324.972	0.000393275244	0.015457955	0	0	0	0	3
246	374	0	2.55898771	101324.971	101324.97	101324.968	101324.972	0.000393275244	0.015457955	0	0	0	0	3
247	375	0	2.56939009	101324.97	101324.97	101324.968	101324.972	0.000393275244	0.015457955	0	0	0	0	3
248	376	0	2.57979248	101324.97	101324.97	101324.968	101324.972	0.000360423626	0.015457955	0	0	0	0	3
249	378	0	2.59019487	101324.972	101324.97	101324.968	101324.972	0.000323814878	0.015457955	0	0	0	0	3
250	379	0	2.60059726	101324.969	101324.97	101324.968	101324.972	0.000323814878	0.015457955	0	0	0	0	3
251	380	0	2.61099965	101324.97	101324.97	101324.968	101324.972	0.000281234345	0.015457955	0	0	0	0	3
252	381	0	2.62140204	101324.971	101324.97	101324.968	101324.972	0.000267014795	0.015457955	0	0	0	0	3
253	383	0	2.63180443	101324.969	101324.97	101324.968	101324.972	0.000267014795	0.015457955	0	0	0	0	3
254	384	0	2.64220682	101324.97	101324.97	101324.968	101324.972	0.000252367667	0.015457955	0	0	0	0	3
255	386	0	2.65260921	101324.971	101324.97	101324.968	101324.972	0.000222103292	0.015457955	0	0	0	0	3
256	387	0	2.6630116	101324.969	101324.97	101324.968	101324.972	0.000222103292	0.015457955	0	0	0	0	3
257	388	0	2.67341399	101324.969	101324.97	101324.968	101324.972	0.000219077381	0.015457955	0	0	0	0	3
258	390	0	2.68381637	101324.97	101324.97	101324.968	101324.972	0.000219077381	0.015457955	0	0	0	0	3
259	391	0	2.69421876	101324.97	101324.97	101324.968	101324.972	0.000219077381	0.015457955	0	0	0	0	3
260	392	0	2.70462115	101324.97	101324.97	101324.968	101324.972	0.000219077381	0.015457955	0	0	0	0	3
261	394	0	2.71502354	101324.971	101324.97	101324.968	101324.972	0.000219077381	0.015457955	0	0	0	0	3
262	395	0	2.72542593	101324.97	101324.97	101324.968	101324.972	0.000219077381	0.015457955	0	0	0	0	3
263	396	0	2.73582832	101324.971	101324.97	101324.968	101324.972	0.000219077381	0.015457955	0	0	0	0	3
264	398	0	2.74623071	101324.971	101324.97	101324.968	101324.972	0.000218476867	0.015457955	0	0	0	0	3
265	399	0	2.7566331	101324.969	101324.97	101324.968	101324.972	0.000218476867	0.015457955	0	0	0	0	3
266	400	0	2.76703549	101324.969	101324.97	101324.968	101324.972	0.000218476867	0.015457955	0	0	0	0	3
267	402	0	2.77743788	101324.971	101324.97	101324.968	101324.972	0.000218476867	0.015457955	0	0	0	0	3
268	403	0	2.78784026	101324.968	101324.97	101324.968	101324.972	0.000218476867	0.015457955	0	0	0	0	3
269	404	0	2.79824265	101324.97	101324.97	101324.968	101324.972	0.000218476867	0.015457955	0	0	0	0	3
270	406	0	2.80864504	101324.971	101324.97	101324.968	101324.972	0.000218476867	0.015457955	0	0	0	0	3
271	407	0	2.81904743	101324.968	101324.97	101324.968	101324.972	0.000218476867	0.015457955	0	0	0	0	3
272	408	0	2.82944982	101324.969	101324.97	101324.968	101324.972	0.000218476867	0.015457955	0	0	0	0	3
273	410	0	2.83985221	101324.971	101324.97	101324.968	101324.972	0.000218476867	0.015457955	0	0	0	0	3
274	411	0	2.8502546	101324.969	101324.97	101324.968	101324.972	0.000218476867	0.015457955	0	0	0	0	3
275	412	0	2.86065699	101324.97	101324.97	101324.968	101324.972	0.000218476867	0.015457955	0	0	0	0	3
276	414	0	2.87105938	101324.97	101324.97	101324.968	101324.972	0.000218476867	0.015457955	0	0	0	0	3
277	415	0	2.88146177	101324.968	101324.97	101324.968	101324.972	0.000218476867	0.015457955	0	0	0	0	3
278	416	0	2.89186416	101324.968	101324.97	101324.968	101324.972	0.000218476867	0.015457955	0	0	0	0	3
279	418	0	2.90226654	101324.97	101324.97	101324.968	101324.972	0.000218476867	0.015457955	0	0	0	0	3
280	419	0	2.91266893	101324.968	101324.97	101324.968	101324.972	0.000258036453	0.015457955	0	0	0	0	3
281	421	0	2.92307132	101324.968	101324.97	101324.968	101324.972	0.000314417208	0.015457955	0	0	0	0	3
282	422	0	2.93347371	101324.969	101324.97	101324.968	101324.972	0.000351841634	0.015457955	0	0	0	0	3
283	423	0	2.9438761	101324.967	101324.97	101324.967	101324.972	0.000375817486	0.015457955	0	0	0	0	3
284	424	0	2.95427849	101324.966	101324.97	101324.966	101324.972	0.000430224667	0.015457955	0	0	0	0	3
285	426	0	2.96468088	101324.968	101324.97	101324.966	101324.972	0.000430224667	0.015457955	0	0	0	0	3
286	427	0	2.97508327	101324.966	101324.97	101324.966	101324.972	0.00049300403	0.015457955	0	0	0	0	3
287	429	0	2.98548566	101324.967	101324.97	101324.966	101324.972	0.000527511089	0.015457955	0	0	0	0	3
288	430	0	2.99588805	101324.968	101324.97	101324.966	101324.972	0.000581381988	0.015457955	0	0	0	0	3
289	431	0	3.00629043	101324.966	101324.969	101324.966	101324.972	0.000667560205	0.015457955	0	0	0	0	3
290	433	0	3.01669282	101324.966	101324.969	101324.966	101324.972	0.000757469548	0.015457955	0	0	0	0	3
291	434	0	3.02709521	101324.97	101324.969	101324.966	101324.972	0.000765726945	0.015457955	0	0	0	0	3
292	435	0	3.0374976	101324.969	101324.969	101324.966	101324.972	0.000832299338	0.015457955	0	0	0	0	3
293	436	0	3.04789999	101324.969	101324.969	101324.966	101324.972	0.000833873462	0.015457955	0	0	0	0	3
294	438	0	3.05830238	101324.971	101324.969	101324.966	101324.972	0.000833873462	0.015457955	0	0	0	0	3
295	439	0	3.06870477	101324.969	101324.969	101324.966	101324.972	0.000833873462	0.015457955	0	0	0	0	3
296	441	0	3.07910716	101324.97	101324.969	101324.966	101324.972	0.000833873462	0.015457955	0	0	0	0	3
297	442	0	3.08950955	101324.972	101324.969	101324.966	101324.972	0.000833873462	0.015457955	0	0	0	0	3
298	443	0	3.09991194	101324.97	101324.969	101324.966	101324.972	0.000833873462	0.015457955	0	0	0	0	3
299	445	0	3.11031433	101324.971	101324.969	101324.966	101324.972	0.000833873462	0.015457955	0	0	0	0	3
300	446	0	3.12071671	101324.972	101324.969	101324.966	101324.972	0.000833873462	0.015457955	0	0	0	0	3
301	456	0	3.1311191	101324.97	101324.969	101324.966	101324.972	0.000833873462	0.015457955	0	0	0	0	3
302	457	0	3.14152149	101324.971	101324.969	101324.966	101324.972	0.000833873462	0.015457955	0	0	0	0	3
303	461	0	3.15192388	101324.972	101324.969	101324.966	101324.972	0.000833873462	0.015457955	0	0	0	0	3
304	462	0	3.16232627	101324.971	101324.969	101324.966	101324.972	0.000814824278	0.015457955	0	0	0	0	3
305	463	0	3.17272866	101324.97	101324.969	101324.966	101324.972	0.000814824278	0.015457955	0	0	0	0	3
306	465	0	3.18313105	101324.971	101324.969	101324.966	101324.972	0.000814824278	0.015457955	0	0	0	0	3
307	466	0	3.19353344	101324.969	101324.969	101324.966	101324.972	0.000792800463	0.015457955	0	0	0	0	3
308	467	0	3.20393583	101324.969	101324.969	101324.966	101324.972	0.000791377897	0.015457955	0	0	0	0	3
309	469	0	3.21433822	101324.97	101324.969	101324.966	101324.972	0.000791377897	0.015457955	0	0	0	0	3
310	470	0	3.2247406	101324.97	101324.969	101324.966	101324.972	0.000791377897	0.015457955	0	0	0	0	3
311	472	0	3.23514299	101324.97	101324.969	101324.966	101324.972	0.000791377897	0.015457955	0	0	0	0	3
312	473	0	3.24554538	101324.97	101324.969	101324.966	101324.972	0.000791377897	0.015457955	0	0	0	0	3
313	474	0	3.25594777	101324.97	101324.969	101324.966	101324.972	0.000791377897	0.015457955	0	0	0	0	3
314	476	0	3.26635016	101324.97	101324.969	101324.966	101324.972	0.000791377897	0.015457955	0	0	0	0	3
315	477	0	3.27675255	101324.971	101324.969	101324.966	101324.972	0.000791377897	0.015457955	0	0	0	0	3
316	478	0	3.28715494	101324.97	101324.969	101324.966	101324.972	0.000786620076	0.015457955	0	0	0	0	3
317	480	0	3.29755733	101324.97	101324.969	101324.966	101324.972	0.000786620076	0.015457955	0	0	0	0	3
318	481	0	3.30795972	101324.97	101324.969	101324.966	101324.972	0.000786620076	0.015457955	0	0	0	0	3
319	482	0	3.31836211	101324.97	101324.969	101324.966	101324.972	0.000786620076	0.015457955	0	0	0	0	3
320	484	0	3.3287645	101324.968	101324.969	101324.966	101324.972	0.000786620076	0.015457955	0	0	0	0	3
321	485	0	3.33916688	101324.969	101324.969	101324.966	101324.972	0.000786620076	0.015457955	0	0	0	0	3
322	487	0	3.34956927	101324.969	101324.969	101324.966	101324.972	0.000786620076	0.015457955	0	0	0	0	3
323	488	0	3.35997166	101324.969	101324.969	101324.966	101324.972	0.000786620076	0.015457955	0	0	0	0	3
324	489	0	3.37037405	101324.968	101324.969	101324.966	101324.972	0.000786620076	0.015457955	0	0	0	0	3
325	491	0	3.38077644	101324.969	101324.969	101324.966	101324.972	0.000747083701	0.015457955	0	0	0	0	3
326	492	0	3.39117883	101324.97	101324.969	101324.966	101324.972	0.000674683673	0.015457955	0	0	0	0	3
327	493	0	3.40158122	101324.97	101324.969	101324.966	101324.972	0.000658927893	0.015457955	0	0	0	0	3
328	495	0	3.41198361	101324.969	101324.969	101324.966	101324.972	0.00057583701	0.015457955	0	0	0	0	3
329	496	0	3.422386	101324.97	101324.969	101324.966	101324.972	0.000519456255	0.015457955	0	0	0	0	3
330	497	0	3.43278839	101324.97	101324.969	101324.966	101324.972	0.000482031828	0.015457955	0	0	0	0	3
331	499	0	3.44319077	101324.97	101324.969	101324.966	101324.972	0.000458055976	0.015457955	0	0	0	0	3
332	500	0	3.45359316	101324.969	101324.969	101324.966	101324.972	0.000411185989	0.015457955	0	0	0	0	3
333	502	0	3.46399555	101324.971	101324.97	101324.966	101324.972	0.000411185989	0.015457955	0	0	0	0	3
334	503	0	3.47439794	101324.97	101324.97	101324.966	101324.972	0.000340869432	0.015457955	0	0	0	0	3
335	504	0	3.48480033	101324.97	101324.97	101324.966	101324.972	0.000422004508	0.015457955	0	0	0	0	3
336	506	0	3.49520272	101324.971	101324.97	101324.966	101324.972	0.000490059014	0.015457955	0	0	0	0	3
337	507	0	3.50560511	101324.97	101324.97	101324.966	101324.972	0.000533525046	0.015457955	0	0	0	0	3
338	508	0	3.5160075	101324.97	101324.97	101324.966	101324.972	0.000612295727	0.015457955	0	0	0	0	3
339	510	0	3.52640989	101324.971	101324.97	101324.968	101324.972	0.000722466197	0.015457955	0	0	0	0	3
340	511	0	3.53681228	101324.97	101324.97	101324.968	101324.972	0.000722466197	0.015457955	0	0	0	0	3
341	512	0	3.54721467	101324.97	101324.97	101324.968	101324.972	0.000738457398	0.015457955	0	0	0	0	3
342	514	0	3.55761705	101324.971	101324.97	101324.968	101324.972	0.000765552439	0.015457955	0	0	0	0	3
343	515	0	3.56801944	101324.971	101324.97	101324.968	101324.972	0.000765552439	0.015457955	0	0	0	0	3
344	516	0	3.57842183	101324.97	101324.97	101324.968	101324.972	0.000773233594	0.015457955	0	0	0	0	3
345	518	0	3.58882422	101324.971	101324.97	101324.968	101324.972	0.00077628468	0.015457955	0	0	0	0	3
346	519	0	3.59922661	101324.97	101324.97	101324.968	101324.972	0.00077628468	0.015457955	0	0	0	0	3
347	523	0	3.609629	101324.97	101324.97	101324.968	101324.972	0.00077249801	0.015457955	0	0	0	0	3
348	524	0	3.62003139	101324.97	101324.97	101324.968	101324.972	0.00077249801	0.015457955	0	0	0	0	3
349	527	0	3.63043378	101324.969	101324.97	101324.968	101324.972	0.00077249801	0.015457955	0	0	0	0	3
350	529	0	3.64083617	101324.968	101324.97	101324.968	101324.972	0.00077249801	0.015457955	0	0	0	0	3
351	530	0	3.65123856	101324.969	101324.97	101324.968	101324.972	0.00077249801	0.015457955	0	0	0	0	3
352	532	0	3.66164094	101324.97	101324.97	101324.968	101324.971	0.00077249801	0.015457955	0	0	0	0	3
353	533	0	3.67204333	101324.969	101324.97	101324.968	101324.971	0.00077249801	0.015457955	0	0	0	0	3
354	534	0	3.68244572	101324.967	101324.97	101324.967	101324.971	0.00077249801	0.015457955	0	0	0	0	3
355	536	0	3.69284811	101324.97	101324.97	101324.967	101324.971	0.00077249801	0.015457955	0	0	0	0	3
356	537	0	3.7032505	101324.97	101324.97	101324.967	101324.971	0.00077249801	0.015457955	0	0	0	0	3
357	538	0	3.71365289	101324.969	101324.97	101324.967	101324.971	0.00077249801	0.015457955	0	0	0	0	3
358	540	0	3.72405528	101324.97	101324.97	101324.967	101324.971	0.00077249801	0.015457955	0	0	0	0	3
359	541	0	3.73445767	101324.969	101324.97	101324.967	101324.971	0.00077249801	0.015457955	0	0	0	0	3
360	543	0	3.74486006	101324.97	101324.97	101324.967	101324.971	0.00077249801	0.015457955	0	0	0	0	3
361	544	0	3.75526245	101324.97	101324.97	101324.967	101324.971	0.00077249801	0.015457955	0	0	0	0	3
362	545	0	3.76566484	101324.969	101324.97	101324.967	101324.971	0.00077249801	0.015457955	0	0	0	0	3
363	547	0	3.77606722	101324.972	101324.97	101324.967	101324.972	0.00077249801	0.015457955	0	0	0	0	3
364	548	0	3.78646961	101324.971	101324.97	101324.967	101324.972	0.00077249801	0.015457955	0	0	0	0	3
365	550	0	3.796872	101324.97	101324.97	101324.967	101324.972	0.00077249801	0.015457955	0	0	0	0	3
366	551	0	3.80727439	101324.97	101324.97	101324.967	101324.972	0.00077249801	0.015457955	0	0	0	0	3
367	552	0	3.81767678	101324.969	101324.97	101324.967	101324.972	0.00077249801	0.015457955	0	0	0	0	3
368	554	0	3.82807917	101324.969	101324.97	101324.967	101324.972	0.00077249801	0.015457955	0	0	0	0	3
369	555	0	3.83848156	101324.967	101324.97	101324.967	101324.972	0.00077249801	0.015457955	0	0	0	0	3
370	557	0	3.84888395	101324.967	101324.97	101324.967	101324.972	0.00077249801	0.015457955	0	0	0	0	3
371	558	0	3.85928634	101324.968	101324.97	101324.967	101324.972	0.00077249801	0.015457955	0	0	0	0	3
372	559	0	3.86968873	101324.969	101324.97	101324.967	101324.972	0.00077249801	0.015457955	0	0	0	0	3
373	561	0	3.88009111	101324.97	101324.97	101324.967	101324.972	0.00077249801	0.015457955	0	0	0	0	3
374	562	0	3.8904935	101324.97	101324.97	101324.967	101324.972	0.000730864616	0.015457955	0	0	0	0	3
375	564	0	3.90089589	101324.971	101324.97	101324.967	101324.972	0.000699430835	0.015457955	0	0	0	0	3
376	565	0	3.91129828	101324.969	101324.97	101324.967	101324.972	0.000699430835	0.015457955	0	0	0	0	3
377	567	0	3.92170067	101324.971	101324.97	101324.967	101324.972	0.000665225773	0.015457955	0	0	0	0	3
378	568	0	3.93210306	101324.969	101324.97	101324.967	101324.972	0.000620306178	0.015457955	0	0	0	0	3
379	569	0	3.94250545	101324.971	101324.97	101324.967	101324.972	0.000607731577	0.015457955	0	0	0	0	3
380	571	0	3.95290784	101324.969	101324.97	101324.967	101324.972	0.000565523675	0.015457955	0	0	0	0	3
381	572	0	3.96331023	101324.971	101324.97	101324.967	101324.972	0.000480111907	0.015457955	0	0	0	0	3
