Iteration	CPUTime	PhysTime	Travels	Value	AvValue	MinValue	MaxValue	Delta	Criteria	PrevAvRefValue	Progress	CriteriaType	CriteriaVarType	CriteriaPercentage
1	4	0	0.0108981161	9713.72994	9713.72994	9713.72994	9713.72994	0	0	0	0	0	0	3
2	5	0	0.0217962323	4843.34743	7278.53868	4843.34743	9713.72994	2435.19125	0	0	0	0	0	3
3	5	0	0.0326943484	3280.73705	5945.93814	3280.73705	9713.72994	3767.7918	0	0	0	0	0	3
4	6	0	0.0435924646	2032.50224	4967.57916	2032.50224	9713.72994	4746.15077	0	0	0	0	0	3
5	6	0	0.0544905807	1430.95528	4260.25439	1430.95528	9713.72994	5453.47555	0	0	0	0	0	3
6	7	0	0.0653886968	1077.06469	3729.72277	1077.06469	9713.72994	5984.00716	0	0	0	0	0	3
7	8	0	0.076286813	901.550706	3325.69819	901.550706	9713.72994	6388.03175	0	0	0	0	0	3
8	8	0	0.0871849291	728.617673	3001.06313	728.617673	9713.72994	6712.66681	0	0	0	0	0	3
9	9	0	0.0980830452	651.162476	2739.96305	651.162476	9713.72994	6973.76688	0	0	0	0	0	3
10	10	0	0.108981161	576.85871	2523.65262	576.85871	9713.72994	7190.07732	0	0	0	0	0	3
11	10	0	0.119879278	555.507072	2344.7303	555.507072	9713.72994	7368.99964	0	0	0	0	0	3
12	11	0	0.130777394	540.609452	2194.38689	540.609452	9713.72994	7519.34304	0	0	0	0	0	3
13	12	0	0.14167551	526.952801	2066.12273	526.952801	9713.72994	7647.6072	0	0	0	0	0	3
14	12	0	0.152573626	507.447698	1954.7888	507.447698	9713.72994	7758.94113	0	0	0	0	0	3
15	13	0	0.163471742	484.418397	1856.76411	484.418397	9713.72994	7856.96583	0	0	0	0	0	3
16	13	0	0.174369858	461.988654	1769.59064	461.988654	9713.72994	7944.13929	0	0	0	0	0	3
17	14	0	0.185267974	430.463016	1690.81843	430.463016	9713.72994	8022.91151	0	0	0	0	0	3
18	15	0	0.19616609	407.113368	1619.50148	407.113368	9713.72994	8094.22846	0	0	0	0	0	3
19	16	0	0.207064207	384.674324	1554.51058	384.674324	9713.72994	8159.21936	0	0	0	0	0	3
20	16	0	0.217962323	366.734099	1495.12175	366.734099	9713.72994	8218.60818	0	0	0	0	0	3
21	17	0	0.228860439	350.376908	1440.61009	350.376908	9713.72994	8273.11984	0	0	0	0	0	3
22	18	0	0.239758555	331.811358	1390.21015	331.811358	9713.72994	8323.51978	0	0	0	0	0	3
23	19	0	0.250656671	315.704275	1343.49251	315.704275	9713.72994	8370.23743	0	0	0	0	0	3
24	19	0	0.261554787	299.757909	1300.00356	299.757909	9713.72994	8413.72637	0	0	0	0	0	3
25	20	0	0.272452903	283.557959	1259.34574	283.557959	9713.72994	8454.3842	0	0	0	0	0	3
26	21	0	0.28335102	270.670667	1221.31978	270.670667	9713.72994	8492.41016	0	0	0	0	0	3
27	21	0	0.294249136	254.593665	1185.5151	254.593665	9713.72994	8528.21483	0	0	0	0	0	3
28	22	0	0.305147252	239.053091	1151.71289	239.053091	9713.72994	8562.01705	0	0	0	0	0	3
29	23	0	0.316045368	224.549998	1119.74176	224.549998	9713.72994	8593.98818	0	0	0	0	0	3
30	24	0	0.326943484	210.735542	1089.44155	210.735542	9713.72994	8624.28839	0	0	0	0	0	3
31	24	0	0.3378416	200.686714	1060.77204	200.686714	9713.72994	8652.9579	0	0	0	0	0	3
32	25	0	0.348739716	189.367916	1033.54066	189.367916	9713.72994	8680.18928	0	0	0	0	0	3
33	26	0	0.359637833	178.878303	1007.6418	178.878303	9713.72994	8706.08814	0	0	0	0	0	3
34	26	0	0.370535949	169.530596	982.99147	169.530596	9713.72994	8730.73847	0	0	0	0	0	3
35	27	0	0.381434065	160.926405	959.503897	160.926405	9713.72994	8754.22604	0	0	0	0	0	3
36	28	0	0.392332181	154.390704	937.139641	154.390704	9713.72994	8776.59029	0	0	0	0	0	3
37	28	0	0.403230297	148.239951	915.818028	148.239951	9713.72994	8797.91191	0	0	0	0	0	3
38	29	0	0.414128413	144.315188	895.515322	144.315188	9713.72994	8818.21461	0	0	0	0	0	3
39	30	0	0.425026529	141.933096	876.192701	141.933096	9713.72994	8837.53724	0	0	0	0	0	3
40	30	0	0.435924646	140.587897	857.80258	140.587897	9713.72994	8855.92736	0	0	0	0	0	3
41	31	0	0.446822762	140.035383	840.296063	140.035383	9713.72994	8873.43387	0	0	0	0	0	3
42	32	0	0.457720878	140.290889	823.629274	140.035383	9713.72994	8890.10066	0	0	0	0	0	3
43	33	0	0.468618994	140.776949	807.748987	140.035383	9713.72994	8905.98095	0	0	0	0	0	3
44	33	0	0.47951711	141.656661	792.610525	140.035383	9713.72994	8921.11941	0	0	0	0	0	3
45	34	0	0.490415226	142.418672	778.161817	140.035383	9713.72994	8935.56812	0	0	0	0	0	3
46	35	0	0.501313342	143.548241	764.36587	140.035383	9713.72994	8949.36407	0	0	0	0	0	3
47	35	0	0.512211458	144.575948	556.340783	140.035383	4843.34743	4703.31205	0	0	0	0	0	3
48	36	0	0.523109575	145.712641	454.218288	140.035383	3280.73705	3140.70167	0	0	0	0	0	3
49	37	0	0.534007691	146.755765	386.08826	140.035383	2032.50224	1892.46686	0	0	0	0	0	3
50	38	0	0.544905807	148.11443	345.123307	140.035383	1430.95528	1290.9199	0	0	0	0	0	3
51	38	0	0.555803923	149.433991	317.264149	140.035383	1077.06469	937.029309	0	0	0	0	0	3
52	39	0	0.566702039	150.901418	297.130165	140.035383	901.550706	761.515323	0	0	0	0	0	3
53	40	0	0.577600155	152.129164	280.838392	140.035383	728.617673	588.58229	0	0	0	0	0	3
54	41	0	0.588498271	153.221989	268.32979	140.035383	651.162476	511.127093	0	0	0	0	0	3
55	41	0	0.599396388	153.824921	257.518104	140.035383	576.85871	436.823327	0	0	0	0	0	3
56	42	0	0.610294504	155.225868	248.352173	140.035383	555.507072	415.471689	0	0	0	0	0	3
57	43	0	0.62119262	156.13897	239.670258	140.035383	540.609452	400.574069	0	0	0	0	0	3
58	43	0	0.632090736	157.337113	231.33825	140.035383	526.952801	386.917418	0	0	0	0	0	3
59	44	0	0.642988852	158.013061	223.317821	140.035383	507.447698	367.412315	0	0	0	0	0	3
60	45	0	0.653886968	158.86131	215.739856	140.035383	484.418397	344.383014	0	0	0	0	0	3
61	45	0	0.664785084	159.125095	208.668263	140.035383	461.988654	321.953272	0	0	0	0	0	3
62	46	0	0.675683201	159.959026	202.102401	140.035383	430.463016	290.427633	0	0	0	0	0	3
63	47	0	0.686581317	160.556194	196.234862	140.035383	407.113368	267.077985	0	0	0	0	0	3
64	47	0	0.697479433	161.127588	190.887345	140.035383	384.674324	244.638941	0	0	0	0	0	3
65	48	0	0.708377549	161.570105	186.037253	140.035383	366.734099	226.698716	0	0	0	0	0	3
66	49	0	0.719275665	162.142057	181.5896	140.035383	350.376908	210.341525	0	0	0	0	0	3
67	49	0	0.730173781	162.355273	177.502173	140.035383	331.811358	191.775975	0	0	0	0	0	3
68	50	0	0.741071897	162.981611	173.831961	140.035383	315.704275	175.668892	0	0	0	0	0	3
69	50	0	0.751970014	163.65241	170.526486	140.035383	299.757909	159.722526	0	0	0	0	0	3
70	51	0	0.76286813	163.822728	167.571373	140.035383	283.557959	143.522576	0	0	0	0	0	3
71	52	0	0.773766246	163.860055	164.969245	140.035383	270.670667	130.635284	0	0	0	0	0	3
72	53	0	0.784664362	163.801709	162.646007	140.035383	254.593665	114.558283	0	0	0	0	0	3
73	53	0	0.795562478	163.672557	160.669461	140.035383	239.053091	99.0177085	0	0	0	0	0	3
74	54	0	0.806460594	163.503238	159.027073	140.035383	224.549998	84.5146153	0	0	0	0	0	3
75	55	0	0.81735871	163.255191	157.694577	140.035383	210.735542	70.700159	0	0	0	0	0	3
76	55	0	0.828256826	162.866215	156.653939	140.035383	200.686714	60.6513315	0	0	0	0	0	3
77	56	0	0.839154943	162.679303	155.827691	140.035383	189.367916	49.3325328	0	0	0	0	0	3
78	57	0	0.850053059	162.698265	155.247916	140.035383	178.878303	38.8429198	0	0	0	0	0	3
79	58	0	0.860951175	162.544623	154.892836	140.035383	169.530596	29.4952135	0	0	0	0	0	3
80	60	0	0.871849291	162.534225	154.740741	140.035383	163.860055	23.8246718	0	0	0	0	0	3
81	61	0	0.882747407	162.403983	154.772862	140.035383	163.860055	23.8246718	0	0	0	0	0	3
82	62	0	0.893645523	161.865196	154.935351	140.035383	163.860055	23.8246718	0	0	0	0	0	3
83	63	0	0.904543639	161.965679	155.233737	140.035383	163.860055	23.8246718	0	0	0	0	0	3
84	64	0	0.915441756	162.187163	155.622258	140.035383	163.860055	23.8246718	0	0	0	0	0	3
85	65	0	0.926339872	162.330896	156.065688	140.035383	163.860055	23.8246718	0	0	0	0	0	3
86	66	0	0.937237988	162.350576	156.53879	140.035383	163.860055	23.8246718	0	0	0	0	0	3
87	66	0	0.948136104	162.33223	157.023504	140.290889	163.860055	23.569166	0	0	0	0	0	3
88	67	0	0.95903422	161.941974	157.49418	140.776949	163.860055	23.0831054	0	0	0	0	0	3
89	68	0	0.969932336	161.61755	157.947236	141.656661	163.860055	22.2033934	0	0	0	0	0	3
90	69	0	0.980830452	161.813526	158.385429	142.418672	163.860055	21.4413827	0	0	0	0	0	3
91	70	0	0.991728569	161.922137	158.809418	143.548241	163.860055	20.3118139	0	0	0	0	0	3
92	70	0	1.00262668	161.865941	159.207628	144.575948	163.860055	19.2841064	94.22105	0	100	0	0	3
93	71	0	1.0135248	161.544497	159.57651	145.712641	163.860055	18.1474142	94.22105	0	100	0	0	3
94	72	0	1.02442292	160.992963	159.908691	146.755765	163.860055	17.1042893	94.22105	0	100	0	0	3
95	72	0	1.03532103	160.944306	160.217137	148.11443	163.860055	15.7456246	94.22105	0	100	0	0	3
96	73	0	1.04621915	161.116862	160.499799	149.433991	163.860055	14.4260636	94.22105	0	100	0	0	3
97	74	0	1.05711727	161.152998	160.75456	150.901418	163.860055	12.9586368	94.22105	0	100	0	0	3
98	75	0	1.06801538	161.17903	160.977986	152.129164	163.860055	11.7308903	94.22105	0	100	0	0	3
99	75	0	1.0789135	160.845275	161.167467	153.221989	163.860055	10.6380659	94.22105	0	100	0	0	3
