Iteration	CPUTime	PhysTime	Travels	Value	AvValue	MinValue	MaxValue	Delta	Criteria	PrevAvRefValue	Progress	CriteriaType	CriteriaVarType	CriteriaPercentage
1	4	0	0.0108981161	293.200374	293.200374	293.200374	293.200374	0	0	0	0	0	0	3
2	5	0	0.0217962323	293.200539	293.200456	293.200374	293.200539	8.26383647e-05	0	0	0	0	0	3
3	5	0	0.0326943484	293.200638	293.200517	293.200374	293.200638	0.00014306727	0	0	0	0	0	3
4	6	0	0.0435924646	293.200731	293.20057	293.200374	293.200731	0.000196489911	0	0	0	0	0	3
5	6	0	0.0544905807	293.200804	293.200617	293.200374	293.200804	0.000243176716	0	0	0	0	0	3
6	7	0	0.0653886968	293.200914	293.200666	293.200374	293.200914	0.000292627659	0	0	0	0	0	3
7	8	0	0.076286813	293.201026	293.200718	293.200374	293.201026	0.000343926904	0	0	0	0	0	3
8	8	0	0.0871849291	293.201136	293.20077	293.200374	293.201136	0.000396251368	0	0	0	0	0	3
9	9	0	0.0980830452	293.201237	293.200822	293.200374	293.201237	0.000448143639	0	0	0	0	0	3
10	10	0	0.108981161	293.201332	293.200873	293.200374	293.201332	0.000499106383	0	0	0	0	0	3
11	10	0	0.119879278	293.201465	293.200927	293.200374	293.201465	0.000552908567	0	0	0	0	0	3
12	11	0	0.130777394	293.201589	293.200982	293.200374	293.201589	0.00060813772	0	0	0	0	0	3
13	12	0	0.14167551	293.201706	293.201038	293.200374	293.201706	0.00066384686	0	0	0	0	0	3
14	12	0	0.152573626	293.201819	293.201093	293.200374	293.201819	0.000719644542	0	0	0	0	0	3
15	13	0	0.163471742	293.201926	293.201149	293.200374	293.201926	0.000775159859	0	0	0	0	0	3
16	13	0	0.174369858	293.202083	293.201207	293.200374	293.202083	0.000833524505	0	0	0	0	0	3
17	14	0	0.185267974	293.202229	293.201267	293.200374	293.202229	0.000893637426	0	0	0	0	0	3
18	15	0	0.19616609	293.202369	293.201329	293.200374	293.202369	0.00095485266	0	0	0	0	0	3
19	16	0	0.207064207	293.202501	293.20139	293.200374	293.202501	0.0010165751	0	0	0	0	0	3
20	16	0	0.217962323	293.202627	293.201452	293.200374	293.202627	0.00107840418	0	0	0	0	0	3
21	17	0	0.228860439	293.202803	293.201517	293.200374	293.202803	0.00114271412	0	0	0	0	0	3
22	18	0	0.239758555	293.202962	293.201582	293.200374	293.202962	0.00120844015	0	0	0	0	0	3
23	19	0	0.250656671	293.203107	293.201649	293.200374	293.203107	0.001274735	0	0	0	0	0	3
24	19	0	0.261554787	293.203238	293.201715	293.200374	293.203238	0.00134097341	0	0	0	0	0	3
25	20	0	0.272452903	293.203357	293.20178	293.200374	293.203357	0.00140664993	0	0	0	0	0	3
26	21	0	0.28335102	293.203511	293.201847	293.200374	293.203511	0.00147319274	0	0	0	0	0	3
27	21	0	0.294249136	293.203643	293.201913	293.200374	293.203643	0.00153969939	0	0	0	0	0	3
28	22	0	0.305147252	293.203754	293.201979	293.200374	293.203754	0.00160542974	0	0	0	0	0	3
29	23	0	0.316045368	293.203848	293.202044	293.200374	293.203848	0.00166987217	0	0	0	0	0	3
30	24	0	0.326943484	293.203929	293.202107	293.200374	293.203929	0.00173271904	0	0	0	0	0	3
31	24	0	0.3378416	293.204028	293.202168	293.200374	293.204028	0.00179470298	0	0	0	0	0	3
32	25	0	0.348739716	293.204113	293.202229	293.200374	293.204113	0.00185545457	0	0	0	0	0	3
33	26	0	0.359637833	293.204182	293.202288	293.200374	293.204182	0.00191463207	0	0	0	0	0	3
34	26	0	0.370535949	293.204234	293.202346	293.200374	293.204234	0.00197184055	0	0	0	0	0	3
35	27	0	0.381434065	293.20427	293.202401	293.200374	293.20427	0.00202681407	0	0	0	0	0	3
36	28	0	0.392332181	293.204305	293.202454	293.200374	293.204305	0.00207972658	0	0	0	0	0	3
37	28	0	0.403230297	293.204341	293.202505	293.200374	293.204341	0.00213073498	0	0	0	0	0	3
38	29	0	0.414128413	293.20439	293.202554	293.200374	293.20439	0.00218034175	0	0	0	0	0	3
39	30	0	0.425026529	293.204455	293.202603	293.200374	293.204455	0.00222907062	0	0	0	0	0	3
40	30	0	0.435924646	293.204536	293.202651	293.200374	293.204536	0.00227740021	0	0	0	0	0	3
41	31	0	0.446822762	293.204657	293.2027	293.200374	293.204657	0.00232632913	0	0	0	0	0	3
42	32	0	0.457720878	293.204789	293.20275	293.200374	293.204789	0.00237605846	0	0	0	0	0	3
43	33	0	0.468618994	293.204917	293.2028	293.200374	293.204917	0.00242646783	0	0	0	0	0	3
44	33	0	0.47951711	293.205032	293.202851	293.200374	293.205032	0.00247719318	0	0	0	0	0	3
45	34	0	0.490415226	293.205136	293.202902	293.200374	293.205136	0.00252797252	0	0	0	0	0	3
46	35	0	0.501313342	293.20523	293.202952	293.200374	293.20523	0.00257859322	0	0	0	0	0	3
47	35	0	0.512211458	293.205313	293.20306	293.200539	293.205313	0.00260332987	0	0	0	0	0	3
48	36	0	0.523109575	293.205386	293.203165	293.200638	293.205386	0.00264826047	0	0	0	0	0	3
49	37	0	0.534007691	293.205443	293.20327	293.200731	293.205443	0.00269930444	0	0	0	0	0	3
50	38	0	0.544905807	293.205489	293.203373	293.200804	293.205489	0.0027560532	0	0	0	0	0	3
51	38	0	0.555803923	293.205521	293.203476	293.200914	293.205521	0.00280914248	0	0	0	0	0	3
52	39	0	0.566702039	293.205542	293.203576	293.201026	293.205542	0.00285845856	0	0	0	0	0	3
53	40	0	0.577600155	293.20555	293.203675	293.201136	293.20555	0.0029044843	0	0	0	0	0	3
54	41	0	0.588498271	293.205544	293.20377	293.201237	293.20555	0.00294840936	0	0	0	0	0	3
55	41	0	0.599396388	293.205527	293.203864	293.201332	293.20555	0.00299070104	0	0	0	0	0	3
56	42	0	0.610294504	293.205509	293.203954	293.201465	293.20555	0.00302770233	0	0	0	0	0	3
57	43	0	0.62119262	293.205482	293.204042	293.201589	293.20555	0.00305980214	0	0	0	0	0	3
58	43	0	0.632090736	293.205456	293.204126	293.201706	293.20555	0.00308814503	0	0	0	0	0	3
59	44	0	0.642988852	293.205427	293.204207	293.201819	293.20555	0.00311323662	0	0	0	0	0	3
60	45	0	0.653886968	293.205401	293.204285	293.201926	293.20555	0.00313558607	0	0	0	0	0	3
61	45	0	0.664785084	293.205377	293.20436	293.202083	293.20555	0.00315224388	0	0	0	0	0	3
62	46	0	0.675683201	293.205361	293.204431	293.202229	293.20555	0.00316338937	0	0	0	0	0	3
63	47	0	0.686581317	293.205343	293.204499	293.202369	293.20555	0.00316986858	0	0	0	0	0	3
64	47	0	0.697479433	293.205328	293.204563	293.202501	293.20555	0.00304825266	0	0	0	0	0	3
65	48	0	0.708377549	293.205315	293.204624	293.202627	293.20555	0.00292267471	0	0	0	0	0	3
66	49	0	0.719275665	293.205304	293.204682	293.202803	293.20555	0.00274691877	0	0	0	0	0	3
67	49	0	0.730173781	293.205293	293.204736	293.202962	293.20555	0.0025871447	0	0	0	0	0	3
68	50	0	0.741071897	293.205287	293.204787	293.203107	293.20555	0.00244261005	0	0	0	0	0	3
69	50	0	0.751970014	293.205282	293.204834	293.203238	293.20555	0.00231137469	0	0	0	0	0	3
70	51	0	0.76286813	293.205275	293.204878	293.203357	293.20555	0.00219294511	0	0	0	0	0	3
71	52	0	0.773766246	293.205273	293.20492	293.203511	293.20555	0.00203906869	0	0	0	0	0	3
72	53	0	0.784664362	293.205268	293.204958	293.203643	293.20555	0.00190695929	0	0	0	0	0	3
73	53	0	0.795562478	293.205263	293.204994	293.203754	293.20555	0.00179568234	0	0	0	0	0	3
74	54	0	0.806460594	293.205256	293.205026	293.203848	293.20555	0.0017015714	0	0	0	0	0	3
75	55	0	0.81735871	293.205251	293.205057	293.203929	293.20555	0.00162055325	0	0	0	0	0	3
76	55	0	0.828256826	293.205246	293.205085	293.204028	293.20555	0.00152161062	0	0	0	0	0	3
77	56	0	0.839154943	293.205242	293.205112	293.204113	293.20555	0.00143707746	0	0	0	0	0	3
78	57	0	0.850053059	293.205235	293.205136	293.204182	293.20555	0.00136751981	0	0	0	0	0	3
79	58	0	0.860951175	293.205225	293.205159	293.204234	293.20555	0.00131611112	0	0	0	0	0	3
80	60	0	0.871849291	293.205215	293.20518	293.20427	293.20555	0.0012799179	0	0	0	0	0	3
81	61	0	0.882747407	293.205206	293.2052	293.204305	293.20555	0.00124416721	0	0	0	0	0	3
82	62	0	0.893645523	293.205197	293.20522	293.204341	293.20555	0.0012087941	0	0	0	0	0	3
83	63	0	0.904543639	293.205192	293.205238	293.20439	293.20555	0.00116003942	0	0	0	0	0	3
84	64	0	0.915441756	293.205185	293.205256	293.204455	293.20555	0.00109506369	0	0	0	0	0	3
85	65	0	0.926339872	293.205178	293.205271	293.204536	293.20555	0.00101357739	0	0	0	0	0	3
86	66	0	0.937237988	293.205169	293.205285	293.204657	293.20555	0.000892345855	0	0	0	0	0	3
87	66	0	0.948136104	293.205162	293.205296	293.204789	293.20555	0.000760870381	0	0	0	0	0	3
88	67	0	0.95903422	293.205155	293.205304	293.204917	293.20555	0.000632170131	0	0	0	0	0	3
89	68	0	0.969932336	293.205151	293.205309	293.205032	293.20555	0.000517448632	0	0	0	0	0	3
90	69	0	0.980830452	293.205146	293.205312	293.205136	293.20555	0.000413567822	0	0	0	0	0	3
91	70	0	0.991728569	293.205141	293.205312	293.205141	293.20555	0.000408608868	0	0	0	0	0	3
92	70	0	1.00262668	293.205137	293.20531	293.205137	293.20555	0.000413014987	0.000147357195	0	0	0	0	3
93	71	0	1.0135248	293.205134	293.205306	293.205134	293.20555	0.000416003212	0.000147357195	0	0	0	0	3
94	72	0	1.02442292	293.205131	293.2053	293.205131	293.20555	0.000419011626	0.000147357195	0	0	0	0	3
95	72	0	1.03532103	293.205132	293.205293	293.205131	293.20555	0.000419011626	0.000147357195	0	0	0	0	3
96	73	0	1.04621915	293.205132	293.205286	293.205131	293.20555	0.000419011626	0.000147357195	0	0	0	0	3
97	74	0	1.05711727	293.205133	293.205277	293.205131	293.20555	0.000419011626	0.000147357195	0	0	0	0	3
98	75	0	1.06801538	293.205133	293.205268	293.205131	293.20555	0.000419011626	0.000147357195	0	0	0	0	3
99	75	0	1.0789135	293.205133	293.205259	293.205131	293.205544	0.000413300062	0.000147357195	0	0	0	0	3
