Iteration	CPUTime	PhysTime	Travels	Value	AvValue	MinValue	MaxValue	Delta	Criteria	PrevAvRefValue	Progress	CriteriaType	CriteriaVarType	CriteriaPercentage
1	4	0	0.0108981161	101325.406	101325.406	101325.406	101325.406	0	0	0	0	0	0	3
2	5	0	0.0217962323	101324.705	101325.056	101324.705	101325.406	0.350156733	0	0	0	0	0	3
3	5	0	0.0326943484	101324.955	101325.022	101324.705	101325.406	0.383544631	0	0	0	0	0	3
4	6	0	0.0435924646	101325.036	101325.026	101324.705	101325.406	0.383544631	0	0	0	0	0	3
5	6	0	0.0544905807	101324.915	101325.003	101324.705	101325.406	0.402251357	0	0	0	0	0	3
6	7	0	0.0653886968	101325.02	101325.006	101324.705	101325.406	0.402251357	0	0	0	0	0	3
7	8	0	0.076286813	101324.914	101324.993	101324.705	101325.406	0.412631228	0	0	0	0	0	3
8	8	0	0.0871849291	101325.025	101324.997	101324.705	101325.406	0.412631228	0	0	0	0	0	3
9	9	0	0.0980830452	101324.914	101324.988	101324.705	101325.406	0.417907206	0	0	0	0	0	3
10	10	0	0.108981161	101324.962	101324.985	101324.705	101325.406	0.420489167	0	0	0	0	0	3
11	10	0	0.119879278	101324.897	101324.977	101324.705	101325.406	0.428480204	0	0	0	0	0	3
12	11	0	0.130777394	101324.914	101324.972	101324.705	101325.406	0.433780823	0	0	0	0	0	3
13	12	0	0.14167551	101324.863	101324.964	101324.705	101325.406	0.442133427	0	0	0	0	0	3
14	12	0	0.152573626	101324.866	101324.957	101324.705	101325.406	0.449084059	0	0	0	0	0	3
15	13	0	0.163471742	101324.834	101324.948	101324.705	101325.406	0.457281532	0	0	0	0	0	3
16	13	0	0.174369858	101324.82	101324.94	101324.705	101325.406	0.465340896	0	0	0	0	0	3
17	14	0	0.185267974	101324.798	101324.932	101324.705	101325.406	0.473724558	0	0	0	0	0	3
18	15	0	0.19616609	101324.77	101324.923	101324.705	101325.406	0.482741726	0	0	0	0	0	3
19	16	0	0.207064207	101324.755	101324.914	101324.705	101325.406	0.491586163	0	0	0	0	0	3
20	16	0	0.217962323	101324.734	101324.905	101324.705	101325.406	0.500605548	0	0	0	0	0	3
21	17	0	0.228860439	101324.717	101324.896	101324.705	101325.406	0.509572621	0	0	0	0	0	3
22	18	0	0.239758555	101324.682	101324.886	101324.682	101325.406	0.51930058	0	0	0	0	0	3
23	19	0	0.250656671	101324.652	101324.876	101324.652	101325.406	0.529487144	0	0	0	0	0	3
24	19	0	0.261554787	101324.623	101324.866	101324.623	101325.406	0.54003723	0	0	0	0	0	3
25	20	0	0.272452903	101324.589	101324.855	101324.589	101325.406	0.551095192	0	0	0	0	0	3
26	21	0	0.28335102	101324.566	101324.844	101324.566	101325.406	0.562196039	0	0	0	0	0	3
27	21	0	0.294249136	101324.533	101324.832	101324.533	101325.406	0.573681076	0	0	0	0	0	3
28	22	0	0.305147252	101324.512	101324.821	101324.512	101325.406	0.585115768	0	0	0	0	0	3
29	23	0	0.316045368	101324.504	101324.81	101324.504	101325.406	0.596043712	0	0	0	0	0	3
30	24	0	0.326943484	101324.507	101324.8	101324.504	101325.406	0.606131824	0	0	0	0	0	3
31	24	0	0.3378416	101324.525	101324.791	101324.504	101325.406	0.614983357	0	0	0	0	0	3
32	25	0	0.348739716	101324.547	101324.783	101324.504	101325.406	0.622588744	0	0	0	0	0	3
33	26	0	0.359637833	101324.576	101324.777	101324.504	101325.406	0.628858253	0	0	0	0	0	3
34	26	0	0.370535949	101324.597	101324.772	101324.504	101325.406	0.634148936	0	0	0	0	0	3
35	27	0	0.381434065	101324.616	101324.767	101324.504	101325.406	0.638580639	0	0	0	0	0	3
36	28	0	0.392332181	101324.623	101324.763	101324.504	101325.406	0.642583401	0	0	0	0	0	3
37	28	0	0.403230297	101324.626	101324.759	101324.504	101325.406	0.646295734	0	0	0	0	0	3
38	29	0	0.414128413	101324.625	101324.756	101324.504	101325.406	0.649833524	0	0	0	0	0	3
39	30	0	0.425026529	101324.623	101324.753	101324.504	101325.406	0.653232836	0	0	0	0	0	3
40	30	0	0.435924646	101324.618	101324.749	101324.504	101325.406	0.656593274	0	0	0	0	0	3
41	31	0	0.446822762	101324.618	101324.746	101324.504	101325.406	0.659789389	0	0	0	0	0	3
42	32	0	0.457720878	101324.621	101324.743	101324.504	101325.406	0.662769931	0	0	0	0	0	3
43	33	0	0.468618994	101324.613	101324.74	101324.504	101325.406	0.665784316	0	0	0	0	0	3
44	33	0	0.47951711	101324.603	101324.737	101324.504	101325.406	0.668905686	0	0	0	0	0	3
45	34	0	0.490415226	101324.591	101324.734	101324.504	101325.406	0.67214765	0	0	0	0	0	3
46	35	0	0.501313342	101324.597	101324.731	101324.504	101325.406	0.675116524	0	0	0	0	0	3
47	35	0	0.512211458	101324.61	101324.713	101324.504	101325.036	0.34226541	0	0	0	0	0	3
48	36	0	0.523109575	101324.625	101324.712	101324.504	101325.036	0.314034342	0	0	0	0	0	3
49	37	0	0.534007691	101324.638	101324.705	101324.504	101325.036	0.320928481	0	0	0	0	0	3
50	38	0	0.544905807	101324.649	101324.696	101324.504	101325.025	0.30998141	0	0	0	0	0	3
51	38	0	0.555803923	101324.659	101324.691	101324.504	101325.025	0.315544925	0	0	0	0	0	3
52	39	0	0.566702039	101324.669	101324.683	101324.504	101325.025	0.314059963	0	0	0	0	0	3
53	40	0	0.577600155	101324.676	101324.678	101324.504	101325.025	0.319237597	0	0	0	0	0	3
54	41	0	0.588498271	101324.681	101324.67	101324.504	101324.962	0.317429279	0	0	0	0	0	3
55	41	0	0.599396388	101324.682	101324.665	101324.504	101324.962	0.319869424	0	0	0	0	0	3
56	42	0	0.610294504	101324.686	101324.659	101324.504	101324.914	0.317869779	0	0	0	0	0	3
57	43	0	0.62119262	101324.687	101324.655	101324.504	101324.914	0.317136027	0	0	0	0	0	3
58	43	0	0.632090736	101324.687	101324.65	101324.504	101324.866	0.313718859	0	0	0	0	0	3
59	44	0	0.642988852	101324.684	101324.646	101324.504	101324.866	0.310661194	0	0	0	0	0	3
60	45	0	0.653886968	101324.682	101324.642	101324.504	101324.834	0.306466753	0	0	0	0	0	3
61	45	0	0.664785084	101324.681	101324.639	101324.504	101324.82	0.301726153	0	0	0	0	0	3
62	46	0	0.675683201	101324.683	101324.636	101324.504	101324.798	0.294162994	0	0	0	0	0	3
63	47	0	0.686581317	101324.683	101324.633	101324.504	101324.77	0.265992572	0	0	0	0	0	3
64	47	0	0.697479433	101324.683	101324.631	101324.504	101324.755	0.251240104	0	0	0	0	0	3
65	48	0	0.708377549	101324.685	101324.63	101324.504	101324.734	0.230052292	0	0	0	0	0	3
66	49	0	0.719275665	101324.687	101324.629	101324.504	101324.717	0.213112069	0	0	0	0	0	3
67	49	0	0.730173781	101324.688	101324.628	101324.504	101324.688	0.183970349	0	0	0	0	0	3
68	50	0	0.741071897	101324.69	101324.628	101324.504	101324.69	0.18613387	0	0	0	0	0	3
69	50	0	0.751970014	101324.691	101324.629	101324.504	101324.691	0.186982855	0	0	0	0	0	3
70	51	0	0.76286813	101324.69	101324.631	101324.504	101324.691	0.186982855	0	0	0	0	0	3
71	52	0	0.773766246	101324.69	101324.633	101324.504	101324.691	0.186982855	0	0	0	0	0	3
72	53	0	0.784664362	101324.69	101324.636	101324.504	101324.691	0.186982855	0	0	0	0	0	3
73	53	0	0.795562478	101324.689	101324.639	101324.504	101324.691	0.186982855	0	0	0	0	0	3
74	54	0	0.806460594	101324.689	101324.643	101324.504	101324.691	0.181550393	0	0	0	0	0	3
75	55	0	0.81735871	101324.689	101324.647	101324.507	101324.691	0.171462281	0	0	0	0	0	3
76	55	0	0.828256826	101324.69	101324.651	101324.525	101324.691	0.162610749	0	0	0	0	0	3
77	56	0	0.839154943	101324.692	101324.654	101324.547	101324.692	0.144607092	0	0	0	0	0	3
78	57	0	0.850053059	101324.693	101324.658	101324.576	101324.693	0.116492459	0	0	0	0	0	3
79	58	0	0.860951175	101324.692	101324.66	101324.591	101324.693	0.10180402	0	0	0	0	0	3
80	60	0	0.871849291	101324.692	101324.662	101324.591	101324.693	0.10180402	0	0	0	0	0	3
81	61	0	0.882747407	101324.693	101324.664	101324.591	101324.693	0.102075065	0	0	0	0	0	3
82	62	0	0.893645523	101324.693	101324.665	101324.591	101324.693	0.102482444	0	0	0	0	0	3
83	63	0	0.904543639	101324.696	101324.667	101324.591	101324.696	0.105186992	0	0	0	0	0	3
84	64	0	0.915441756	101324.697	101324.668	101324.591	101324.697	0.105977329	0	0	0	0	0	3
85	65	0	0.926339872	101324.696	101324.67	101324.591	101324.697	0.105977329	0	0	0	0	0	3
86	66	0	0.937237988	101324.695	101324.672	101324.591	101324.697	0.105977329	0	0	0	0	0	3
87	66	0	0.948136104	101324.694	101324.673	101324.591	101324.697	0.105977329	0	0	0	0	0	3
88	67	0	0.95903422	101324.694	101324.675	101324.591	101324.697	0.105977329	0	0	0	0	0	3
89	68	0	0.969932336	101324.695	101324.677	101324.591	101324.697	0.105977329	0	0	0	0	0	3
90	69	0	0.980830452	101324.697	101324.679	101324.591	101324.697	0.105446455	0	0	0	0	0	3
91	70	0	0.991728569	101324.698	101324.681	101324.597	101324.698	0.10073061	0	0	0	0	0	3
92	70	0	1.00262668	101324.697	101324.683	101324.61	101324.698	0.0851719621	0.0159637056	0	0	0	0	3
93	71	0	1.0135248	101324.696	101324.685	101324.625	101324.698	0.0726593375	0.0159637056	0	0	0	0	3
94	72	0	1.02442292	101324.695	101324.687	101324.638	101324.698	0.0594656041	0.0159637056	0	0	0	0	3
95	72	0	1.03532103	101324.695	101324.688	101324.649	101324.698	0.0487582176	0.0159637056	0	0	0	0	3
96	73	0	1.04621915	101324.695	101324.689	101324.659	101324.698	0.0386567301	0.0159637056	0	0	0	0	3
97	74	0	1.05711727	101324.694	101324.69	101324.669	101324.698	0.0291130926	0.0159637056	0	0	0	0	3
98	75	0	1.06801538	101324.693	101324.69	101324.676	101324.698	0.0216598567	0.0159637056	0	0	0	0	3
99	75	0	1.0789135	101324.691	101324.69	101324.681	101324.698	0.016771204	0.0159637056	0	0	0	0	3
