Iteration	CPUTime	PhysTime	Travels	Value	AvValue	MinValue	MaxValue	Delta	Criteria	PrevAvRefValue	Progress	CriteriaType	CriteriaVarType	CriteriaPercentage
1	4	0	0.0108981161	0	0	0	0	0	0	0	0	0	0	3
2	5	0	0.0217962323	0	0	0	0	0	0	0	0	0	0	3
3	5	0	0.0326943484	0	0	0	0	0	0	0	0	0	0	3
4	6	0	0.0435924646	0	0	0	0	0	0	0	0	0	0	3
5	6	0	0.0544905807	0	0	0	0	0	0	0	0	0	0	3
6	7	0	0.0653886968	0	0	0	0	0	0	0	0	0	0	3
7	8	0	0.076286813	0	0	0	0	0	0	0	0	0	0	3
8	8	0	0.0871849291	0	0	0	0	0	0	0	0	0	0	3
9	9	0	0.0980830452	0	0	0	0	0	0	0	0	0	0	3
10	10	0	0.108981161	0	0	0	0	0	0	0	0	0	0	3
11	10	0	0.119879278	0	0	0	0	0	0	0	0	0	0	3
12	11	0	0.130777394	0	0	0	0	0	0	0	0	0	0	3
13	12	0	0.14167551	0	0	0	0	0	0	0	0	0	0	3
14	12	0	0.152573626	0	0	0	0	0	0	0	0	0	0	3
15	13	0	0.163471742	0	0	0	0	0	0	0	0	0	0	3
16	13	0	0.174369858	0	0	0	0	0	0	0	0	0	0	3
17	14	0	0.185267974	0	0	0	0	0	0	0	0	0	0	3
18	15	0	0.19616609	0	0	0	0	0	0	0	0	0	0	3
19	16	0	0.207064207	0	0	0	0	0	0	0	0	0	0	3
20	16	0	0.217962323	0	0	0	0	0	0	0	0	0	0	3
21	17	0	0.228860439	0	0	0	0	0	0	0	0	0	0	3
22	18	0	0.239758555	0	0	0	0	0	0	0	0	0	0	3
23	19	0	0.250656671	0	0	0	0	0	0	0	0	0	0	3
24	19	0	0.261554787	0	0	0	0	0	0	0	0	0	0	3
25	20	0	0.272452903	0	0	0	0	0	0	0	0	0	0	3
26	21	0	0.28335102	0	0	0	0	0	0	0	0	0	0	3
27	21	0	0.294249136	0	0	0	0	0	0	0	0	0	0	3
28	22	0	0.305147252	0	0	0	0	0	0	0	0	0	0	3
29	23	0	0.316045368	0	0	0	0	0	0	0	0	0	0	3
30	24	0	0.326943484	0	0	0	0	0	0	0	0	0	0	3
31	24	0	0.3378416	0	0	0	0	0	0	0	0	0	0	3
32	25	0	0.348739716	0	0	0	0	0	0	0	0	0	0	3
33	26	0	0.359637833	0	0	0	0	0	0	0	0	0	0	3
34	26	0	0.370535949	0	0	0	0	0	0	0	0	0	0	3
35	27	0	0.381434065	0	0	0	0	0	0	0	0	0	0	3
36	28	0	0.392332181	0	0	0	0	0	0	0	0	0	0	3
37	28	0	0.403230297	0	0	0	0	0	0	0	0	0	0	3
38	29	0	0.414128413	0	0	0	0	0	0	0	0	0	0	3
39	30	0	0.425026529	0	0	0	0	0	0	0	0	0	0	3
40	30	0	0.435924646	0	0	0	0	0	0	0	0	0	0	3
41	31	0	0.446822762	0	0	0	0	0	0	0	0	0	0	3
42	32	0	0.457720878	0	0	0	0	0	0	0	0	0	0	3
43	33	0	0.468618994	0	0	0	0	0	0	0	0	0	0	3
44	33	0	0.47951711	0	0	0	0	0	0	0	0	0	0	3
45	34	0	0.490415226	0	0	0	0	0	0	0	0	0	0	3
46	35	0	0.501313342	0	0	0	0	0	0	0	0	0	0	3
47	35	0	0.512211458	0	0	0	0	0	0	0	0	0	0	3
48	36	0	0.523109575	0	0	0	0	0	0	0	0	0	0	3
49	37	0	0.534007691	0	0	0	0	0	0	0	0	0	0	3
50	38	0	0.544905807	0	0	0	0	0	0	0	0	0	0	3
51	38	0	0.555803923	0	0	0	0	0	0	0	0	0	0	3
52	39	0	0.566702039	0	0	0	0	0	0	0	0	0	0	3
53	40	0	0.577600155	0	0	0	0	0	0	0	0	0	0	3
54	41	0	0.588498271	0	0	0	0	0	0	0	0	0	0	3
55	41	0	0.599396388	0	0	0	0	0	0	0	0	0	0	3
56	42	0	0.610294504	0	0	0	0	0	0	0	0	0	0	3
57	43	0	0.62119262	0	0	0	0	0	0	0	0	0	0	3
58	43	0	0.632090736	0	0	0	0	0	0	0	0	0	0	3
59	44	0	0.642988852	0	0	0	0	0	0	0	0	0	0	3
60	45	0	0.653886968	0	0	0	0	0	0	0	0	0	0	3
61	45	0	0.664785084	0	0	0	0	0	0	0	0	0	0	3
62	46	0	0.675683201	0	0	0	0	0	0	0	0	0	0	3
63	47	0	0.686581317	0	0	0	0	0	0	0	0	0	0	3
64	47	0	0.697479433	0	0	0	0	0	0	0	0	0	0	3
65	48	0	0.708377549	0	0	0	0	0	0	0	0	0	0	3
66	49	0	0.719275665	0	0	0	0	0	0	0	0	0	0	3
67	49	0	0.730173781	0	0	0	0	0	0	0	0	0	0	3
68	50	0	0.741071897	0	0	0	0	0	0	0	0	0	0	3
69	50	0	0.751970014	0	0	0	0	0	0	0	0	0	0	3
70	51	0	0.76286813	0	0	0	0	0	0	0	0	0	0	3
71	52	0	0.773766246	0	0	0	0	0	0	0	0	0	0	3
72	53	0	0.784664362	0	0	0	0	0	0	0	0	0	0	3
73	53	0	0.795562478	0	0	0	0	0	0	0	0	0	0	3
74	54	0	0.806460594	0	0	0	0	0	0	0	0	0	0	3
75	55	0	0.81735871	0	0	0	0	0	0	0	0	0	0	3
76	55	0	0.828256826	0	0	0	0	0	0	0	0	0	0	3
77	56	0	0.839154943	0	0	0	0	0	0	0	0	0	0	3
78	57	0	0.850053059	0	0	0	0	0	0	0	0	0	0	3
79	58	0	0.860951175	0	0	0	0	0	0	0	0	0	0	3
80	60	0	0.871849291	0	0	0	0	0	0	0	0	0	0	3
81	61	0	0.882747407	0	0	0	0	0	0	0	0	0	0	3
82	62	0	0.893645523	0	0	0	0	0	0	0	0	0	0	3
83	63	0	0.904543639	0	0	0	0	0	0	0	0	0	0	3
84	64	0	0.915441756	0	0	0	0	0	0	0	0	0	0	3
85	65	0	0.926339872	0	0	0	0	0	0	0	0	0	0	3
86	66	0	0.937237988	0	0	0	0	0	0	0	0	0	0	3
87	66	0	0.948136104	0	0	0	0	0	0	0	0	0	0	3
88	67	0	0.95903422	0	0	0	0	0	0	0	0	0	0	3
89	68	0	0.969932336	0	0	0	0	0	0	0	0	0	0	3
90	69	0	0.980830452	0	0	0	0	0	0	0	0	0	0	3
91	70	0	0.991728569	0	0	0	0	0	0	0	0	0	0	3
92	70	0	1.00262668	0	0	0	0	0	5e-06	0	0	0	0	3
93	71	0	1.0135248	0	0	0	0	0	5e-06	0	0	0	0	3
94	72	0	1.02442292	0	0	0	0	0	5e-06	0	0	0	0	3
95	72	0	1.03532103	0	0	0	0	0	5e-06	0	0	0	0	3
96	73	0	1.04621915	0	0	0	0	0	5e-06	0	0	0	0	3
97	74	0	1.05711727	0	0	0	0	0	5e-06	0	0	0	0	3
98	75	0	1.06801538	0	0	0	0	0	5e-06	0	0	0	0	3
99	75	0	1.0789135	0	0	0	0	0	5e-06	0	0	0	0	3
