Iteration	CPUTime	PhysTime	Travels	Value	AvValue	MinValue	MaxValue	Delta	Criteria	PrevAvRefValue	Progress	CriteriaType	CriteriaVarType	CriteriaPercentage
1	3	0	0.012009524	897.751668	897.751668	897.751668	897.751668	0	0	0	0	0	0	3
2	4	0	0.024019048	-129.329712	384.210978	-129.329712	897.751668	513.54069	0	0	0	0	0	3
3	5	0	0.036028572	-38.9486769	243.15776	-129.329712	897.751668	654.593908	0	0	0	0	0	3
4	6	0	0.048038096	-37.9811462	172.873033	-129.329712	897.751668	724.878635	0	0	0	0	0	3
5	6	0	0.06004762	-37.6000053	130.778425	-129.329712	897.751668	766.973242	0	0	0	0	0	3
6	7	0	0.072057144	-53.7214464	100.028447	-129.329712	897.751668	797.723221	0	0	0	0	0	3
7	8	0	0.084066668	-61.9805	76.8843116	-129.329712	897.751668	820.867356	0	0	0	0	0	3
8	8	0	0.0960761921	-67.0302171	58.8949955	-129.329712	897.751668	838.856672	0	0	0	0	0	3
9	9	0	0.108085716	-78.6221114	43.615317	-129.329712	897.751668	854.136351	0	0	0	0	0	3
10	10	0	0.12009524	-73.7470685	31.8790784	-129.329712	897.751668	865.872589	0	0	0	0	0	3
11	11	0	0.132104764	-84.545847	21.2949943	-129.329712	897.751668	876.456673	0	0	0	0	0	3
12	11	0	0.144114288	-77.6025367	13.0535334	-129.329712	897.751668	884.698134	0	0	0	0	0	3
13	12	0	0.156123812	-83.7454042	5.60746125	-129.329712	897.751668	892.144206	0	0	0	0	0	3
14	13	0	0.168133336	-79.3972286	-0.464302314	-129.329712	897.751668	898.21597	0	0	0	0	0	3
15	14	0	0.18014286	-80.179064	-5.77861976	-129.329712	897.751668	903.530287	0	0	0	0	0	3
16	14	0	0.192152384	-79.8926336	-10.4107456	-129.329712	897.751668	908.162413	0	0	0	0	0	3
17	15	0	0.204161908	-76.8373116	-14.3181907	-129.329712	897.751668	912.069858	0	0	0	0	0	3
18	16	0	0.216171432	-76.1113873	-17.751146	-129.329712	897.751668	915.502814	0	0	0	0	0	3
19	16	0	0.228180956	-74.3771644	-20.7314628	-129.329712	897.751668	918.48313	0	0	0	0	0	3
20	17	0	0.24019048	-73.138739	-23.3518266	-129.329712	897.751668	921.103494	0	0	0	0	0	3
21	18	0	0.252200004	-72.5200118	-25.6931688	-129.329712	897.751668	923.444836	0	0	0	0	0	3
22	19	0	0.264209528	-71.4512715	-27.7730825	-129.329712	897.751668	925.52475	0	0	0	0	0	3
23	19	0	0.276219052	-70.742487	-29.6413175	-129.329712	897.751668	927.392985	0	0	0	0	0	3
24	20	0	0.288228576	-70.5033658	-31.3439028	-129.329712	897.751668	929.095571	0	0	0	0	0	3
25	21	0	0.3002381	-68.4144022	-32.8267228	-129.329712	897.751668	930.57839	0	0	0	0	0	3
26	22	0	0.312247624	-68.1780585	-34.1863896	-129.329712	897.751668	931.938057	0	0	0	0	0	3
27	22	0	0.324257148	-68.0043488	-35.4389066	-129.329712	897.751668	933.190574	0	0	0	0	0	3
28	23	0	0.336266672	-67.5578082	-36.5860102	-129.329712	897.751668	934.337678	0	0	0	0	0	3
29	24	0	0.348276196	-67.5944039	-37.6552652	-129.329712	897.751668	935.406933	0	0	0	0	0	3
30	25	0	0.36028572	-66.6807656	-38.6227819	-129.329712	897.751668	936.37445	0	0	0	0	0	3
31	25	0	0.372295244	-66.6254243	-39.5260929	-129.329712	897.751668	937.277761	0	0	0	0	0	3
32	26	0	0.384304768	-67.0830198	-40.3872469	-129.329712	897.751668	938.138915	0	0	0	0	0	3
33	27	0	0.396314292	-66.8748559	-41.1899017	-129.329712	897.751668	938.941569	0	0	0	0	0	3
34	28	0	0.408323816	-67.1891693	-41.954586	-129.329712	897.751668	939.706254	0	0	0	0	0	3
35	28	0	0.42033334	-67.1890325	-42.6755702	-129.329712	897.751668	940.427238	0	0	0	0	0	3
36	29	0	0.432342864	-66.8369898	-43.3467208	-129.329712	897.751668	941.098388	0	0	0	0	0	3
37	30	0	0.444352388	-67.1233377	-43.989332	-129.329712	897.751668	941.741	0	0	0	0	0	3
38	31	0	0.456361912	-66.9326024	-44.5931023	-129.329712	897.751668	942.34477	0	0	0	0	0	3
39	31	0	0.468371436	-66.792723	-45.1623233	-129.329712	897.751668	942.913991	0	0	0	0	0	3
40	32	0	0.48038096	-66.6365254	-45.6991784	-129.329712	897.751668	943.450846	0	0	0	0	0	3
41	33	0	0.492390484	-66.4732621	-46.2058634	-129.329712	897.751668	943.957531	0	0	0	0	0	3
42	34	0	0.504400008	-66.4217201	-46.6871933	-129.329712	897.751668	944.438861	0	0	0	0	0	3
43	35	0	0.516409532	-66.2476756	-69.6395586	-129.329712	-37.6000053	91.7297066	0	0	0	0	0	3
44	35	0	0.528419056	-66.0004424	-68.1317188	-84.545847	-37.6000053	46.9458416	0	0	0	0	0	3
45	36	0	0.54042858	-66.0258604	-68.7764137	-84.545847	-37.6000053	46.9458416	0	0	0	0	0	3
46	37	0	0.552438104	-65.9256995	-69.4417602	-84.545847	-37.6000053	46.9458416	0	0	0	0	0	3
47	38	0	0.564447628	-65.8797996	-70.1150886	-84.545847	-53.7214464	30.8244006	0	0	0	0	0	3
48	38	0	0.576457152	-65.8894085	-70.404802	-84.545847	-61.9805	22.565347	0	0	0	0	0	3
49	39	0	0.588466676	-66.042228	-70.5015098	-84.545847	-65.8797996	18.6660473	0	0	0	0	0	3
50	40	0	0.6004762	-66.3858019	-70.4861666	-84.545847	-65.8797996	18.6660473	0	0	0	0	0	3
51	41	0	0.612485724	-66.3286217	-70.1934645	-84.545847	-65.8797996	18.6660473	0	0	0	0	0	3
52	42	0	0.624495248	-66.5453717	-70.0219955	-84.545847	-65.8797996	18.6660473	0	0	0	0	0	3
53	42	0	0.636504772	-66.4161892	-69.590337	-83.7454042	-65.8797996	17.8656046	0	0	0	0	0	3
54	43	0	0.648514296	-65.8323941	-69.3100955	-83.7454042	-65.8323941	17.9130102	0	0	0	0	0	3
55	44	0	0.66052382	-65.3972289	-68.8732342	-80.179064	-65.3972289	14.7818351	0	0	0	0	0	3
56	45	0	0.672533344	-64.7508161	-68.5245101	-80.179064	-64.7508161	15.4282479	0	0	0	0	0	3
57	45	0	0.684542868	-64.6657996	-68.1551466	-79.8926336	-64.6657996	15.226834	0	0	0	0	0	3
58	46	0	0.696552392	-64.3998678	-67.7862713	-76.8373116	-64.3998678	12.4374437	0	0	0	0	0	3
59	47	0	0.708561916	-64.3727133	-67.4894951	-76.1113873	-64.3727133	11.738674	0	0	0	0	0	3
60	48	0	0.72057144	-64.5135078	-67.2133551	-74.3771644	-64.3727133	10.004451	0	0	0	0	0	3
61	49	0	0.732580964	-64.7011277	-66.9829733	-73.138739	-64.3727133	8.76602567	0	0	0	0	0	3
62	49	0	0.744590488	-65.1388367	-66.7924994	-72.5200118	-64.3727133	8.14729846	0	0	0	0	0	3
63	50	0	0.756600012	-65.6178147	-66.6281614	-71.4512715	-64.3727133	7.07855817	0	0	0	0	0	3
64	51	0	0.768609536	-66.0568625	-66.4997231	-70.742487	-64.3727133	6.36977362	0	0	0	0	0	3
65	52	0	0.78061906	-66.4633427	-66.3978387	-70.5033658	-64.3727133	6.13065247	0	0	0	0	0	3
66	52	0	0.792628584	-66.7188096	-66.3077302	-68.4144022	-64.3727133	4.04168885	0	0	0	0	0	3
67	53	0	0.804638108	-66.6103245	-66.264776	-68.1780585	-64.3727133	3.80534516	0	0	0	0	0	3
68	54	0	0.816647632	-66.8061561	-66.2321117	-68.0043488	-64.3727133	3.63163542	0	0	0	0	0	3
69	55	0	0.828657156	-66.6200438	-66.199152	-67.5944039	-64.3727133	3.22169053	0	0	0	0	0	3
70	55	0	0.84066668	-66.8018944	-66.1811541	-67.5944039	-64.3727133	3.22169053	0	0	0	0	0	3
71	56	0	0.852676204	-66.4668111	-66.1543066	-67.1891693	-64.3727133	2.81645598	0	0	0	0	0	3
72	57	0	0.864685728	-66.4666192	-66.1492079	-67.1891693	-64.3727133	2.81645598	0	0	0	0	0	3
73	58	0	0.876695252	-66.1171347	-66.1371058	-67.1891693	-64.3727133	2.81645598	0	0	0	0	0	3
74	58	0	0.888704776	-66.1366415	-66.1145729	-67.1891693	-64.3727133	2.81645598	0	0	0	0	0	3
75	59	0	0.9007143	-65.9089704	-66.0915757	-67.1891693	-64.3727133	2.81645598	0	0	0	0	0	3
76	60	0	0.912723824	-66.0188059	-66.0637099	-67.1890325	-64.3727133	2.81631914	0	0	0	0	0	3
77	61	0	0.924733348	-65.7068377	-66.0284195	-67.1233377	-64.3727133	2.75062439	0	0	0	0	0	3
78	61	0	0.936742873	-65.476773	-65.9960334	-67.1233377	-64.3727133	2.75062439	0	0	0	0	0	3
79	62	0	0.948752397	-65.0036765	-65.9455653	-66.9326024	-64.3727133	2.55988906	0	0	0	0	0	3
80	63	0	0.960761921	-64.860462	-65.8962286	-66.8061561	-64.3727133	2.43344276	0	0	0	0	0	3
81	64	0	0.972771445	-64.5192119	-65.8420974	-66.8061561	-64.3727133	2.43344276	0	0	0	0	0	3
82	65	0	0.984780969	-64.5306758	-65.7919581	-66.8061561	-64.3727133	2.43344276	0	0	0	0	0	3
83	65	0	0.996790493	-64.3344121	-65.7410331	-66.8061561	-64.3344121	2.47174404	0	0	0	0	0	3
84	66	0	1.00880002	-64.5343696	-65.6960962	-66.8061561	-64.3344121	2.47174404	1.40837525	0	56.9	0	0	3
85	67	0	1.02080954	-64.3992646	-65.6520864	-66.8061561	-64.3344121	2.47174404	1.40837525	0	56.9	0	0	3
86	68	0	1.03281906	-64.8944801	-65.625754	-66.8061561	-64.3344121	2.47174404	1.40837525	0	56.9	0	0	3
87	68	0	1.04482859	-65.1773228	-65.6055507	-66.8061561	-64.3344121	2.47174404	1.40837525	0	56.9	0	0	3
88	69	0	1.05683811	-65.7465087	-65.6012842	-66.8061561	-64.3344121	2.47174404	1.40837525	0	56.9	0	0	3
89	70	0	1.06884764	-65.8896149	-65.6015179	-66.8061561	-64.3344121	2.47174404	1.40837525	0	56.9	0	0	3
90	71	0	1.08085716	-66.1695778	-65.6081886	-66.8061561	-64.3344121	2.47174404	1.40837525	0	56.9	0	0	3
91	72	0	1.09286668	-66.2113845	-65.6122162	-66.8061561	-64.3344121	2.47174404	1.40837525	0	56.9	0	0	3
92	72	0	1.10487621	-66.3506557	-65.6113794	-66.8061561	-64.3344121	2.47174404	1.40837525	0	56.9	0	0	3
93	73	0	1.11688573	-66.3006674	-65.6107138	-66.8061561	-64.3344121	2.47174404	1.40837525	0	56.9	0	0	3
94	74	0	1.12889526	-66.3595842	-65.6062903	-66.8061561	-64.3344121	2.47174404	1.40837525	0	56.9	0	0	3
95	75	0	1.14090478	-66.2043358	-65.6012461	-66.8061561	-64.3344121	2.47174404	1.40837525	0	56.9	0	0	3
96	76	0	1.1529143	-66.3114973	-65.6126534	-66.8061561	-64.3344121	2.47174404	1.40837525	0	56.9	0	0	3
97	76	0	1.16492383	-66.0632769	-65.6285116	-66.8061561	-64.3344121	2.47174404	1.40837525	0	56.9	0	0	3
98	77	0	1.17693335	-66.0990897	-65.6606134	-66.8061561	-64.3344121	2.47174404	1.40837525	0	56.9	0	0	3
99	78	0	1.18894288	-65.950181	-65.6911939	-66.8061561	-64.3344121	2.18502512	1.40837525	0	64.4	0	0	3
100	79	0	1.2009524	-65.8785276	-65.7264001	-66.8061561	-64.3344121	1.88824897	1.40837525	0	74.5	0	0	3
101	80	0	1.21296192	-65.4864535	-65.7529177	-66.8061561	-64.3344121	1.61210898	1.40837525	0	87.3	0	0	3
102	81	0	1.22497145	-65.2009413	-65.7692852	-66.8061561	-64.3344121	1.38172716	1.40837525	0	100	0	0	3
103	82	0	1.23698097	-64.7878486	-65.77135	-66.8061561	-64.3344121	1.19125329	1.40837525	0	100	0	0	3
104	83	0	1.2489905	-64.5988848	-65.758494	-66.8061561	-64.3344121	1.02691527	1.40837525	0	100	0	0	3
105	83	0	1.26100002	-64.4241031	-65.7300723	-66.8061561	-64.3344121	0.898476956	1.40837525	0	100	0	0	3
106	84	0	1.27300954	-64.4620515	-65.6921006	-66.8061561	-64.3344121	0.796592568	1.40837525	0	100	0	0	3
107	85	0	1.28501907	-64.3631807	-65.6420967	-66.8061561	-64.3344121	0.706484087	1.40837525	0	100	0	0	3
108	86	0	1.29702859	-64.545506	-65.5903514	-66.8061561	-64.3344121	0.674424604	1.40837525	0	100	0	0	3
109	86	0	1.30903812	-64.8172622	-65.5476594	-66.8061561	-64.3344121	0.684452222	1.40837525	0	100	0	0	3
110	87	0	1.32104764	-65.3576523	-65.5131712	-66.8018944	-64.3344121	0.685980766	1.40837525	0	100	0	0	3
111	88	0	1.33305716	-65.5689138	-65.4881443	-66.8018944	-64.3344121	0.693009722	1.40837525	0	100	0	0	3
112	89	0	1.34506669	-65.9435661	-65.467708	-66.4668111	-64.3344121	0.686598664	1.40837525	0	100	0	0	3
113	89	0	1.35707621	-66.0248552	-65.4571852	-66.4666192	-64.3344121	0.692022697	1.40837525	0	100	0	0	3
114	90	0	1.36908574	-66.2164205	-65.4512281	-66.3595842	-64.3344121	0.685877676	1.40837525	0	100	0	0	3
115	91	0	1.38109526	-66.2080083	-65.4533917	-66.3595842	-64.3344121	0.663344859	1.40837525	0	100	0	0	3
116	92	0	1.39310478	-66.3048784	-65.4573974	-66.3595842	-64.3344121	0.640347587	1.40837525	0	100	0	0	3
