Iteration	CPUTime	PhysTime	Travels	Value	AvValue	MinValue	MaxValue	Delta	Criteria	PrevAvRefValue	Progress	CriteriaType	CriteriaVarType	CriteriaPercentage
1	3	0	0.012009524	-2560.61162	-2560.61162	-2560.61162	-2560.61162	0	0	0	0	0	0	3
2	4	0	0.024019048	-330.202465	-1445.40704	-2560.61162	-330.202465	1115.20458	0	0	0	0	0	3
3	5	0	0.036028572	-137.283721	-1009.36594	-2560.61162	-137.283721	1551.24569	0	0	0	0	0	3
4	6	0	0.048038096	-77.7511507	-776.46224	-2560.61162	-77.7511507	1784.14938	0	0	0	0	0	3
5	6	0	0.06004762	-83.0348232	-637.776756	-2560.61162	-77.7511507	1922.83487	0	0	0	0	0	3
6	7	0	0.072057144	-70.6575037	-543.256881	-2560.61162	-70.6575037	2017.35474	0	0	0	0	0	3
7	8	0	0.084066668	-79.5111409	-477.007489	-2560.61162	-70.6575037	2083.60413	0	0	0	0	0	3
8	8	0	0.0960761921	-72.5530386	-426.450683	-2560.61162	-70.6575037	2134.16094	0	0	0	0	0	3
9	9	0	0.108085716	-77.2644248	-387.65221	-2560.61162	-70.6575037	2172.95941	0	0	0	0	0	3
10	10	0	0.12009524	-69.9354389	-355.880533	-2560.61162	-69.9354389	2204.73109	0	0	0	0	0	3
11	11	0	0.132104764	-71.6681182	-330.043041	-2560.61162	-69.9354389	2230.56858	0	0	0	0	0	3
12	11	0	0.144114288	-66.2746374	-308.06234	-2560.61162	-66.2746374	2252.54928	0	0	0	0	0	3
13	12	0	0.156123812	-67.9221851	-289.590021	-2560.61162	-66.2746374	2271.0216	0	0	0	0	0	3
14	13	0	0.168133336	-63.8143482	-273.463187	-2560.61162	-63.8143482	2287.14843	0	0	0	0	0	3
15	14	0	0.18014286	-65.3133362	-259.58653	-2560.61162	-63.8143482	2301.02509	0	0	0	0	0	3
16	14	0	0.192152384	-62.3009102	-247.256179	-2560.61162	-62.3009102	2313.35544	0	0	0	0	0	3
17	15	0	0.204161908	-62.599406	-236.394016	-2560.61162	-62.3009102	2324.21761	0	0	0	0	0	3
18	16	0	0.216171432	-60.4413369	-226.618867	-2560.61162	-60.4413369	2333.99275	0	0	0	0	0	3
19	16	0	0.228180956	-59.7534485	-217.836477	-2560.61162	-59.7534485	2342.77514	0	0	0	0	0	3
20	17	0	0.24019048	-58.5485696	-209.872081	-2560.61162	-58.5485696	2350.73954	0	0	0	0	0	3
21	18	0	0.252200004	-57.6879211	-202.625216	-2560.61162	-57.6879211	2357.9864	0	0	0	0	0	3
22	19	0	0.264209528	-57.0218206	-196.00688	-2560.61162	-57.0218206	2364.60474	0	0	0	0	0	3
23	19	0	0.276219052	-56.0588457	-189.922183	-2560.61162	-56.0588457	2370.68944	0	0	0	0	0	3
24	20	0	0.288228576	-55.8824646	-184.337195	-2560.61162	-55.8824646	2376.27443	0	0	0	0	0	3
25	21	0	0.3002381	-54.8702648	-179.158518	-2560.61162	-54.8702648	2381.4531	0	0	0	0	0	3
26	22	0	0.312247624	-54.6971937	-174.371544	-2560.61162	-54.6971937	2386.24008	0	0	0	0	0	3
27	22	0	0.324257148	-53.861832	-169.908221	-2560.61162	-53.861832	2390.7034	0	0	0	0	0	3
28	23	0	0.336266672	-53.5858125	-165.753849	-2560.61162	-53.5858125	2394.85777	0	0	0	0	0	3
29	24	0	0.348276196	-52.9568114	-161.864296	-2560.61162	-52.9568114	2398.74733	0	0	0	0	0	3
30	25	0	0.36028572	-52.6831892	-158.224926	-2560.61162	-52.6831892	2402.3867	0	0	0	0	0	3
31	25	0	0.372295244	-52.2998311	-154.807987	-2560.61162	-52.2998311	2405.80363	0	0	0	0	0	3
32	26	0	0.384304768	-51.9434779	-151.593472	-2560.61162	-51.9434779	2409.01815	0	0	0	0	0	3
33	27	0	0.396314292	-51.3791009	-148.556672	-2560.61162	-51.3791009	2412.05495	0	0	0	0	0	3
34	28	0	0.408323816	-51.2055622	-145.693404	-2560.61162	-51.2055622	2414.91822	0	0	0	0	0	3
35	28	0	0.42033334	-50.8061579	-142.98234	-2560.61162	-50.8061579	2417.62928	0	0	0	0	0	3
36	29	0	0.432342864	-50.5717476	-140.415379	-2560.61162	-50.5717476	2420.19624	0	0	0	0	0	3
37	30	0	0.444352388	-50.2325802	-137.978006	-2560.61162	-50.2325802	2422.63361	0	0	0	0	0	3
38	31	0	0.456361912	-50.1398417	-135.666476	-2560.61162	-50.1398417	2424.94515	0	0	0	0	0	3
39	31	0	0.468371436	-49.7615052	-133.463784	-2560.61162	-49.7615052	2427.14784	0	0	0	0	0	3
40	32	0	0.48038096	-49.7568456	-131.371111	-2560.61162	-49.7568456	2429.24051	0	0	0	0	0	3
41	33	0	0.492390484	-49.4716758	-129.373564	-2560.61162	-49.4716758	2431.23806	0	0	0	0	0	3
42	34	0	0.504400008	-49.4706422	-127.471113	-2560.61162	-49.4706422	2433.14051	0	0	0	0	0	3
43	35	0	0.516409532	-49.1984319	-67.6755609	-330.202465	-49.1984319	281.004033	0	0	0	0	0	3
44	35	0	0.528419056	-49.1747352	-60.9844245	-137.283721	-49.1747352	88.1089863	0	0	0	0	0	3
45	36	0	0.54042858	-48.9207426	-58.8805441	-83.0348232	-48.9207426	34.1140805	0	0	0	0	0	3
46	37	0	0.552438104	-48.9899229	-58.1957529	-83.0348232	-48.9207426	34.1140805	0	0	0	0	0	3
47	38	0	0.564447628	-48.8193438	-57.3810987	-79.5111409	-48.8193438	30.6917972	0	0	0	0	0	3
48	38	0	0.576457152	-48.8525875	-56.861934	-79.5111409	-48.8193438	30.6917972	0	0	0	0	0	3
49	39	0	0.588466676	-48.7039855	-56.1284303	-77.2644248	-48.7039855	28.5604392	0	0	0	0	0	3
50	40	0	0.6004762	-48.7470209	-55.5616203	-77.2644248	-48.7039855	28.5604392	0	0	0	0	0	3
51	41	0	0.612485724	-48.5607929	-54.8782005	-71.6681182	-48.5607929	23.1073253	0	0	0	0	0	3
52	42	0	0.624495248	-48.6084607	-54.3704153	-71.6681182	-48.5607929	23.1073253	0	0	0	0	0	3
53	42	0	0.636504772	-48.5205209	-53.8192821	-67.9221851	-48.5205209	19.4016643	0	0	0	0	0	3
54	43	0	0.648514296	-48.6901972	-53.4006049	-67.9221851	-48.5205209	19.4016643	0	0	0	0	0	3
55	44	0	0.66052382	-48.5416188	-52.9391629	-65.3133362	-48.5205209	16.7928153	0	0	0	0	0	3
56	45	0	0.672533344	-48.7014271	-52.5793314	-65.3133362	-48.5205209	16.7928153	0	0	0	0	0	3
57	45	0	0.684542868	-48.6294845	-52.1820968	-62.599406	-48.5205209	14.0788851	0	0	0	0	0	3
58	46	0	0.696552392	-48.7339676	-51.8590744	-62.599406	-48.5205209	14.0788851	0	0	0	0	0	3
59	47	0	0.708561916	-48.6156737	-51.5261284	-60.4413369	-48.5205209	11.9208161	0	0	0	0	0	3
60	48	0	0.72057144	-48.6729676	-51.2459291	-59.7534485	-48.5205209	11.2329276	0	0	0	0	0	3
61	49	0	0.732580964	-48.570363	-50.9796652	-58.5485696	-48.5205209	10.0280487	0	0	0	0	0	3
62	49	0	0.744590488	-48.6177448	-50.743217	-57.6879211	-48.5205209	9.16740028	0	0	0	0	0	3
63	50	0	0.756600012	-48.4710491	-50.5237676	-57.0218206	-48.4710491	8.55077149	0	0	0	0	0	3
64	51	0	0.768609536	-48.4866648	-50.3205497	-56.0588457	-48.4710491	7.58779659	0	0	0	0	0	3
65	52	0	0.78061906	-48.3093031	-50.1360367	-55.8824646	-48.3093031	7.57316155	0	0	0	0	0	3
66	52	0	0.792628584	-48.3988762	-49.9578561	-54.8702648	-48.3093031	6.56096171	0	0	0	0	0	3
67	53	0	0.804638108	-48.2968372	-49.8013459	-54.6971937	-48.2968372	6.4003565	0	0	0	0	0	3
68	54	0	0.816647632	-48.3123721	-49.6493263	-53.861832	-48.2968372	5.56499477	0	0	0	0	0	3
69	55	0	0.828657156	-48.2083182	-49.5147188	-53.5858125	-48.2083182	5.37749434	0	0	0	0	0	3
70	55	0	0.84066668	-48.292435	-49.388686	-52.9568114	-48.2083182	4.74849316	0	0	0	0	0	3
71	56	0	0.852676204	-48.247948	-49.2765702	-52.6831892	-48.2083182	4.47487096	0	0	0	0	0	3
72	57	0	0.864685728	-48.3097811	-49.1724415	-52.2998311	-48.2083182	4.09151286	0	0	0	0	0	3
73	58	0	0.876695252	-48.2219917	-49.0753501	-51.9434779	-48.2083182	3.73515971	0	0	0	0	0	3
74	58	0	0.888704776	-48.2759596	-48.9880282	-51.3791009	-48.2083182	3.17078274	0	0	0	0	0	3
75	59	0	0.9007143	-48.2035868	-48.9124207	-51.2055622	-48.2035868	3.0019754	0	0	0	0	0	3
76	60	0	0.912723824	-48.2467817	-48.8419736	-50.8061579	-48.2035868	2.60257111	0	0	0	0	0	3
77	61	0	0.924733348	-48.1848286	-48.779561	-50.5717476	-48.1848286	2.38691904	0	0	0	0	0	3
78	61	0	0.936742873	-48.3020359	-48.7255202	-50.2325802	-48.1848286	2.04775166	0	0	0	0	0	3
79	62	0	0.948752397	-48.2502198	-48.6783212	-50.1398417	-48.1848286	1.95501318	0	0	0	0	0	3
80	63	0	0.960761921	-48.3218817	-48.6350364	-49.7615052	-48.1848286	1.57667666	0	0	0	0	0	3
81	64	0	0.972771445	-48.290497	-48.6000124	-49.7568456	-48.1848286	1.57201706	0	0	0	0	0	3
82	65	0	0.984780969	-48.3722691	-48.5670463	-49.4716758	-48.1848286	1.28684726	0	0	0	0	0	3
83	65	0	0.996790493	-48.3483017	-48.5402993	-49.4706422	-48.1848286	1.28581366	0	0	0	0	0	3
84	66	0	1.00880002	-48.4401025	-48.5157626	-49.1984319	-48.1848286	1.01360334	2.67296679	0	100	0	0	3
85	67	0	1.02080954	-48.3745829	-48.4961472	-49.1747352	-48.1848286	0.989906598	2.67296679	0	100	0	0	3
86	68	0	1.03281906	-48.4028363	-48.4777686	-48.9899229	-48.1848286	0.805094303	2.67296679	0	100	0	0	3
87	68	0	1.04482859	-48.2962343	-48.4628994	-48.9899229	-48.1848286	0.805094303	2.67296679	0	100	0	0	3
88	69	0	1.05683811	-48.3381991	-48.4473821	-48.8525875	-48.1848286	0.667758947	2.67296679	0	100	0	0	3
89	70	0	1.06884764	-48.228393	-48.4333119	-48.8525875	-48.1848286	0.667758947	2.67296679	0	100	0	0	3
90	71	0	1.08085716	-48.2625683	-48.4192638	-48.7470209	-48.1848286	0.562192357	2.67296679	0	100	0	0	3
91	72	0	1.09286668	-48.1712359	-48.4065793	-48.7470209	-48.1712359	0.575784974	2.67296679	0	100	0	0	3
92	72	0	1.10487621	-48.2156908	-48.3939286	-48.7339676	-48.1712359	0.562731621	2.67296679	0	100	0	0	3
93	73	0	1.11688573	-48.1462716	-48.384059	-48.7339676	-48.1462716	0.587695972	2.67296679	0	100	0	0	3
94	74	0	1.12889526	-48.2080218	-48.3745248	-48.7339676	-48.1462716	0.587695972	2.67296679	0	100	0	0	3
95	75	0	1.14090478	-48.1558138	-48.3658413	-48.7339676	-48.1462716	0.587695972	2.67296679	0	100	0	0	3
96	76	0	1.1529143	-48.2060983	-48.3543151	-48.7339676	-48.1462716	0.587695972	2.67296679	0	100	0	0	3
97	76	0	1.16492383	-48.1300374	-48.3445155	-48.7339676	-48.1300374	0.603930136	2.67296679	0	100	0	0	3
98	77	0	1.17693335	-48.1911691	-48.3323665	-48.7339676	-48.1300374	0.603930136	2.67296679	0	100	0	0	3
99	78	0	1.18894288	-48.1267403	-48.3203964	-48.7339676	-48.1267403	0.607227291	2.67296679	0	100	0	0	3
100	79	0	1.2009524	-48.2109337	-48.3079433	-48.6729676	-48.1267403	0.546227371	2.67296679	0	100	0	0	3
101	80	0	1.21296192	-48.1980107	-48.2979989	-48.6729676	-48.1267403	0.546227371	2.67296679	0	100	0	0	3
102	81	0	1.22497145	-48.2996608	-48.2891106	-48.6177448	-48.1267403	0.491004547	2.67296679	0	100	0	0	3
103	82	0	1.23698097	-48.2706619	-48.2819749	-48.6177448	-48.1267403	0.491004547	2.67296679	0	100	0	0	3
104	83	0	1.2489905	-48.3683873	-48.2760378	-48.4866648	-48.1267403	0.359924558	2.67296679	0	100	0	0	3
105	83	0	1.26100002	-48.3350068	-48.2727987	-48.4866648	-48.1267403	0.359924558	2.67296679	0	100	0	0	3
106	84	0	1.27300954	-48.4133271	-48.2710526	-48.4401025	-48.1267403	0.31336225	2.67296679	0	100	0	0	3
107	85	0	1.28501907	-48.3707941	-48.2725166	-48.4401025	-48.1267403	0.31336225	2.67296679	0	100	0	0	3
108	86	0	1.29702859	-48.4298209	-48.2732534	-48.4401025	-48.1267403	0.31336225	2.67296679	0	100	0	0	3
109	86	0	1.30903812	-48.3215629	-48.2738421	-48.4401025	-48.1267403	0.31336225	2.67296679	0	100	0	0	3
110	87	0	1.32104764	-48.3423198	-48.2745552	-48.4401025	-48.1267403	0.31336225	2.67296679	0	100	0	0	3
111	88	0	1.33305716	-48.2540071	-48.275643	-48.4401025	-48.1267403	0.31336225	2.67296679	0	100	0	0	3
112	89	0	1.34506669	-48.2696656	-48.2751009	-48.4401025	-48.1267403	0.31336225	2.67296679	0	100	0	0	3
113	89	0	1.35707621	-48.1744623	-48.2733512	-48.4401025	-48.1267403	0.31336225	2.67296679	0	100	0	0	3
114	90	0	1.36908574	-48.2227573	-48.2712792	-48.4401025	-48.1267403	0.31336225	2.67296679	0	100	0	0	3
115	91	0	1.38109526	-48.1428448	-48.2693948	-48.4401025	-48.1267403	0.31336225	2.67296679	0	100	0	0	3
116	92	0	1.39310478	-48.1992589	-48.2675686	-48.4401025	-48.1267403	0.31336225	2.67296679	0	100	0	0	3
