Iteration	CPUTime	PhysTime	Travels	Value	AvValue	MinValue	MaxValue	Delta	Criteria	PrevAvRefValue	Progress	CriteriaType	CriteriaVarType	CriteriaPercentage
1	2	0	0.0123800103	2858.0315	2858.0315	2858.0315	2858.0315	0	0	0	0	0	0	3
2	2	0	0.0247600206	459.702833	1658.86717	459.702833	2858.0315	1199.16433	0	0	0	0	0	3
3	3	0	0.0371400309	230.294744	1182.67636	230.294744	2858.0315	1675.35514	0	0	0	0	0	3
4	3	0	0.0495200413	126.163509	918.548146	126.163509	2858.0315	1939.48335	0	0	0	0	0	3
5	4	0	0.0619000516	157.176367	766.27379	126.163509	2858.0315	2091.75771	0	0	0	0	0	3
6	4	0	0.0742800619	122.987425	659.059396	122.987425	2858.0315	2198.9721	0	0	0	0	0	3
7	5	0	0.0866600722	139.195222	584.793085	122.987425	2858.0315	2273.23841	0	0	0	0	0	3
8	5	0	0.0990400825	118.125107	526.459588	118.125107	2858.0315	2331.57191	0	0	0	0	0	3
9	6	0	0.111420093	126.974705	482.072379	118.125107	2858.0315	2375.95912	0	0	0	0	0	3
10	6	0	0.123800103	108.859072	444.751048	108.859072	2858.0315	2413.28045	0	0	0	0	0	3
11	7	0	0.136180113	115.003313	414.773981	108.859072	2858.0315	2443.25752	0	0	0	0	0	3
12	7	0	0.148560124	103.069273	388.798589	103.069273	2858.0315	2469.23291	0	0	0	0	0	3
13	7	0	0.160940134	109.681916	367.328076	103.069273	2858.0315	2490.70342	0	0	0	0	0	3
14	8	0	0.173320144	100.821708	348.291906	100.821708	2858.0315	2509.73959	0	0	0	0	0	3
15	9	0	0.185700155	105.823033	332.127315	100.821708	2858.0315	2525.90418	0	0	0	0	0	3
16	9	0	0.198080165	99.9252305	317.614685	99.9252305	2858.0315	2540.41681	0	0	0	0	0	3
17	10	0	0.210460175	101.64025	304.910306	99.9252305	2858.0315	2553.12119	0	0	0	0	0	3
18	10	0	0.222840186	98.2495218	293.429151	98.2495218	2858.0315	2564.60235	0	0	0	0	0	3
19	11	0	0.235220196	99.2730619	283.21041	98.2495218	2858.0315	2574.82109	0	0	0	0	0	3
20	11	0	0.247600206	97.4959997	273.924689	97.4959997	2858.0315	2584.10681	0	0	0	0	0	3
21	12	0	0.259980217	97.1491464	265.506806	97.1491464	2858.0315	2592.52469	0	0	0	0	0	3
22	12	0	0.272360227	96.0566998	257.804529	96.0566998	2858.0315	2600.22697	0	0	0	0	0	3
23	13	0	0.284740237	95.4948473	250.747586	95.4948473	2858.0315	2607.28391	0	0	0	0	0	3
24	13	0	0.297120248	95.1316622	244.263589	95.1316622	2858.0315	2613.76791	0	0	0	0	0	3
25	14	0	0.309500258	94.5536258	238.275191	94.5536258	2858.0315	2619.75631	0	0	0	0	0	3
26	14	0	0.321880268	94.1779493	232.732989	94.1779493	2858.0315	2625.29851	0	0	0	0	0	3
27	15	0	0.334260278	93.6540311	227.581917	93.6540311	2858.0315	2630.44958	0	0	0	0	0	3
28	15	0	0.346640289	93.2939693	222.785919	93.2939693	2858.0315	2635.24558	0	0	0	0	0	3
29	16	0	0.359020299	92.5882182	218.296343	92.5882182	2858.0315	2639.73515	0	0	0	0	0	3
30	16	0	0.371400309	92.2129876	214.093564	92.2129876	2858.0315	2643.93793	0	0	0	0	0	3
31	17	0	0.38378032	91.8131481	210.149035	91.8131481	2858.0315	2647.88246	0	0	0	0	0	3
32	18	0	0.39616033	91.4072268	206.438353	91.4072268	2858.0315	2651.59314	0	0	0	0	0	3
33	19	0	0.40854034	91.1532673	202.944866	91.1532673	2858.0315	2655.08663	0	0	0	0	0	3
34	19	0	0.420920351	90.9552305	199.651053	90.9552305	2858.0315	2658.38044	0	0	0	0	0	3
35	20	0	0.433300361	90.7565126	196.53978	90.7565126	2858.0315	2661.49172	0	0	0	0	0	3
36	21	0	0.445680371	90.7359073	193.600784	90.7359073	2858.0315	2664.43071	0	0	0	0	0	3
37	22	0	0.458060382	90.6828107	190.819217	90.6828107	2858.0315	2667.21228	0	0	0	0	0	3
38	23	0	0.470440392	90.7077629	188.184705	90.6828107	2858.0315	2669.84679	0	0	0	0	0	3
39	24	0	0.482820402	90.7161389	185.685511	90.6828107	2858.0315	2672.34599	0	0	0	0	0	3
40	26	0	0.495200413	90.709467	183.31111	90.6828107	2858.0315	2674.72039	0	0	0	0	0	3
41	28	0	0.507580423	90.6665036	181.051485	90.6665036	2858.0315	2676.98001	0	0	0	0	0	3
42	29	0	0.519960433	90.6275651	113.553828	90.6275651	459.702833	369.075268	0	0	0	0	0	3
43	30	0	0.532340444	90.4647348	104.548021	90.4647348	230.294744	139.830009	0	0	0	0	0	3
44	31	0	0.544720454	90.6376754	101.141751	90.4647348	157.176367	66.711632	0	0	0	0	0	3
45	31	0	0.557100464	90.5100916	100.272156	90.4647348	157.176367	66.711632	0	0	0	0	0	3
46	32	0	0.569480474	90.4763327	98.6453256	90.4647348	139.195222	48.7304872	0	0	0	0	0	3
47	33	0	0.581860485	90.6846161	97.8574522	90.4647348	139.195222	48.7304872	0	0	0	0	0	3
48	34	0	0.594240495	90.7570615	96.6760337	90.4647348	126.974705	36.5099705	0	0	0	0	0	3
49	34	0	0.606620505	90.7883635	96.0092838	90.4647348	126.974705	36.5099705	0	0	0	0	0	3
50	35	0	0.619000516	90.6849364	95.1241675	90.4647348	115.003313	24.5385778	0	0	0	0	0	3
51	35	0	0.631380526	90.7508742	94.6825042	90.4647348	115.003313	24.5385778	0	0	0	0	0	3
52	36	0	0.643760536	90.8456656	94.0932933	90.4647348	109.681916	19.217181	0	0	0	0	0	3
53	37	0	0.656140547	90.7793356	93.7935387	90.4647348	109.681916	19.217181	0	0	0	0	0	3
54	37	0	0.668520557	90.5972277	93.3280585	90.4647348	105.823033	15.3582983	0	0	0	0	0	3
55	38	0	0.680900567	90.5382645	93.0772428	90.4647348	105.823033	15.3582983	0	0	0	0	0	3
56	39	0	0.693280578	90.5716048	92.7052567	90.4647348	101.64025	11.1755154	0	0	0	0	0	3
57	39	0	0.705660588	90.6212211	92.4783297	90.4647348	101.64025	11.1755154	0	0	0	0	0	3
58	40	0	0.718040598	90.5790369	92.208544	90.4647348	99.2730619	8.80832716	0	0	0	0	0	3
59	41	0	0.730420609	90.5263755	92.0201746	90.4647348	99.2730619	8.80832716	0	0	0	0	0	3
60	42	0	0.742800619	90.4646558	91.8053354	90.4646558	97.4959997	7.03134383	0	0	0	0	0	3
61	42	0	0.755180629	90.5302184	91.6354383	90.4646558	97.1491464	6.68449052	0	0	0	0	0	3
62	43	0	0.76756064	90.5384224	91.4742011	90.4646558	96.0566998	5.59204392	0	0	0	0	0	3
63	44	0	0.77994065	90.6242736	91.3417029	90.4646558	95.4948473	5.03019144	0	0	0	0	0	3
64	45	0	0.79232066	90.6466256	91.2234536	90.4646558	95.1316622	4.66700638	0	0	0	0	0	3
65	45	0	0.80470067	90.6499968	91.1141447	90.4646558	94.5536258	4.08897001	0	0	0	0	0	3
66	46	0	0.817080681	90.6227315	91.0182692	90.4646558	94.1779493	3.7132935	0	0	0	0	0	3
67	47	0	0.829460691	90.6296719	90.9317259	90.4646558	93.6540311	3.18937528	0	0	0	0	0	3
68	47	0	0.841840701	90.5400894	90.8557761	90.4646558	93.2939693	2.82931343	0	0	0	0	0	3
69	48	0	0.854220712	90.6199563	90.7905562	90.4646558	92.5882182	2.12356238	0	0	0	0	0	3
70	49	0	0.866600722	90.6630438	90.7436008	90.4646558	92.2129876	1.74833172	0	0	0	0	0	3
71	49	0	0.878980732	90.6756191	90.706104	90.4646558	91.8131481	1.34849228	0	0	0	0	0	3
72	50	0	0.891360743	90.7066489	90.6791162	90.4646558	91.4072268	0.942570989	0	0	0	0	0	3
73	51	0	0.903740753	90.7132241	90.6621893	90.4646558	91.1532673	0.688611469	0	0	0	0	0	3
74	51	0	0.916120763	90.8167035	90.6539804	90.4646558	90.9552305	0.490574649	0	0	0	0	0	3
75	51	0	0.928500774	90.7854869	90.6498403	90.4646558	90.8456656	0.381009748	0	0	0	0	0	3
76	52	0	0.940880784	90.7350646	90.6493172	90.4646558	90.8456656	0.381009748	0	0	0	0	0	3
77	52	0	0.953260794	90.5675607	90.6452112	90.4646558	90.8456656	0.381009748	0	0	0	0	0	3
78	53	0	0.965640805	90.4561621	90.6396832	90.4561621	90.8456656	0.389503469	0	0	0	0	0	3
79	53	0	0.978020815	90.293796	90.6295864	90.293796	90.8456656	0.551869602	0	0	0	0	0	3
80	53	0	0.990400825	90.3294406	90.6201548	90.293796	90.8456656	0.551869602	0	0	0	0	0	3
81	54	0	1.00278084	90.1315312	90.6060588	90.1315312	90.8456656	0.714134413	4.20489638	0	100	0	0	3
82	54	0	1.01516085	90.2671583	90.5963186	90.1315312	90.8456656	0.714134413	4.20489638	0	100	0	0	3
83	55	0	1.02754086	90.2049926	90.586012	90.1315312	90.8456656	0.714134413	4.20489638	0	100	0	0	3
84	55	0	1.03992087	90.1693228	90.5788068	90.1315312	90.8456656	0.714134413	4.20489638	0	100	0	0	3
85	56	0	1.05230088	89.9876881	90.5629535	89.9876881	90.8456656	0.857977458	4.20489638	0	100	0	0	3
86	56	0	1.06468089	90.1027152	90.5530175	89.9876881	90.8456656	0.857977458	4.20489638	0	100	0	0	3
87	56	0	1.0770609	89.9717008	90.5407094	89.9717008	90.8456656	0.873964834	4.20489638	0	100	0	0	3
88	57	0	1.08944091	90.0103507	90.5242639	89.9717008	90.8456656	0.873964834	4.20489638	0	100	0	0	3
89	57	0	1.10182092	89.8344843	90.501762	89.8344843	90.8456656	1.01118133	4.20489638	0	100	0	0	3
90	58	0	1.11420093	89.8611528	90.4791471	89.8344843	90.8456656	1.01118133	4.20489638	0	100	0	0	3
91	58	0	1.12658094	89.8534107	90.458866	89.8344843	90.8456656	1.01118133	4.20489638	0	100	0	0	3
92	58	0	1.13896095	89.9127089	90.4384229	89.8344843	90.8456656	1.01118133	4.20489638	0	100	0	0	3
93	59	0	1.15134096	89.8504695	90.4141498	89.8344843	90.8167035	0.982219248	4.20489638	0	100	0	0	3
94	59	0	1.16372097	90.0326895	90.395939	89.8344843	90.8167035	0.982219248	4.20489638	0	100	0	0	3
95	60	0	1.17610098	89.9534576	90.3802373	89.8344843	90.8167035	0.982219248	4.20489638	0	100	0	0	3
96	60	0	1.18848099	90.1630134	90.3710848	89.8344843	90.8167035	0.982219248	4.20489638	0	100	0	0	3
97	61	0	1.200861	90.1916486	90.3618176	89.8344843	90.8167035	0.982219248	4.20489638	0	100	0	0	3
98	61	0	1.21324101	90.395396	90.3563096	89.8344843	90.8167035	0.982219248	4.20489638	0	100	0	0	3
