Iteration	CPUTime	PhysTime	Travels	Value	AvValue	MinValue	MaxValue	Delta	Criteria	PrevAvRefValue	Progress	CriteriaType	CriteriaVarType	CriteriaPercentage
1	2	0	0.0123800103	11.0929336	11.0929336	11.0929336	11.0929336	0	0	0	0	0	0	3
2	2	0	0.0247600206	9.95506	10.5239968	9.95506	11.0929336	0.568936824	0	0	0	0	0	3
3	3	0	0.0371400309	9.34335489	10.1304495	9.34335489	11.0929336	0.962484134	0	0	0	0	0	3
4	3	0	0.0495200413	10.2170754	10.152106	9.34335489	11.0929336	0.962484134	0	0	0	0	0	3
5	4	0	0.0619000516	12.0276631	10.5272174	9.34335489	12.0276631	0.962484134	0	0	0	0	0	3
6	4	0	0.0742800619	13.9894375	11.1042541	9.34335489	13.9894375	0.973804578	0	0	0	0	0	3
7	5	0	0.0866600722	15.1941833	11.6885297	9.34335489	15.1941833	1.55808018	0	0	0	0	0	3
8	5	0	0.0990400825	15.5774708	12.1746473	9.34335489	15.5774708	2.04419783	0	0	0	0	0	3
9	6	0	0.111420093	15.2237304	12.5134343	9.34335489	15.5774708	2.38298484	0	0	0	0	0	3
10	6	0	0.123800103	14.3081253	12.6929034	9.34335489	15.5774708	2.56245393	0	0	0	0	0	3
11	7	0	0.136180113	12.5922508	12.6837532	9.34335489	15.5774708	2.56245393	0	0	0	0	0	3
12	7	0	0.148560124	10.8331679	12.5295378	9.34335489	15.5774708	2.56245393	0	0	0	0	0	3
13	7	0	0.160940134	9.92802652	12.3294215	9.34335489	15.5774708	2.56245393	0	0	0	0	0	3
14	8	0	0.173320144	10.0978232	12.1700216	9.34335489	15.5774708	2.56245393	0	0	0	0	0	3
15	9	0	0.185700155	10.2042768	12.038972	9.34335489	15.5774708	2.56245393	0	0	0	0	0	3
16	9	0	0.198080165	10.3953932	11.9362483	9.34335489	15.5774708	2.56245393	0	0	0	0	0	3
17	10	0	0.210460175	10.492112	11.8512991	9.34335489	15.5774708	2.56245393	0	0	0	0	0	3
18	10	0	0.222840186	10.42374	11.7719903	9.34335489	15.5774708	2.56245393	0	0	0	0	0	3
19	11	0	0.235220196	10.4030986	11.6999433	9.34335489	15.5774708	2.56245393	0	0	0	0	0	3
20	11	0	0.247600206	10.4565379	11.6377731	9.34335489	15.5774708	2.56245393	0	0	0	0	0	3
21	12	0	0.259980217	10.5065602	11.5839058	9.34335489	15.5774708	2.56245393	0	0	0	0	0	3
22	12	0	0.272360227	11.0151478	11.5580531	9.34335489	15.5774708	2.56245393	0	0	0	0	0	3
23	13	0	0.284740237	11.2802525	11.5459749	9.34335489	15.5774708	2.56245393	0	0	0	0	0	3
24	13	0	0.297120248	11.3195284	11.5365396	9.34335489	15.5774708	2.56245393	0	0	0	0	0	3
25	14	0	0.309500258	11.1930158	11.5227986	9.34335489	15.5774708	2.56245393	0	0	0	0	0	3
26	14	0	0.321880268	10.9289751	11.4999593	9.34335489	15.5774708	2.56245393	0	0	0	0	0	3
27	15	0	0.334260278	10.6620104	11.4689241	9.34335489	15.5774708	2.56245393	0	0	0	0	0	3
28	15	0	0.346640289	10.4060742	11.4309652	9.34335489	15.5774708	2.56245393	0	0	0	0	0	3
29	16	0	0.359020299	10.1931486	11.3882819	9.34335489	15.5774708	2.56245393	0	0	0	0	0	3
30	16	0	0.371400309	10.2125384	11.3490904	9.34335489	15.5774708	2.56245393	0	0	0	0	0	3
31	17	0	0.38378032	10.0966456	11.308689	9.34335489	15.5774708	2.56245393	0	0	0	0	0	3
32	18	0	0.39616033	10.2153601	11.2745225	9.34335489	15.5774708	2.56245393	0	0	0	0	0	3
33	19	0	0.40854034	10.274697	11.2442247	9.34335489	15.5774708	2.56245393	0	0	0	0	0	3
34	19	0	0.420920351	10.1568656	11.2122436	9.34335489	15.5774708	2.56245393	0	0	0	0	0	3
35	20	0	0.433300361	10.0868408	11.1800892	9.34335489	15.5774708	2.56245393	0	0	0	0	0	3
36	21	0	0.445680371	10.2042885	11.1529836	9.34335489	15.5774708	2.56245393	0	0	0	0	0	3
37	22	0	0.458060382	10.0938948	11.1243596	9.34335489	15.5774708	2.56245393	0	0	0	0	0	3
38	23	0	0.470440392	10.1263738	11.0980968	9.34335489	15.5774708	2.56245393	0	0	0	0	0	3
39	24	0	0.482820402	10.1681231	11.0742513	9.34335489	15.5774708	2.56245393	0	0	0	0	0	3
40	26	0	0.495200413	10.1671108	11.0515728	9.34335489	15.5774708	2.56245393	0	0	0	0	0	3
41	28	0	0.507580423	10.1818895	11.030361	9.34335489	15.5774708	2.56245393	0	0	0	0	0	3
42	29	0	0.519960433	10.1764385	11.0080075	9.34335489	15.5774708	2.56245393	0	0	0	0	0	3
43	30	0	0.532340444	10.1730085	11.0133233	9.34335489	15.5774708	2.56245393	0	0	0	0	0	3
44	31	0	0.544720454	10.1802666	11.0337358	9.92802652	15.5774708	2.54079745	0	0	0	0	0	3
45	31	0	0.557100464	10.1858392	11.0329739	9.92802652	15.5774708	2.16568603	0	0	0	0	0	3
46	32	0	0.569480474	10.1838133	10.988002	9.92802652	15.5774708	1.70490145	0	0	0	0	0	3
47	33	0	0.581860485	10.1887075	10.8953013	9.92802652	15.5774708	1.79760218	0	0	0	0	0	3
48	34	0	0.594240495	10.2031026	10.7735676	9.92802652	15.5774708	1.91933586	0	0	0	0	0	3
49	34	0	0.606620505	10.2033623	10.6424918	9.92802652	15.2237304	2.05041168	0	0	0	0	0	3
50	35	0	0.619000516	10.2013581	10.5199949	9.92802652	14.3081253	2.17290856	0	0	0	0	0	3
51	35	0	0.631380526	10.2142823	10.420145	9.92802652	12.5922508	2.26360815	0	0	0	0	0	3
52	36	0	0.643760536	10.2112092	10.3620709	9.92802652	11.3195284	1.39150189	0	0	0	0	0	3
53	37	0	0.656140547	10.2175	10.3470546	9.92802652	11.3195284	1.39150189	0	0	0	0	0	3
54	37	0	0.668520557	10.2277631	10.3543652	10.0868408	11.3195284	1.23268762	0	0	0	0	0	3
55	38	0	0.680900567	10.2225696	10.3574078	10.0868408	11.3195284	1.23268762	0	0	0	0	0	3
56	39	0	0.693280578	10.2206508	10.3578072	10.0868408	11.3195284	1.23268762	0	0	0	0	0	3
57	39	0	0.705660588	10.2323798	10.3538312	10.0868408	11.3195284	1.23268762	0	0	0	0	0	3
58	40	0	0.718040598	10.2289531	10.3474127	10.0868408	11.3195284	1.23268762	0	0	0	0	0	3
59	41	0	0.730420609	10.2326123	10.3427511	10.0868408	11.3195284	1.23268762	0	0	0	0	0	3
60	42	0	0.742800619	10.241186	10.338802	10.0868408	11.3195284	1.23268762	0	0	0	0	0	3
61	42	0	0.755180629	10.2390328	10.333497	10.0868408	11.3195284	1.23268762	0	0	0	0	0	3
62	43	0	0.76756064	10.2378905	10.3269441	10.0868408	11.3195284	1.23110907	0	0	0	0	0	3
63	44	0	0.77994065	10.2520146	10.3083311	10.0868408	11.3195284	1.23268762	0	0	0	0	0	3
64	45	0	0.79232066	10.2494801	10.2831903	10.0868408	11.3195284	1.23268762	0	0	0	0	0	3
65	45	0	0.80470067	10.2524834	10.2571648	10.0868408	11.1930158	1.10617504	0	0	0	0	0	3
66	46	0	0.817080681	10.2625707	10.234471	10.0868408	10.9289751	0.842134326	0	0	0	0	0	3
67	47	0	0.829460691	10.2598772	10.2181515	10.0868408	10.6620104	0.575169646	0	0	0	0	0	3
68	47	0	0.841840701	10.2591756	10.2083263	10.0868408	10.4060742	0.319233401	0	0	0	0	0	3
69	48	0	0.854220712	10.267691	10.2049511	10.0868408	10.274697	0.187856198	0	0	0	0	0	3
70	49	0	0.866600722	10.2610016	10.2066061	10.0868408	10.274697	0.187856198	0	0	0	0	0	3
71	49	0	0.878980732	10.264463	10.2078725	10.0868408	10.274697	0.187856198	0	0	0	0	0	3
72	50	0	0.891360743	10.2736408	10.2121895	10.0868408	10.274697	0.187856198	0	0	0	0	0	3
73	51	0	0.903740753	10.2718526	10.2135673	10.0868408	10.274697	0.187856198	0	0	0	0	0	3
74	51	0	0.916120763	10.2719438	10.2135002	10.0868408	10.2736408	0.186799985	0	0	0	0	0	3
75	51	0	0.928500774	10.2748769	10.2163785	10.0868408	10.2748769	0.188036069	0	0	0	0	0	3
76	52	0	0.940880784	10.2681419	10.2208005	10.0938948	10.2748769	0.180982066	0	0	0	0	0	3
77	52	0	0.953260794	10.2616817	10.2222003	10.0938948	10.2748769	0.180982066	0	0	0	0	0	3
78	53	0	0.965640805	10.268576	10.2264608	10.1263738	10.2748769	0.148503022	0	0	0	0	0	3
79	53	0	0.978020815	10.2592413	10.2297015	10.1671108	10.2748769	0.107766109	0	0	0	0	0	3
80	53	0	0.990400825	10.2562272	10.2318504	10.1671108	10.2748769	0.107766109	0	0	0	0	0	3
81	54	0	1.00278084	10.2577882	10.234062	10.1730085	10.2748769	0.10186837	0.187023478	0	100	0	0	3
82	54	0	1.01516085	10.2453808	10.2356106	10.1730085	10.2748769	0.10186837	0.187023478	0	100	0	0	3
83	55	0	1.02754086	10.2372674	10.2370942	10.1730085	10.2748769	0.10186837	0.187023478	0	100	0	0	3
84	55	0	1.03992087	10.2440805	10.2388277	10.1802666	10.2748769	0.0946102773	0.187023478	0	100	0	0	3
85	56	0	1.05230088	10.2316044	10.2400798	10.1838133	10.2748769	0.0910635348	0.187023478	0	100	0	0	3
86	56	0	1.06468089	10.23052	10.2411696	10.1838133	10.2748769	0.0910635348	0.187023478	0	100	0	0	3
87	56	0	1.0770609	10.2341183	10.2423966	10.1887075	10.2748769	0.0861693375	0.187023478	0	100	0	0	3
88	57	0	1.08944091	10.2317562	10.2434465	10.2013581	10.2748769	0.0735187799	0.187023478	0	100	0	0	3
89	57	0	1.10182092	10.2303306	10.2441106	10.2013581	10.2748769	0.0735187799	0.187023478	0	100	0	0	3
90	58	0	1.11420093	10.2420858	10.2450551	10.2013581	10.2748769	0.0735187799	0.187023478	0	100	0	0	3
91	58	0	1.12658094	10.2333346	10.245835	10.2112092	10.2748769	0.0636676766	0.187023478	0	100	0	0	3
92	58	0	1.13896095	10.2319843	10.2462668	10.2112092	10.2748769	0.0636676766	0.187023478	0	100	0	0	3
93	59	0	1.15134096	10.2409614	10.2469924	10.2175	10.2748769	0.0573768578	0.187023478	0	100	0	0	3
94	59	0	1.16372097	10.2393581	10.2475256	10.2206508	10.2748769	0.0542260334	0.187023478	0	100	0	0	3
95	60	0	1.17610098	10.235125	10.2477051	10.2206508	10.2748769	0.0542260334	0.187023478	0	100	0	0	3
96	60	0	1.18848099	10.2460163	10.248277	10.2206508	10.2748769	0.0542260334	0.187023478	0	100	0	0	3
97	61	0	1.200861	10.2355096	10.2486394	10.2289531	10.2748769	0.045923753	0.187023478	0	100	0	0	3
98	61	0	1.21324101	10.2346666	10.2486952	10.2289531	10.2748769	0.045923753	0.187023478	0	100	0	0	3
