Iteration	CPUTime	PhysTime	Travels	Value	AvValue	MinValue	MaxValue	Delta	Criteria	PrevAvRefValue	Progress	CriteriaType	CriteriaVarType	CriteriaPercentage
1	2	0	0.0123800103	34.7621666	34.7621666	34.7621666	34.7621666	0	0	0	0	0	0	3
2	2	0	0.0247600206	34.5354675	34.648817	34.5354675	34.7621666	0.11334956	0	0	0	0	0	3
3	3	0	0.0371400309	34.5671601	34.6215981	34.5354675	34.7621666	0.140568539	0	0	0	0	0	3
4	3	0	0.0495200413	34.3816165	34.5616027	34.3816165	34.7621666	0.200563925	0	0	0	0	0	3
5	4	0	0.0619000516	34.1938197	34.4880461	34.1938197	34.7621666	0.274120515	0	0	0	0	0	3
6	4	0	0.0742800619	34.0363314	34.4127603	34.0363314	34.7621666	0.349406289	0	0	0	0	0	3
7	5	0	0.0866600722	34.3816691	34.4083187	34.0363314	34.7621666	0.353847896	0	0	0	0	0	3
8	5	0	0.0990400825	34.6818823	34.4425142	34.0363314	34.7621666	0.353847896	0	0	0	0	0	3
9	6	0	0.111420093	34.9394825	34.4977329	34.0363314	34.9394825	0.353847896	0	0	0	0	0	3
10	6	0	0.123800103	35.1316628	34.5611259	34.0363314	35.1316628	0.353847896	0	0	0	0	0	3
11	7	0	0.136180113	35.2958516	34.6279191	34.0363314	35.2958516	0.353847896	0	0	0	0	0	3
12	7	0	0.148560124	35.3669054	34.6895013	34.0363314	35.3669054	0.353847896	0	0	0	0	0	3
13	7	0	0.160940134	35.3690303	34.7417728	34.0363314	35.3690303	0.353847896	0	0	0	0	0	3
14	8	0	0.173320144	35.2884029	34.7808178	34.0363314	35.3690303	0.372499061	0	0	0	0	0	3
15	9	0	0.185700155	35.1794922	34.8073961	34.0363314	35.3690303	0.399077359	0	0	0	0	0	3
16	9	0	0.198080165	34.9935559	34.8190311	34.0363314	35.3690303	0.410712348	0	0	0	0	0	3
17	10	0	0.210460175	34.8315234	34.8197659	34.0363314	35.3690303	0.411447192	0	0	0	0	0	3
18	10	0	0.222840186	34.6800071	34.8120015	34.0363314	35.3690303	0.411447192	0	0	0	0	0	3
19	11	0	0.235220196	34.5717997	34.7993593	34.0363314	35.3690303	0.411447192	0	0	0	0	0	3
20	11	0	0.247600206	34.45315	34.7820489	34.0363314	35.3690303	0.411447192	0	0	0	0	0	3
21	12	0	0.259980217	34.3719212	34.762519	34.0363314	35.3690303	0.411447192	0	0	0	0	0	3
22	12	0	0.272360227	34.2775187	34.7404735	34.0363314	35.3690303	0.411447192	0	0	0	0	0	3
23	13	0	0.284740237	34.2251161	34.7180667	34.0363314	35.3690303	0.411447192	0	0	0	0	0	3
24	13	0	0.297120248	34.166449	34.6950826	34.0363314	35.3690303	0.411447192	0	0	0	0	0	3
25	14	0	0.309500258	34.1338473	34.6726332	34.0363314	35.3690303	0.411447192	0	0	0	0	0	3
26	14	0	0.321880268	34.1052862	34.6508121	34.0363314	35.3690303	0.411447192	0	0	0	0	0	3
27	15	0	0.334260278	34.1122037	34.6308637	34.0363314	35.3690303	0.411447192	0	0	0	0	0	3
28	15	0	0.346640289	34.1034631	34.6120279	34.0363314	35.3690303	0.411447192	0	0	0	0	0	3
29	16	0	0.359020299	34.1328171	34.5955034	34.0363314	35.3690303	0.411447192	0	0	0	0	0	3
30	16	0	0.371400309	34.1260495	34.579855	34.0363314	35.3690303	0.411447192	0	0	0	0	0	3
31	17	0	0.38378032	34.1558896	34.5661787	34.0363314	35.3690303	0.411447192	0	0	0	0	0	3
32	18	0	0.39616033	34.1364163	34.5527486	34.0363314	35.3690303	0.411447192	0	0	0	0	0	3
33	19	0	0.40854034	34.1769684	34.5413613	34.0363314	35.3690303	0.411447192	0	0	0	0	0	3
34	19	0	0.420920351	34.1519588	34.5299083	34.0363314	35.3690303	0.411447192	0	0	0	0	0	3
35	20	0	0.433300361	34.1918641	34.5202499	34.0363314	35.3690303	0.411447192	0	0	0	0	0	3
36	21	0	0.445680371	34.159516	34.5102295	34.0363314	35.3690303	0.411447192	0	0	0	0	0	3
37	22	0	0.458060382	34.2044938	34.5019664	34.0363314	35.3690303	0.411447192	0	0	0	0	0	3
38	23	0	0.470440392	34.1609464	34.4929922	34.0363314	35.3690303	0.411447192	0	0	0	0	0	3
39	24	0	0.482820402	34.2381895	34.4864588	34.0363314	35.3690303	0.411447192	0	0	0	0	0	3
40	26	0	0.495200413	34.1370492	34.4777235	34.0363314	35.3690303	0.411447192	0	0	0	0	0	3
41	28	0	0.507580423	34.2149884	34.4713153	34.0363314	35.3690303	0.411447192	0	0	0	0	0	3
42	29	0	0.519960433	34.1371737	34.4560716	34.0363314	35.3690303	0.411447192	0	0	0	0	0	3
43	30	0	0.532340444	34.2133664	34.4482155	34.0363314	35.3690303	0.411447192	0	0	0	0	0	3
44	31	0	0.544720454	34.1764232	34.4386853	34.0363314	35.3690303	0.411447192	0	0	0	0	0	3
45	31	0	0.557100464	34.1933961	34.4340946	34.0363314	35.3690303	0.411447192	0	0	0	0	0	3
46	32	0	0.569480474	34.1419684	34.4328299	34.0363314	35.3690303	0.411447192	0	0	0	0	0	3
47	33	0	0.581860485	34.213266	34.4371454	34.1034631	35.3690303	0.411447192	0	0	0	0	0	3
48	34	0	0.594240495	34.1547864	34.4316117	34.1034631	35.3690303	0.388154224	0	0	0	0	0	3
49	34	0	0.606620505	34.2476079	34.4210196	34.1034631	35.3690303	0.398746283	0	0	0	0	0	3
50	35	0	0.619000516	34.1436482	34.401609	34.1034631	35.3690303	0.418156874	0	0	0	0	0	3
51	35	0	0.631380526	34.2129395	34.3792011	34.1034631	35.3690303	0.440564758	0	0	0	0	0	3
52	36	0	0.643760536	34.145039	34.3511325	34.1034631	35.3690303	0.468633359	0	0	0	0	0	3
53	37	0	0.656140547	34.2173367	34.3230943	34.1034631	35.3690303	0.496671622	0	0	0	0	0	3
54	37	0	0.668520557	34.1729253	34.293921	34.1034631	35.2884029	0.525844915	0	0	0	0	0	3
55	38	0	0.680900567	34.188271	34.2670885	34.1034631	35.1794922	0.5526774	0	0	0	0	0	3
56	39	0	0.693280578	34.1483011	34.2419375	34.1034631	34.9935559	0.577828403	0	0	0	0	0	3
57	39	0	0.705660588	34.1966201	34.2225	34.1034631	34.8315234	0.597265862	0	0	0	0	0	3
58	40	0	0.718040598	34.1480577	34.2058301	34.1034631	34.6800071	0.576544064	0	0	0	0	0	3
59	41	0	0.730420609	34.2298331	34.1948503	34.1034631	34.5717997	0.468336665	0	0	0	0	0	3
60	42	0	0.742800619	34.1231056	34.1839065	34.1034631	34.45315	0.349686899	0	0	0	0	0	3
61	42	0	0.755180629	34.2086825	34.1779439	34.1034631	34.3719212	0.268458107	0	0	0	0	0	3
62	43	0	0.76756064	34.1374419	34.1722249	34.1034631	34.2775187	0.174055601	0	0	0	0	0	3
63	44	0	0.77994065	34.2042159	34.170437	34.1034631	34.2476079	0.144144832	0	0	0	0	0	3
64	45	0	0.79232066	34.1775972	34.169278	34.1034631	34.2476079	0.144144832	0	0	0	0	0	3
65	45	0	0.80470067	34.1989802	34.1700715	34.1034631	34.2476079	0.144144832	0	0	0	0	0	3
66	46	0	0.817080681	34.1479958	34.1704166	34.1034631	34.2476079	0.144144832	0	0	0	0	0	3
67	47	0	0.829460691	34.1986344	34.1726933	34.1034631	34.2476079	0.144144832	0	0	0	0	0	3
68	47	0	0.841840701	34.1735764	34.1741902	34.1034631	34.2476079	0.144144832	0	0	0	0	0	3
69	48	0	0.854220712	34.2470212	34.1776917	34.1231056	34.2476079	0.124502291	0	0	0	0	0	3
70	49	0	0.866600722	34.1557302	34.1782505	34.1231056	34.2476079	0.124502291	0	0	0	0	0	3
71	49	0	0.878980732	34.2298556	34.1807824	34.1231056	34.2476079	0.124502291	0	0	0	0	0	3
72	50	0	0.891360743	34.1659546	34.1810279	34.1231056	34.2476079	0.124502291	0	0	0	0	0	3
73	51	0	0.903740753	34.2279957	34.1832615	34.1231056	34.2476079	0.124502291	0	0	0	0	0	3
74	51	0	0.916120763	34.2021302	34.1838752	34.1231056	34.2476079	0.124502291	0	0	0	0	0	3
75	51	0	0.928500774	34.2161999	34.1854421	34.1231056	34.2476079	0.124502291	0	0	0	0	0	3
76	52	0	0.940880784	34.1733285	34.18499	34.1231056	34.2476079	0.124502291	0	0	0	0	0	3
77	52	0	0.953260794	34.2320945	34.1867602	34.1231056	34.2476079	0.124502291	0	0	0	0	0	3
78	53	0	0.965640805	34.1905442	34.18642	34.1231056	34.2476079	0.124502291	0	0	0	0	0	3
79	53	0	0.978020815	34.275241	34.1892076	34.1231056	34.275241	0.152135405	0	0	0	0	0	3
80	53	0	0.990400825	34.1739005	34.1876396	34.1231056	34.275241	0.152135405	0	0	0	0	0	3
81	54	0	1.00278084	34.2420493	34.1902006	34.1231056	34.275241	0.152135405	0.0399809654	0	26.2	0	0	3
82	54	0	1.01516085	34.1689218	34.189077	34.1231056	34.275241	0.152135405	0.0399809654	0	26.2	0	0	3
83	55	0	1.02754086	34.2354118	34.1914731	34.1231056	34.275241	0.152135405	0.0399809654	0	26.2	0	0	3
84	55	0	1.03992087	34.2051065	34.1912716	34.1231056	34.275241	0.152135405	0.0399809654	0	26.2	0	0	3
85	56	0	1.05230088	34.218587	34.1923	34.1231056	34.275241	0.152135405	0.0399809654	0	26.2	0	0	3
86	56	0	1.06468089	34.1704477	34.1917403	34.1231056	34.275241	0.152135405	0.0399809654	0	26.2	0	0	3
87	56	0	1.0770609	34.2201791	34.1936478	34.1231056	34.275241	0.152135405	0.0399809654	0	26.2	0	0	3
88	57	0	1.08944091	34.1819333	34.1928836	34.1231056	34.275241	0.152135405	0.0399809654	0	26.2	0	0	3
89	57	0	1.10182092	34.2621627	34.1955026	34.1231056	34.275241	0.152135405	0.0399809654	0	26.2	0	0	3
90	58	0	1.11420093	34.149481	34.1931092	34.1231056	34.275241	0.152135405	0.0399809654	0	26.2	0	0	3
91	58	0	1.12658094	34.2216582	34.1950119	34.1231056	34.275241	0.152135405	0.0399809654	0	26.2	0	0	3
92	58	0	1.13896095	34.1607162	34.1937382	34.1231056	34.275241	0.152135405	0.0399809654	0	26.2	0	0	3
93	59	0	1.15134096	34.2317718	34.1958536	34.1231056	34.275241	0.152135405	0.0399809654	0	26.2	0	0	3
94	59	0	1.16372097	34.2054506	34.1955637	34.1231056	34.275241	0.124642955	0.0399809654	0	32	0	0	3
95	60	0	1.17610098	34.2184346	34.1966737	34.1231056	34.275241	0.0978104701	0.0399809654	0	40.8	0	0	3
96	60	0	1.18848099	34.1669455	34.1961535	34.1231056	34.275241	0.0726594676	0.0399809654	0	55	0	0	3
97	61	0	1.200861	34.2200248	34.1979029	34.1231056	34.275241	0.0532220085	0.0399809654	0	75.1	0	0	3
98	61	0	1.21324101	34.1963262	34.1978957	34.1231056	34.275241	0.036552113	0.0399809654	0	100	0	0	3
