Iteration	CPUTime	PhysTime	Travels	Value	AvValue	MinValue	MaxValue	Delta	Criteria	PrevAvRefValue	Progress	CriteriaType	CriteriaVarType	CriteriaPercentage
1	9	0	0.0116921313	-4606.43447	-4606.43447	-4606.43447	-4606.43447	0	0	0	0	0	0	3
2	10	0	0.0233842626	-362.453434	-2484.44395	-4606.43447	-362.453434	2121.99052	0	0	0	0	0	3
3	11	0	0.0350763939	-104.39294	-1691.09362	-4606.43447	-104.39294	2915.34086	0	0	0	0	0	3
4	12	0	0.0467685252	-63.6614473	-1284.23557	-4606.43447	-63.6614473	3322.1989	0	0	0	0	0	3
5	13	0	0.0584606565	-76.548577	-1042.69817	-4606.43447	-63.6614473	3563.7363	0	0	0	0	0	3
6	16	0	0.0701527878	-58.9357555	-878.737771	-4606.43447	-58.9357555	3727.6967	0	0	0	0	0	3
7	17	0	0.0818449191	-68.819905	-763.035219	-4606.43447	-58.9357555	3843.39926	0	0	0	0	0	3
8	18	0	0.0935370504	-55.7375239	-674.623007	-4606.43447	-55.7375239	3931.81147	0	0	0	0	0	3
9	19	0	0.105229182	-63.6148729	-606.733214	-4606.43447	-55.7375239	3999.70126	0	0	0	0	0	3
10	20	0	0.116921313	-53.8009853	-551.439992	-4606.43447	-53.8009853	4054.99448	0	0	0	0	0	3
11	21	0	0.128613444	-60.0505797	-506.768227	-4606.43447	-53.8009853	4099.66625	0	0	0	0	0	3
12	22	0	0.140305576	-52.7717409	-468.935186	-4606.43447	-52.7717409	4137.49929	0	0	0	0	0	3
13	23	0	0.151997707	-57.1692962	-437.260887	-4606.43447	-52.7717409	4169.17359	0	0	0	0	0	3
14	24	0	0.163689838	-52.1858702	-409.755529	-4606.43447	-52.1858702	4196.67895	0	0	0	0	0	3
15	25	0	0.175381969	-55.4117694	-386.132611	-4606.43447	-52.1858702	4220.30186	0	0	0	0	0	3
16	26	0	0.187074101	-52.0999956	-365.255573	-4606.43447	-52.0999956	4241.1789	0	0	0	0	0	3
17	27	0	0.198766232	-53.5053505	-346.917325	-4606.43447	-52.0999956	4259.51715	0	0	0	0	0	3
18	28	0	0.210458363	-51.8470002	-330.524529	-4606.43447	-51.8470002	4275.90995	0	0	0	0	0	3
19	29	0	0.222150495	-52.4249385	-315.887708	-4606.43447	-51.8470002	4290.54677	0	0	0	0	0	3
20	29	0	0.233842626	-51.2888571	-302.657766	-4606.43447	-51.2888571	4303.77671	0	0	0	0	0	3
21	30	0	0.245534757	-51.1988514	-290.683532	-4606.43447	-51.1988514	4315.75094	0	0	0	0	0	3
22	31	0	0.257226889	-50.7153766	-279.775888	-4606.43447	-50.7153766	4326.65859	0	0	0	0	0	3
23	32	0	0.26891902	-50.4495473	-269.805178	-4606.43447	-50.4495473	4336.6293	0	0	0	0	0	3
24	33	0	0.280611151	-49.8639585	-260.64096	-4606.43447	-49.8639585	4345.79351	0	0	0	0	0	3
25	37	0	0.292303282	-49.5459227	-252.197159	-4606.43447	-49.5459227	4354.23732	0	0	0	0	0	3
26	38	0	0.303995414	-49.1807711	-244.388836	-4606.43447	-49.1807711	4362.04564	0	0	0	0	0	3
27	39	0	0.315687545	-48.4398593	-237.131467	-4606.43447	-48.4398593	4369.30301	0	0	0	0	0	3
28	40	0	0.327379676	-48.1462313	-230.381994	-4606.43447	-48.1462313	4376.05248	0	0	0	0	0	3
29	41	0	0.339071808	-47.667368	-224.08149	-4606.43447	-47.667368	4382.35298	0	0	0	0	0	3
30	42	0	0.350763939	-47.2802433	-218.188115	-4606.43447	-47.2802433	4388.24636	0	0	0	0	0	3
31	43	0	0.36245607	-47.0424242	-212.667286	-4606.43447	-47.0424242	4393.76719	0	0	0	0	0	3
32	44	0	0.374148201	-46.7597245	-207.482675	-4606.43447	-46.7597245	4398.9518	0	0	0	0	0	3
33	45	0	0.385840333	-46.4143337	-202.601816	-4606.43447	-46.4143337	4403.83266	0	0	0	0	0	3
34	46	0	0.397532464	-46.2948989	-198.004554	-4606.43447	-46.2948989	4408.42992	0	0	0	0	0	3
35	47	0	0.409224595	-46.1866919	-193.6669	-4606.43447	-46.1866919	4412.76757	0	0	0	0	0	3
36	48	0	0.420916727	-46.1274394	-189.568582	-4606.43447	-46.1274394	4416.86589	0	0	0	0	0	3
37	49	0	0.432608858	-46.2053638	-185.693901	-4606.43447	-46.1274394	4420.74057	0	0	0	0	0	3
38	50	0	0.444300989	-46.1754287	-182.022362	-4606.43447	-46.1274394	4424.41211	0	0	0	0	0	3
39	51	0	0.455993121	-46.1663966	-178.538875	-4606.43447	-46.1274394	4427.8956	0	0	0	0	0	3
40	52	0	0.467685252	-46.2056828	-175.230546	-4606.43447	-46.1274394	4431.20393	0	0	0	0	0	3
41	53	0	0.479377383	-46.2255202	-172.084082	-4606.43447	-46.1274394	4434.35039	0	0	0	0	0	3
42	54	0	0.491069514	-46.2994306	-169.089209	-4606.43447	-46.1274394	4437.34527	0	0	0	0	0	3
43	55	0	0.502761646	-46.3365402	-166.234496	-4606.43447	-46.1274394	4440.19998	0	0	0	0	0	3
44	59	0	0.514453777	-46.4667929	-60.1887357	-362.453434	-46.1274394	316.325995	0	0	0	0	0	3
45	60	0	0.526145908	-46.4985311	-52.8409473	-104.39294	-46.1274394	58.2655006	0	0	0	0	0	3
46	61	0	0.53783804	-46.4691651	-51.4938828	-76.548577	-46.1274394	30.4211375	0	0	0	0	0	3
47	62	0	0.549530171	-46.4875139	-51.094489	-76.548577	-46.1274394	30.4211375	0	0	0	0	0	3
48	63	0	0.561222302	-46.4004842	-50.3933705	-68.819905	-46.1274394	22.6924656	0	0	0	0	0	3
49	64	0	0.572914434	-46.3416412	-50.1004842	-68.819905	-46.1274394	22.6924656	0	0	0	0	0	3
50	65	0	0.584606565	-46.2742152	-49.5761658	-63.6148729	-46.1274394	17.4874334	0	0	0	0	0	3
51	66	0	0.596298696	-46.2682799	-49.3559508	-63.6148729	-46.1274394	17.4874334	0	0	0	0	0	3
52	67	0	0.607990827	-46.1367785	-48.9494835	-60.0505797	-46.1274394	13.9231402	0	0	0	0	0	3
53	68	0	0.619682959	-46.0929625	-48.7702272	-60.0505797	-46.0929625	13.9576172	0	0	0	0	0	3
54	69	0	0.63137509	-46.014119	-48.4437978	-57.1692962	-46.014119	11.1551772	0	0	0	0	0	3
55	70	0	0.643067221	-46.0659358	-48.2878489	-57.1692962	-46.014119	11.1551772	0	0	0	0	0	3
56	71	0	0.654759353	-45.9677296	-48.0273473	-55.4117694	-45.9677296	9.44403981	0	0	0	0	0	3
57	72	0	0.666451484	-45.9698544	-47.8827888	-55.4117694	-45.9677296	9.44403981	0	0	0	0	0	3
58	73	0	0.678143615	-45.9174697	-47.6619912	-53.5053505	-45.9174697	7.58788072	0	0	0	0	0	3
59	74	0	0.689835747	-45.926228	-47.5184152	-53.5053505	-45.9174697	7.58788072	0	0	0	0	0	3
60	75	0	0.701527878	-45.8897679	-47.3413086	-52.4249385	-45.8897679	6.53517059	0	0	0	0	0	3
61	76	0	0.713220009	-45.9201506	-47.2034749	-52.4249385	-45.8897679	6.53517059	0	0	0	0	0	3
62	77	0	0.72491214	-45.9425216	-47.052721	-51.2888571	-45.8897679	5.39908915	0	0	0	0	0	3
63	78	0	0.736604272	-46.0016505	-46.9297627	-51.1988514	-45.8897679	5.30908348	0	0	0	0	0	3
64	79	0	0.748296403	-46.0650755	-46.8103726	-50.7153766	-45.8897679	4.82560864	0	0	0	0	0	3
65	80	0	0.759988534	-46.1300754	-46.7037377	-50.4495473	-45.8897679	4.55977935	0	0	0	0	0	3
66	81	0	0.771680666	-46.1570827	-46.6039129	-49.8639585	-45.8897679	3.97419058	0	0	0	0	0	3
67	82	0	0.783372797	-46.1293663	-46.5170619	-49.5459227	-45.8897679	3.65615474	0	0	0	0	0	3
68	83	0	0.795064928	-46.2105584	-46.4394953	-49.1807711	-45.8897679	3.29100313	0	0	0	0	0	3
69	84	0	0.806757059	-46.2265361	-46.3707922	-48.4398593	-45.8897679	2.55009137	0	0	0	0	0	3
70	85	0	0.818449191	-46.2283865	-46.3193626	-48.1462313	-45.8897679	2.25646342	0	0	0	0	0	3
71	86	0	0.830141322	-46.2295695	-46.274789	-47.667368	-45.8897679	1.77760007	0	0	0	0	0	3
72	87	0	0.841833453	-46.2197737	-46.2411241	-47.2802433	-45.8897679	1.39047535	0	0	0	0	0	3
73	88	0	0.853525585	-46.1897445	-46.2157636	-47.0424242	-45.8897679	1.1526563	0	0	0	0	0	3
74	89	0	0.865217716	-46.1593863	-46.1952279	-46.7597245	-45.8897679	0.869956603	0	0	0	0	0	3
75	90	0	0.876909847	-46.1274539	-46.1805239	-46.4985311	-45.8897679	0.608763145	0	0	0	0	0	3
76	91	0	0.888601979	-46.031331	-46.1716169	-46.4985311	-45.8897679	0.608763145	0	0	0	0	0	3
77	92	0	0.90029411	-46.0148784	-46.1651047	-46.4985311	-45.8897679	0.608763145	0	0	0	0	0	3
78	93	0	0.911986241	-45.9895909	-46.160521	-46.4985311	-45.8897679	0.608763145	0	0	0	0	0	3
79	94	0	0.923678372	-46.0165384	-46.1579419	-46.4985311	-45.8897679	0.608763145	0	0	0	0	0	3
80	95	0	0.935370504	-45.9538677	-46.1520932	-46.4985311	-45.8897679	0.608763145	0	0	0	0	0	3
81	96	0	0.947062635	-45.9446742	-46.1467268	-46.4985311	-45.8897679	0.608763145	0	0	0	0	0	3
82	97	0	0.958754766	-45.8835459	-46.1401489	-46.4985311	-45.8835459	0.614985144	0	0	0	0	0	3
83	98	0	0.970446898	-45.9261251	-46.1336475	-46.4985311	-45.8835459	0.614985144	0	0	0	0	0	3
84	99	0	0.982139029	-45.9178075	-46.1264914	-46.4985311	-45.8835459	0.614985144	0	0	0	0	0	3
85	100	0	0.99383116	-45.9679329	-46.1187822	-46.4985311	-45.8835459	0.614985144	0	0	0	0	0	3
86	101	0	1.00552329	-45.9270657	-46.1092595	-46.4985311	-45.8835459	0.614985144	1.75528182	0	100	0	0	3
87	102	0	1.01721542	-45.9630861	-46.0975454	-46.4985311	-45.8835459	0.614985144	1.75528182	0	100	0	0	3
88	103	0	1.02890755	-45.9285816	-46.0842907	-46.4875139	-45.8835459	0.603967963	1.75528182	0	100	0	0	3
89	104	0	1.04059969	-45.9902167	-46.0731524	-46.4875139	-45.8835459	0.603967963	1.75528182	0	100	0	0	3
90	105	0	1.05229182	-45.9484059	-46.060615	-46.4004842	-45.8835459	0.5169383	1.75528182	0	100	0	0	3
91	106	0	1.06398395	-46.0037706	-46.0513891	-46.3416412	-45.8835459	0.458095273	1.75528182	0	100	0	0	3
92	107	0	1.07567608	-46.043598	-46.0444579	-46.2742152	-45.8835459	0.390669323	1.75528182	0	100	0	0	3
93	108	0	1.08736821	-46.0945764	-46.0402802	-46.2682799	-45.8835459	0.38473395	1.75528182	0	100	0	0	3
94	109	0	1.09906034	-46.0401128	-46.034974	-46.2295695	-45.8835459	0.34602361	1.75528182	0	100	0	0	3
95	110	0	1.11075247	-46.0603428	-46.0331964	-46.2295695	-45.8835459	0.34602361	1.75528182	0	100	0	0	3
96	111	0	1.1224446	-46.0414233	-46.0319979	-46.2295695	-45.8835459	0.34602361	1.75528182	0	100	0	0	3
97	112	0	1.13413674	-46.0807007	-46.0335463	-46.2295695	-45.8835459	0.34602361	1.75528182	0	100	0	0	3
98	113	0	1.14582887	-46.0383163	-46.032904	-46.2295695	-45.8835459	0.34602361	1.75528182	0	100	0	0	3
99	118	0	1.157521	-46.0328376	-46.0344181	-46.2295695	-45.8835459	0.34602361	1.75528182	0	100	0	0	3
100	119	0	1.16921313	-46.0255845	-46.0357141	-46.2295695	-45.8835459	0.34602361	1.75528182	0	100	0	0	3
101	124	0	1.18090526	-46.053656	-46.0388813	-46.2295695	-45.8835459	0.34602361	1.75528182	0	100	0	0	3
102	125	0	1.19259739	-45.9777265	-46.0400789	-46.2295695	-45.8835459	0.34602361	1.75528182	0	100	0	0	3
103	126	0	1.20428952	-45.9364082	-46.0411636	-46.2295695	-45.8835459	0.34602361	1.75528182	0	100	0	0	3
104	127	0	1.21598165	-45.9238749	-46.0412502	-46.2295695	-45.8835459	0.34602361	1.75528182	0	100	0	0	3
105	128	0	1.22767379	-45.9512685	-46.0414536	-46.2295695	-45.8835459	0.34602361	1.75528182	0	100	0	0	3
106	129	0	1.23936592	-45.9004799	-46.0391008	-46.2295695	-45.8835459	0.34602361	1.75528182	0	100	0	0	3
