Iteration	CPUTime	PhysTime	Travels	Value	AvValue	MinValue	MaxValue	Delta	Criteria	PrevAvRefValue	Progress	CriteriaType	CriteriaVarType	CriteriaPercentage
1	4	0	0.0101127628	101326.631	101326.631	101326.631	101326.631	0	0	0	0	0	0	3
2	4	0	0.0202255256	101324.902	101325.767	101324.902	101326.631	0.864670992	0	0	0	0	0	3
3	5	0	0.0303382884	101325.065	101325.533	101324.902	101326.631	1.09866463	0	0	0	0	0	3
4	6	0	0.0404510512	101324.985	101325.396	101324.902	101326.631	1.23561774	0	0	0	0	0	3
5	7	0	0.050563814	101325.017	101325.32	101324.902	101326.631	1.31143526	0	0	0	0	0	3
6	7	0	0.0606765768	101324.966	101325.261	101324.902	101326.631	1.37041197	0	0	0	0	0	3
7	8	0	0.0707893396	101325.022	101325.227	101324.902	101326.631	1.40459077	0	0	0	0	0	3
8	9	0	0.0809021024	101324.978	101325.196	101324.902	101326.631	1.43562916	0	0	0	0	0	3
9	9	0	0.0910148652	101325.015	101325.176	101324.902	101326.631	1.45571145	0	0	0	0	0	3
10	10	0	0.101127628	101324.982	101325.156	101324.902	101326.631	1.47509489	0	0	0	0	0	3
11	11	0	0.111240391	101325.009	101325.143	101324.902	101326.631	1.48849818	0	0	0	0	0	3
12	12	0	0.121353154	101324.988	101325.13	101324.902	101326.631	1.50136219	0	0	0	0	0	3
13	12	0	0.131465916	101324.999	101325.12	101324.902	101326.631	1.51146751	0	0	0	0	0	3
14	13	0	0.141578679	101324.985	101325.11	101324.902	101326.631	1.52107898	0	0	0	0	0	3
15	14	0	0.151691442	101324.989	101325.102	101324.902	101326.631	1.52916589	0	0	0	0	0	3
16	14	0	0.161804205	101324.98	101325.095	101324.902	101326.631	1.53677231	0	0	0	0	0	3
17	15	0	0.171916968	101324.98	101325.088	101324.902	101326.631	1.5435371	0	0	0	0	0	3
18	16	0	0.18202973	101324.979	101325.082	101324.902	101326.631	1.5495852	0	0	0	0	0	3
19	17	0	0.192142493	101324.978	101325.076	101324.902	101326.631	1.55504347	0	0	0	0	0	3
20	17	0	0.202255256	101324.975	101325.071	101324.902	101326.631	1.56012148	0	0	0	0	0	3
21	18	0	0.212368019	101324.978	101325.067	101324.902	101326.631	1.56453968	0	0	0	0	0	3
22	19	0	0.222480782	101324.98	101325.063	101324.902	101326.631	1.56846921	0	0	0	0	0	3
23	20	0	0.232593544	101324.979	101325.059	101324.902	101326.631	1.57213075	0	0	0	0	0	3
24	20	0	0.242706307	101324.979	101325.056	101324.902	101326.631	1.57548203	0	0	0	0	0	3
25	21	0	0.25281907	101324.981	101325.053	101324.902	101326.631	1.57847876	0	0	0	0	0	3
26	22	0	0.262931833	101324.984	101325.05	101324.902	101326.631	1.58113437	0	0	0	0	0	3
27	23	0	0.273044595	101324.982	101325.048	101324.902	101326.631	1.58364864	0	0	0	0	0	3
28	24	0	0.283157358	101324.98	101325.045	101324.902	101326.631	1.58606675	0	0	0	0	0	3
29	24	0	0.293270121	101324.975	101325.043	101324.902	101326.631	1.58849024	0	0	0	0	0	3
30	25	0	0.303382884	101324.972	101325.04	101324.902	101326.631	1.59084898	0	0	0	0	0	3
31	26	0	0.313495647	101324.969	101325.038	101324.902	101326.631	1.59317077	0	0	0	0	0	3
32	27	0	0.323608409	101324.958	101325.036	101324.902	101326.631	1.59567626	0	0	0	0	0	3
33	28	0	0.333721172	101324.952	101325.033	101324.902	101326.631	1.59822427	0	0	0	0	0	3
34	29	0	0.343833935	101324.945	101325.031	101324.902	101326.631	1.60081042	0	0	0	0	0	3
35	29	0	0.353946698	101324.94	101325.028	101324.902	101326.631	1.60340628	0	0	0	0	0	3
36	30	0	0.364059461	101324.936	101325.025	101324.902	101326.631	1.60594987	0	0	0	0	0	3
37	31	0	0.374172223	101324.934	101325.023	101324.902	101326.631	1.60841436	0	0	0	0	0	3
38	32	0	0.384284986	101324.933	101325.021	101324.902	101326.631	1.61079212	0	0	0	0	0	3
39	32	0	0.394397749	101324.935	101325.018	101324.902	101326.631	1.61298553	0	0	0	0	0	3
40	33	0	0.404510512	101324.936	101325.016	101324.902	101326.631	1.6150506	0	0	0	0	0	3
41	34	0	0.414623275	101324.94	101325.014	101324.902	101326.631	1.61692306	0	0	0	0	0	3
42	35	0	0.424736037	101324.942	101325.013	101324.902	101326.631	1.6186545	0	0	0	0	0	3
43	36	0	0.4348488	101324.944	101325.011	101324.902	101326.631	1.62025417	0	0	0	0	0	3
44	37	0	0.444961563	101324.942	101325.01	101324.902	101326.631	1.62181484	0	0	0	0	0	3
45	38	0	0.455074326	101324.941	101325.008	101324.902	101326.631	1.6233387	0	0	0	0	0	3
46	39	0	0.465187089	101324.939	101325.007	101324.902	101326.631	1.62483122	0	0	0	0	0	3
47	40	0	0.475299851	101324.939	101325.005	101324.902	101326.631	1.62625693	0	0	0	0	0	3
48	40	0	0.485412614	101324.939	101325.004	101324.902	101326.631	1.62762853	0	0	0	0	0	3
49	41	0	0.495525377	101324.94	101325.002	101324.902	101326.631	1.62893632	0	0	0	0	0	3
50	42	0	0.50563814	101324.937	101325.001	101324.902	101326.631	1.63023945	0	0	0	0	0	3
51	43	0	0.515750903	101324.937	101324.967	101324.902	101325.065	0.162690065	0	0	0	0	0	3
52	44	0	0.525863665	101324.935	101324.968	101324.933	101325.065	0.132117401	0	0	0	0	0	3
53	45	0	0.535976428	101324.935	101324.965	101324.933	101325.022	0.0891057404	0	0	0	0	0	3
54	46	0	0.546089191	101324.936	101324.964	101324.933	101325.022	0.0891057404	0	0	0	0	0	3
55	47	0	0.556201954	101324.935	101324.963	101324.933	101325.022	0.0891057404	0	0	0	0	0	3
56	48	0	0.566314717	101324.934	101324.962	101324.933	101325.022	0.0891057404	0	0	0	0	0	3
57	49	0	0.576427479	101324.932	101324.96	101324.932	101325.015	0.0826774573	0	0	0	0	0	3
58	50	0	0.586540242	101324.933	101324.959	101324.932	101325.015	0.0826774573	0	0	0	0	0	3
59	51	0	0.596653005	101324.933	101324.958	101324.932	101325.009	0.0765160995	0	0	0	0	0	3
60	51	0	0.606765768	101324.935	101324.957	101324.932	101325.009	0.0765160995	0	0	0	0	0	3
61	52	0	0.616878531	101324.935	101324.955	101324.932	101324.999	0.0663157942	0	0	0	0	0	3
62	53	0	0.626991293	101324.936	101324.954	101324.932	101324.999	0.0663157942	0	0	0	0	0	3
63	54	0	0.637104056	101324.936	101324.953	101324.932	101324.989	0.0566645866	0	0	0	0	0	3
64	55	0	0.647216819	101324.937	101324.952	101324.932	101324.989	0.0566645866	0	0	0	0	0	3
65	56	0	0.657329582	101324.937	101324.951	101324.932	101324.984	0.0515225523	0	0	0	0	0	3
66	57	0	0.667442345	101324.937	101324.95	101324.932	101324.984	0.0515225523	0	0	0	0	0	3
67	58	0	0.677555107	101324.936	101324.949	101324.932	101324.984	0.0515225523	0	0	0	0	0	3
68	58	0	0.68766787	101324.935	101324.948	101324.932	101324.984	0.0515225523	0	0	0	0	0	3
69	59	0	0.697780633	101324.935	101324.947	101324.932	101324.984	0.0515225523	0	0	0	0	0	3
70	60	0	0.707893396	101324.934	101324.947	101324.932	101324.984	0.0515225523	0	0	0	0	0	3
71	61	0	0.718006158	101324.934	101324.946	101324.932	101324.984	0.0515225523	0	0	0	0	0	3
72	62	0	0.728118921	101324.935	101324.945	101324.932	101324.984	0.0515225523	0	0	0	0	0	3
73	63	0	0.738231684	101324.935	101324.944	101324.932	101324.984	0.0515225523	0	0	0	0	0	3
74	63	0	0.748344447	101324.934	101324.943	101324.932	101324.984	0.0515225523	0	0	0	0	0	3
75	64	0	0.75845721	101324.934	101324.942	101324.932	101324.984	0.0515225523	0	0	0	0	0	3
76	65	0	0.768569972	101324.934	101324.941	101324.932	101324.982	0.0500276697	0	0	0	0	0	3
77	66	0	0.778682735	101324.934	101324.94	101324.932	101324.98	0.0476914652	0	0	0	0	0	3
78	67	0	0.788795498	101324.935	101324.939	101324.932	101324.975	0.0426993942	0	0	0	0	0	3
79	68	0	0.798908261	101324.936	101324.939	101324.932	101324.972	0.0397945563	0	0	0	0	0	3
80	68	0	0.809021024	101324.938	101324.938	101324.932	101324.969	0.0362229791	0	0	0	0	0	3
81	69	0	0.819133786	101324.938	101324.937	101324.932	101324.958	0.0257006946	0	0	0	0	0	3
82	70	0	0.829246549	101324.937	101324.937	101324.932	101324.952	0.0192865887	0	0	0	0	0	3
83	71	0	0.839359312	101324.935	101324.936	101324.932	101324.945	0.0128937484	0	0	0	0	0	3
84	72	0	0.849472075	101324.935	101324.936	101324.932	101324.944	0.0116070515	0	0	0	0	0	3
85	73	0	0.859584838	101324.936	101324.936	101324.932	101324.944	0.0116070515	0	0	0	0	0	3
86	73	0	0.8696976	101324.934	101324.936	101324.932	101324.944	0.0116070515	0	0	0	0	0	3
87	74	0	0.879810363	101324.934	101324.936	101324.932	101324.944	0.0116070515	0	0	0	0	0	3
88	75	0	0.889923126	101324.934	101324.936	101324.932	101324.944	0.0116070515	0	0	0	0	0	3
89	76	0	0.900035889	101324.934	101324.936	101324.932	101324.944	0.0116070515	0	0	0	0	0	3
90	77	0	0.910148652	101324.935	101324.936	101324.932	101324.944	0.0116070515	0	0	0	0	0	3
91	77	0	0.920261414	101324.935	101324.936	101324.932	101324.944	0.0116070515	0	0	0	0	0	3
92	78	0	0.930374177	101324.936	101324.936	101324.932	101324.944	0.0116070515	0	0	0	0	0	3
93	79	0	0.94048694	101324.937	101324.936	101324.932	101324.942	0.0101238497	0	0	0	0	0	3
94	80	0	0.950599703	101324.937	101324.936	101324.932	101324.941	0.00865867456	0	0	0	0	0	3
95	81	0	0.960712466	101324.938	101324.936	101324.932	101324.94	0.00733688824	0	0	0	0	0	3
96	83	0	0.970825228	101324.939	101324.936	101324.932	101324.94	0.00733688824	0	0	0	0	0	3
97	83	0	0.980937991	101324.94	101324.936	101324.932	101324.94	0.00771353961	0	0	0	0	0	3
98	84	0	0.991050754	101324.94	101324.936	101324.932	101324.94	0.00771353961	0	0	0	0	0	3
99	85	0	1.00116352	101324.94	101324.936	101324.932	101324.94	0.00771353961	0.00397185944	0	0	0	0	3
100	86	0	1.01127628	101324.938	101324.936	101324.932	101324.94	0.00771353961	0.00397185944	0	0	0	0	3
101	88	0	1.02138904	101324.937	101324.936	101324.932	101324.94	0.00771353961	0.00397185944	0	0	0	0	3
102	89	0	1.03150181	101324.934	101324.936	101324.932	101324.94	0.00771353961	0.00397185944	0	0	0	0	3
103	90	0	1.04161457	101324.933	101324.936	101324.932	101324.94	0.00771353961	0.00397185944	0	0	0	0	3
104	91	0	1.05172733	101324.931	101324.936	101324.931	101324.94	0.00946142958	0.00397185944	0	0	0	0	3
105	91	0	1.06184009	101324.931	101324.935	101324.931	101324.94	0.00946142958	0.00397185944	0	0	0	0	3
106	92	0	1.07195286	101324.933	101324.935	101324.931	101324.94	0.00946142958	0.00397185944	0	0	0	0	3
107	93	0	1.08206562	101324.936	101324.935	101324.931	101324.94	0.00946142958	0.00397185944	0	0	0	0	3
108	94	0	1.09217838	101324.937	101324.936	101324.931	101324.94	0.00946142958	0.00397185944	0	0	0	0	3
109	95	0	1.10229114	101324.939	101324.936	101324.931	101324.94	0.00946142958	0.00397185944	0	0	0	0	3
110	97	0	1.11240391	101324.94	101324.936	101324.931	101324.94	0.00975603254	0.00397185944	0	0	0	0	3
111	97	0	1.12251667	101324.941	101324.936	101324.931	101324.941	0.0106826431	0.00397185944	0	0	0	0	3
112	98	0	1.13262943	101324.941	101324.936	101324.931	101324.941	0.0108076509	0.00397185944	0	0	0	0	3
113	100	0	1.1427422	101324.941	101324.936	101324.931	101324.941	0.0108076509	0.00397185944	0	0	0	0	3
114	101	0	1.15285496	101324.94	101324.936	101324.931	101324.941	0.0108076509	0.00397185944	0	0	0	0	3
115	102	0	1.16296772	101324.938	101324.936	101324.931	101324.941	0.0108076509	0.00397185944	0	0	0	0	3
116	103	0	1.17308048	101324.936	101324.936	101324.931	101324.941	0.0108076509	0.00397185944	0	0	0	0	3
117	104	0	1.18319325	101324.935	101324.936	101324.931	101324.941	0.0108076509	0.00397185944	0	0	0	0	3
