Iteration	CPUTime	PhysTime	Travels	Value	AvValue	MinValue	MaxValue	Delta	Criteria	PrevAvRefValue	Progress	CriteriaType	CriteriaVarType	CriteriaPercentage
1	65	0	0.0119082455	0.308495847	0.308495847	0.308495847	0.308495847	0	0	0	0	0	0	3
2	67	0	0.023816491	-3.02887192	-1.36018804	-3.02887192	0.308495847	1.66868389	0	0	0	0	0	3
3	72	0	0.0357247364	-3.53271453	-2.08436354	-3.53271453	0.308495847	2.39285938	0	0	0	0	0	3
4	74	0	0.0476329819	-1.64922383	-1.97557861	-3.53271453	0.308495847	2.39285938	0	0	0	0	0	3
5	75	0	0.0595412274	-4.28377592	-2.43721807	-4.28377592	0.308495847	2.74571392	0	0	0	0	0	3
6	77	0	0.0714494729	-1.67361267	-2.3099505	-4.28377592	0.308495847	2.74571392	0	0	0	0	0	3
7	87	0	0.0833577183	-2.21641416	-2.29658817	-4.28377592	0.308495847	2.74571392	0	0	0	0	0	3
8	92	0	0.0952659638	-2.20872241	-2.28560495	-4.28377592	0.308495847	2.74571392	0	0	0	0	0	3
9	101	0	0.107174209	-1.79932858	-2.23157424	-4.28377592	0.308495847	2.74571392	0	0	0	0	0	3
10	103	0	0.119082455	-1.70259931	-2.17867675	-4.28377592	0.308495847	2.74571392	0	0	0	0	0	3
11	117	0	0.1309907	-2.31970903	-2.19149787	-4.28377592	0.308495847	2.74571392	0	0	0	0	0	3
12	126	0	0.142898946	-2.16916117	-2.18963648	-4.28377592	0.308495847	2.74571392	0	0	0	0	0	3
13	128	0	0.154807191	-2.29138908	-2.1974636	-4.28377592	0.308495847	2.74571392	0	0	0	0	0	3
14	130	0	0.166715437	-1.98756812	-2.18247106	-4.28377592	0.308495847	2.74571392	0	0	0	0	0	3
15	141	0	0.178623682	-2.78339656	-2.22253276	-4.28377592	0.308495847	2.74571392	0	0	0	0	0	3
16	143	0	0.190531928	-3.09771549	-2.27723169	-4.28377592	0.308495847	2.74571392	0	0	0	0	0	3
17	155	0	0.202440173	-2.24529851	-2.27535326	-4.28377592	0.308495847	2.74571392	0	0	0	0	0	3
18	157	0	0.214348419	-3.55322432	-2.3463461	-4.28377592	0.308495847	2.74571392	0	0	0	0	0	3
19	159	0	0.226256664	-2.57489093	-2.35837477	-4.28377592	0.308495847	2.74571392	0	0	0	0	0	3
20	160	0	0.23816491	-3.15893404	-2.39840274	-4.28377592	0.308495847	2.74571392	0	0	0	0	0	3
21	177	0	0.250073155	-2.99971446	-2.42703663	-4.28377592	0.308495847	2.74571392	0	0	0	0	0	3
22	195	0	0.2619814	-3.00958585	-2.45351614	-4.28377592	0.308495847	2.76201199	0	0	0	0	0	3
23	206	0	0.273889646	-3.17411908	-2.4848467	-4.28377592	0.308495847	2.79334255	0	0	0	0	0	3
24	214	0	0.285797891	-2.92526145	-2.50319732	-4.28377592	0.308495847	2.81169316	0	0	0	0	0	3
25	229	0	0.297706137	-2.76494348	-2.51366716	-4.28377592	0.308495847	2.82216301	0	0	0	0	0	3
26	231	0	0.309614382	-2.90211145	-2.52860733	-4.28377592	0.308495847	2.83710318	0	0	0	0	0	3
27	234	0	0.321522628	-2.5771937	-2.53040682	-4.28377592	0.308495847	2.83890267	0	0	0	0	0	3
28	237	0	0.333430873	-3.25298507	-2.55621319	-4.28377592	0.308495847	2.86470904	0	0	0	0	0	3
29	242	0	0.345339119	-2.90069678	-2.56809193	-4.28377592	0.308495847	2.87658778	0	0	0	0	0	3
30	248	0	0.357247364	-3.1291532	-2.58679398	-4.28377592	0.308495847	2.89528982	0	0	0	0	0	3
31	249	0	0.36915561	-3.03295107	-2.60118614	-4.28377592	0.308495847	2.90968199	0	0	0	0	0	3
32	251	0	0.381063855	-3.10315744	-2.61687274	-4.28377592	0.308495847	2.92536859	0	0	0	0	0	3
33	253	0	0.392972101	-2.73103201	-2.62033211	-4.28377592	0.308495847	2.92882796	0	0	0	0	0	3
34	261	0	0.404880346	-3.28505367	-2.63988275	-4.28377592	0.308495847	2.9483786	0	0	0	0	0	3
35	305	0	0.416788592	-2.77728976	-2.64380866	-4.28377592	0.308495847	2.95230451	0	0	0	0	0	3
36	326	0	0.428696837	-3.42725099	-2.66557095	-4.28377592	0.308495847	2.9740668	0	0	0	0	0	3
37	339	0	0.440605083	-3.07403495	-2.67661052	-4.28377592	0.308495847	2.98510637	0	0	0	0	0	3
38	341	0	0.452513328	-3.28336662	-2.69257778	-4.28377592	0.308495847	3.00107363	0	0	0	0	0	3
39	355	0	0.464421574	-2.92305843	-2.69848754	-4.28377592	0.308495847	3.00698339	0	0	0	0	0	3
40	367	0	0.476329819	-3.36600423	-2.71517546	-4.28377592	0.308495847	3.02367131	0	0	0	0	0	3
41	379	0	0.488238064	-3.32687389	-2.73009494	-4.28377592	0.308495847	3.03859078	0	0	0	0	0	3
42	381	0	0.50014631	-3.12505695	-2.73949879	-4.28377592	0.308495847	3.04799464	0	0	0	0	0	3
43	383	0	0.512054555	-3.15626416	-2.82199308	-4.28377592	-1.64922383	1.46180504	0	0	0	0	0	3
44	395	0	0.523962801	-3.36866643	-2.83008342	-4.28377592	-1.64922383	0.854504814	0	0	0	0	0	3
45	399	0	0.535871046	-3.33266138	-2.82532025	-4.28377592	-1.64922383	0.854504814	0	0	0	0	0	3
46	401	0	0.547779292	-3.21115499	-2.86250909	-4.28377592	-1.67361267	0.683832341	0	0	0	0	0	3
47	403	0	0.559687537	-3.27989817	-2.83860724	-3.55322432	-1.67361267	0.683832341	0	0	0	0	0	3
48	416	0	0.571595783	-3.27661793	-2.87677403	-3.55322432	-1.70259931	0.698097282	0	0	0	0	0	3
49	418	0	0.583504028	-3.3480999	-2.90371893	-3.55322432	-1.70259931	0.72504218	0	0	0	0	0	3
50	428	0	0.595412274	-3.22929545	-2.92801829	-3.55322432	-1.70259931	0.749341538	0	0	0	0	0	3
51	429	0	0.607320519	-3.35812476	-2.96513248	-3.55322432	-1.70259931	0.786455733	0	0	0	0	0	3
52	431	0	0.619228765	-3.11517581	-2.99876526	-3.55322432	-1.98756812	0.816294192	0	0	0	0	0	3
53	433	0	0.63113701	-3.2685376	-3.02135641	-3.55322432	-1.98756812	0.838885348	0	0	0	0	0	3
54	454	0	0.643045256	-3.17343303	-3.04526765	-3.55322432	-1.98756812	0.862796583	0	0	0	0	0	3
55	455	0	0.654953501	-3.38099483	-3.07121064	-3.55322432	-1.98756812	0.888739577	0	0	0	0	0	3
56	457	0	0.666861747	-3.21550242	-3.10044717	-3.55322432	-2.24529851	0.877914408	0	0	0	0	0	3
57	458	0	0.678769992	-3.34815955	-3.11389391	-3.55322432	-2.24529851	0.838540647	0	0	0	0	0	3
58	470	0	0.690678238	-3.12749095	-3.11460285	-3.55322432	-2.24529851	0.839249587	0	0	0	0	0	3
59	472	0	0.702586483	-3.37082391	-3.14140107	-3.55322432	-2.57489093	0.795054974	0	0	0	0	0	3
60	491	0	0.714494729	-3.11021317	-3.13085319	-3.42725099	-2.57489093	0.783026299	0	0	0	0	0	3
61	501	0	0.726402974	-3.38201232	-3.15007037	-3.42725099	-2.5771937	0.751667627	0	0	0	0	0	3
62	515	0	0.738311219	-3.08075734	-3.14820902	-3.42725099	-2.5771937	0.723033736	0	0	0	0	0	3
63	516	0	0.750219465	-3.24565232	-3.15406468	-3.42725099	-2.5771937	0.700548539	0	0	0	0	0	3
64	518	0	0.76212771	-2.91527815	-3.15181926	-3.42725099	-2.5771937	0.669217976	0	0	0	0	0	3
65	533	0	0.774035956	-3.14191431	-3.15105248	-3.42725099	-2.5771937	0.650867362	0	0	0	0	0	3
66	542	0	0.785944201	-2.90347659	-3.15053379	-3.42725099	-2.5771937	0.640397515	0	0	0	0	0	3
67	547	0	0.797852447	-3.15603394	-3.15984547	-3.42725099	-2.5771937	0.631238139	0	0	0	0	0	3
68	550	0	0.809760692	-2.93974974	-3.16074162	-3.42725099	-2.5771937	0.630334794	0	0	0	0	0	3
69	552	0	0.821668938	-3.19606069	-3.17547655	-3.42725099	-2.73103201	0.619263356	0	0	0	0	0	3
70	554	0	0.833577183	-2.9146461	-3.16742086	-3.42725099	-2.73103201	0.607384612	0	0	0	0	0	3
71	563	0	0.845485429	-3.13921834	-3.17309994	-3.42725099	-2.73103201	0.58868257	0	0	0	0	0	3
72	564	0	0.857393674	-3.09022041	-3.17217297	-3.42725099	-2.73103201	0.574290405	0	0	0	0	0	3
73	566	0	0.86930192	-3.22619584	-3.17677404	-3.42725099	-2.73103201	0.559901292	0	0	0	0	0	3
74	567	0	0.881210165	-3.08449688	-3.17632974	-3.42725099	-2.73103201	0.55644192	0	0	0	0	0	3
75	569	0	0.893118411	-3.33608208	-3.19073569	-3.42725099	-2.77728976	0.550852941	0	0	0	0	0	3
76	571	0	0.905026656	-3.09463103	-3.18620182	-3.42725099	-2.77728976	0.546927027	0	0	0	0	0	3
77	574	0	0.916934902	-3.34661093	-3.19975708	-3.42725099	-2.90347659	0.523774403	0	0	0	0	0	3
78	593	0	0.928843147	-3.12817109	-3.19263613	-3.38201232	-2.90347659	0.478535737	0	0	0	0	0	3
79	595	0	0.940751393	-3.25601497	-3.19696899	-3.38201232	-2.90347659	0.478535737	0	0	0	0	0	3
80	597	0	0.952659638	-3.14518744	-3.19367901	-3.38201232	-2.90347659	0.478535737	0	0	0	0	0	3
81	615	0	0.964567883	-3.32410529	-3.20322775	-3.38201232	-2.90347659	0.478535737	0	0	0	0	0	3
82	616	0	0.976476129	-3.23218288	-3.20004152	-3.38201232	-2.90347659	0.473132811	0	0	0	0	0	3
83	649	0	0.988384374	-3.38334137	-3.20138599	-3.38334137	-2.90347659	0.463728953	0	0	0	0	0	3
84	658	0	1.00029262	-3.31183299	-3.20583304	-3.38334137	-2.90347659	0.383839957	0.0790365627	0	20.5	0	0	3
85	671	0	1.01220087	-3.52631667	-3.21464381	-3.52631667	-2.90347659	0.389323556	0.0790365627	0	20.3	0	0	3
86	673	0	1.02410911	-3.30567376	-3.21314398	-3.52631667	-2.90347659	0.389323556	0.0790365627	0	20.3	0	0	3
87	676	0	1.03601736	-3.46060136	-3.21619017	-3.52631667	-2.90347659	0.377582934	0.0790365627	0	20.9	0	0	3
88	684	0	1.0479256	-3.27221566	-3.217644	-3.52631667	-2.90347659	0.379036759	0.0790365627	0	20.8	0	0	3
89	686	0	1.05983385	-3.52909783	-3.22357732	-3.52909783	-2.90347659	0.346803293	0.0790365627	0	22.7	0	0	3
90	696	0	1.07174209	-3.31198896	-3.22441949	-3.52909783	-2.90347659	0.320700561	0.0790365627	0	24.6	0	0	3
91	698	0	1.08365034	-3.46027598	-3.22709035	-3.52909783	-2.90347659	0.299072063	0.0790365627	0	26.4	0	0	3
92	713	0	1.09555858	-3.27777503	-3.22824463	-3.52909783	-2.90347659	0.263112144	0.0790365627	0	30	0	0	3
93	718	0	1.10746683	-3.46893482	-3.23088296	-3.52909783	-2.90347659	0.232117705	0.0790365627	0	34	0	0	3
94	720	0	1.11937507	-3.2996198	-3.23527448	-3.52909783	-2.90347659	0.213918072	0.0790365627	0	36.9	0	0	3
95	731	0	1.13128332	-3.33900454	-3.23695227	-3.52909783	-2.90347659	0.191684622	0.0790365627	0	41.2	0	0	3
96	733	0	1.14319157	-3.17720857	-3.23704216	-3.52909783	-2.90347659	0.165831522	0.0790365627	0	47.6	0	0	3
97	735	0	1.15509981	-3.24100953	-3.23370918	-3.52909783	-2.90347659	0.136594991	0.0790365627	0	57.8	0	0	3
98	741	0	1.16700806	-3.1016718	-3.23099893	-3.52909783	-2.90347659	0.123148253	0.0790365627	0	64.1	0	0	3
99	743	0	1.1789163	-3.28459424	-3.22948547	-3.52909783	-2.90347659	0.122439313	0.0790365627	0	64.5	0	0	3
100	745	0	1.19082455	-3.22848695	-3.23189013	-3.52909783	-2.90347659	0.106188974	0.0790365627	0	74.4	0	0	3
101	771	0	1.20273279	-3.40957585	-3.2328128	-3.52909783	-2.90347659	0.106188974	0.0790365627	0	74.4	0	0	3
102	788	0	1.21464104	-3.13425785	-3.23338529	-3.52909783	-2.90347659	0.0888331481	0.0790365627	0	88.9	0	0	3
103	864	0	1.22654928	-3.33957333	-3.23237484	-3.52909783	-2.90347659	0.0888331481	0.0790365627	0	88.9	0	0	3
104	958	0	1.23845753	-3.32041157	-3.23808089	-3.52909783	-2.90347659	0.0875471027	0.0790365627	0	90.2	0	0	3
105	1031	0	1.25036577	-3.36694613	-3.24096884	-3.52909783	-2.90347659	0.0904350506	0.0790365627	0	87.3	0	0	3
106	1059	0	1.26227402	-3.34521576	-3.25120545	-3.52909783	-2.90347659	0.10067166	0.0790365627	0	78.5	0	0	3
107	1119	0	1.27418227	-3.41580795	-3.25772673	-3.52909783	-2.90347659	0.107192937	0.0790365627	0	73.7	0	0	3
108	1141	0	1.28609051	-3.34808479	-3.26831264	-3.52909783	-2.9146461	0.108467169	0.0790365627	0	72.8	0	0	3
109	1202	0	1.29799876	-3.40648978	-3.27427587	-3.52909783	-2.9146461	0.113534254	0.0790365627	0	69.6	0	0	3
110	1217	0	1.309907	-3.27392598	-3.28223245	-3.52909783	-2.9146461	0.114811592	0.0790365627	0	68.8	0	0	3
111	1278	0	1.32181525	-3.33432759	-3.28552452	-3.52909783	-2.9146461	0.118103661	0.0790365627	0	66.9	0	0	3
112	1317	0	1.33372349	-3.36526272	-3.29625348	-3.52909783	-3.08449688	0.124080515	0.0790365627	0	63.6	0	0	3
113	1419	0	1.34563174	-3.48291258	-3.30443668	-3.52909783	-3.08449688	0.132263711	0.0790365627	0	59.7	0	0	3
114	1526	0	1.35753998	-3.46710712	-3.31341017	-3.52909783	-3.08449688	0.137080437	0.0790365627	0	57.6	0	0	3
115	1545	0	1.36944823	-3.50757906	-3.32010977	-3.52909783	-3.08449688	0.143780037	0.0790365627	0	54.9	0	0	3
116	1572	0	1.38135648	-3.44117093	-3.32860201	-3.52909783	-3.09463103	0.142400195	0.0790365627	0	55.5	0	0	3
117	1575	0	1.39326472	-3.48905141	-3.33224414	-3.52909783	-3.09463103	0.146042322	0.0790365627	0	54.1	0	0	3
118	1603	0	1.40517297	-3.45254291	-3.34076585	-3.52909783	-3.1016718	0.148129717	0.0790365627	0	53.3	0	0	3
119	1707	0	1.41708121	-3.34915339	-3.34082639	-3.52909783	-3.1016718	0.148190252	0.0790365627	0	53.3	0	0	3
120	1748	0	1.42898946	-3.29179737	-3.34472225	-3.52909783	-3.1016718	0.151043239	0.0790365627	0	52.3	0	0	3
121	1797	0	1.4408977	-3.3402494	-3.34672783	-3.52909783	-3.1016718	0.15304882	0.0790365627	0	51.6	0	0	3
122	1818	0	1.45280595	-3.14824217	-3.34680056	-3.52909783	-3.1016718	0.14675904	0.0790365627	0	53.8	0	0	3
123	1916	0	1.46471419	-3.24332671	-3.34487726	-3.52909783	-3.1016718	0.14675904	0.0790365627	0	53.8	0	0	3
124	1945	0	1.47662244	-3.19546786	-3.3440031	-3.52909783	-3.1016718	0.145414576	0.0790365627	0	54.3	0	0	3
125	1952	0	1.48853068	-3.33573763	-3.34286967	-3.52909783	-3.1016718	0.140967528	0.0790365627	0	56	0	0	3
126	1992	0	1.50043893	-3.27259102	-3.34193534	-3.52909783	-3.1016718	0.133656579	0.0790365627	0	59.1	0	0	3
127	2054	0	1.51234718	-3.31729409	-3.33695861	-3.52909783	-3.1016718	0.133656579	0.0790365627	0	59.1	0	0	3
128	2083	0	1.52425542	-3.30769249	-3.33700668	-3.52909783	-3.1016718	0.130610389	0.0790365627	0	60.5	0	0	3
129	2086	0	1.53616367	-3.25665249	-3.33215075	-3.52909783	-3.1016718	0.129156564	0.0790365627	0	61.1	0	0	3
130	2153	0	1.54807191	-3.24504993	-3.33150395	-3.52909783	-3.1016718	0.123223239	0.0790365627	0	64.1	0	0	3
131	2218	0	1.55998016	-3.09168754	-3.32108942	-3.50757906	-3.09168754	0.122381071	0.0790365627	0	64.5	0	0	3
132	2245	0	1.5718884	-3.11424385	-3.3163812	-3.50757906	-3.09168754	0.119710212	0.0790365627	0	66	0	0	3
133	2285	0	1.58379665	-2.90918536	-3.30326	-3.50757906	-2.90918536	0.118555937	0.0790365627	0	66.6	0	0	3
134	2303	0	1.59570489	-3.05052652	-3.29784932	-3.50757906	-2.90918536	0.117315096	0.0790365627	0	67.3	0	0	3
135	2304	0	1.60761314	-3.2673649	-3.29305003	-3.50757906	-2.90918536	0.117315096	0.0790365627	0	67.3	0	0	3
136	2307	0	1.61952138	-3.17303054	-3.290036	-3.50757906	-2.90918536	0.117315096	0.0790365627	0	67.3	0	0	3
137	2362	0	1.63142963	-3.13356673	-3.28514463	-3.50757906	-2.90918536	0.117315096	0.0790365627	0	67.3	0	0	3
138	2391	0	1.64333788	-3.08512596	-3.28295219	-3.50757906	-2.90918536	0.117315096	0.0790365627	0	67.3	0	0	3
