Iteration	CPUTime	PhysTime	Travels	Value	AvValue	MinValue	MaxValue	Delta	Criteria	PrevAvRefValue	Progress	CriteriaType	CriteriaVarType	CriteriaPercentage
1	65	0	0.0119082455	0	0	0	0	0	0	0	0	0	0	3
2	67	0	0.023816491	0	0	0	0	0	0	0	0	0	0	3
3	72	0	0.0357247364	0	0	0	0	0	0	0	0	0	0	3
4	74	0	0.0476329819	0	0	0	0	0	0	0	0	0	0	3
5	75	0	0.0595412274	0	0	0	0	0	0	0	0	0	0	3
6	77	0	0.0714494729	0	0	0	0	0	0	0	0	0	0	3
7	87	0	0.0833577183	0	0	0	0	0	0	0	0	0	0	3
8	92	0	0.0952659638	0	0	0	0	0	0	0	0	0	0	3
9	101	0	0.107174209	0	0	0	0	0	0	0	0	0	0	3
10	103	0	0.119082455	0	0	0	0	0	0	0	0	0	0	3
11	117	0	0.1309907	0	0	0	0	0	0	0	0	0	0	3
12	126	0	0.142898946	0	0	0	0	0	0	0	0	0	0	3
13	128	0	0.154807191	0	0	0	0	0	0	0	0	0	0	3
14	130	0	0.166715437	0	0	0	0	0	0	0	0	0	0	3
15	141	0	0.178623682	0	0	0	0	0	0	0	0	0	0	3
16	143	0	0.190531928	0	0	0	0	0	0	0	0	0	0	3
17	155	0	0.202440173	0	0	0	0	0	0	0	0	0	0	3
18	157	0	0.214348419	0	0	0	0	0	0	0	0	0	0	3
19	159	0	0.226256664	0	0	0	0	0	0	0	0	0	0	3
20	160	0	0.23816491	0	0	0	0	0	0	0	0	0	0	3
21	177	0	0.250073155	0	0	0	0	0	0	0	0	0	0	3
22	195	0	0.2619814	0	0	0	0	0	0	0	0	0	0	3
23	206	0	0.273889646	0	0	0	0	0	0	0	0	0	0	3
24	214	0	0.285797891	0	0	0	0	0	0	0	0	0	0	3
25	229	0	0.297706137	0	0	0	0	0	0	0	0	0	0	3
26	231	0	0.309614382	0	0	0	0	0	0	0	0	0	0	3
27	234	0	0.321522628	0	0	0	0	0	0	0	0	0	0	3
28	237	0	0.333430873	0	0	0	0	0	0	0	0	0	0	3
29	242	0	0.345339119	0	0	0	0	0	0	0	0	0	0	3
30	248	0	0.357247364	0	0	0	0	0	0	0	0	0	0	3
31	249	0	0.36915561	0	0	0	0	0	0	0	0	0	0	3
32	251	0	0.381063855	0	0	0	0	0	0	0	0	0	0	3
33	253	0	0.392972101	0	0	0	0	0	0	0	0	0	0	3
34	261	0	0.404880346	0	0	0	0	0	0	0	0	0	0	3
35	305	0	0.416788592	0	0	0	0	0	0	0	0	0	0	3
36	326	0	0.428696837	0	0	0	0	0	0	0	0	0	0	3
37	339	0	0.440605083	0	0	0	0	0	0	0	0	0	0	3
38	341	0	0.452513328	0	0	0	0	0	0	0	0	0	0	3
39	355	0	0.464421574	0	0	0	0	0	0	0	0	0	0	3
40	367	0	0.476329819	0	0	0	0	0	0	0	0	0	0	3
41	379	0	0.488238064	0	0	0	0	0	0	0	0	0	0	3
42	381	0	0.50014631	0	0	0	0	0	0	0	0	0	0	3
43	383	0	0.512054555	0	0	0	0	0	0	0	0	0	0	3
44	395	0	0.523962801	0	0	0	0	0	0	0	0	0	0	3
45	399	0	0.535871046	0	0	0	0	0	0	0	0	0	0	3
46	401	0	0.547779292	0	0	0	0	0	0	0	0	0	0	3
47	403	0	0.559687537	0	0	0	0	0	0	0	0	0	0	3
48	416	0	0.571595783	0	0	0	0	0	0	0	0	0	0	3
49	418	0	0.583504028	0	0	0	0	0	0	0	0	0	0	3
50	428	0	0.595412274	0	0	0	0	0	0	0	0	0	0	3
51	429	0	0.607320519	0	0	0	0	0	0	0	0	0	0	3
52	431	0	0.619228765	0	0	0	0	0	0	0	0	0	0	3
53	433	0	0.63113701	0	0	0	0	0	0	0	0	0	0	3
54	454	0	0.643045256	0	0	0	0	0	0	0	0	0	0	3
55	455	0	0.654953501	0	0	0	0	0	0	0	0	0	0	3
56	457	0	0.666861747	0	0	0	0	0	0	0	0	0	0	3
57	458	0	0.678769992	0	0	0	0	0	0	0	0	0	0	3
58	470	0	0.690678238	0	0	0	0	0	0	0	0	0	0	3
59	472	0	0.702586483	0	0	0	0	0	0	0	0	0	0	3
60	491	0	0.714494729	0	0	0	0	0	0	0	0	0	0	3
61	501	0	0.726402974	0	0	0	0	0	0	0	0	0	0	3
62	515	0	0.738311219	0	0	0	0	0	0	0	0	0	0	3
63	516	0	0.750219465	0	0	0	0	0	0	0	0	0	0	3
64	518	0	0.76212771	0	0	0	0	0	0	0	0	0	0	3
65	533	0	0.774035956	0	0	0	0	0	0	0	0	0	0	3
66	542	0	0.785944201	0	0	0	0	0	0	0	0	0	0	3
67	547	0	0.797852447	0	0	0	0	0	0	0	0	0	0	3
68	550	0	0.809760692	0	0	0	0	0	0	0	0	0	0	3
69	552	0	0.821668938	0	0	0	0	0	0	0	0	0	0	3
70	554	0	0.833577183	0	0	0	0	0	0	0	0	0	0	3
71	563	0	0.845485429	0	0	0	0	0	0	0	0	0	0	3
72	564	0	0.857393674	0	0	0	0	0	0	0	0	0	0	3
73	566	0	0.86930192	0	0	0	0	0	0	0	0	0	0	3
74	567	0	0.881210165	0	0	0	0	0	0	0	0	0	0	3
75	569	0	0.893118411	0	0	0	0	0	0	0	0	0	0	3
76	571	0	0.905026656	0	0	0	0	0	0	0	0	0	0	3
77	574	0	0.916934902	0	0	0	0	0	0	0	0	0	0	3
78	593	0	0.928843147	0	0	0	0	0	0	0	0	0	0	3
79	595	0	0.940751393	0	0	0	0	0	0	0	0	0	0	3
80	597	0	0.952659638	0	0	0	0	0	0	0	0	0	0	3
81	615	0	0.964567883	0	0	0	0	0	0	0	0	0	0	3
82	616	0	0.976476129	0	0	0	0	0	0	0	0	0	0	3
83	649	0	0.988384374	0	0	0	0	0	0	0	0	0	0	3
84	658	0	1.00029262	0	0	0	0	0	0.001	0	0	0	0	3
85	671	0	1.01220087	0	0	0	0	0	0.001	0	0	0	0	3
86	673	0	1.02410911	0	0	0	0	0	0.001	0	0	0	0	3
87	676	0	1.03601736	0	0	0	0	0	0.001	0	0	0	0	3
88	684	0	1.0479256	0	0	0	0	0	0.001	0	0	0	0	3
89	686	0	1.05983385	0	0	0	0	0	0.001	0	0	0	0	3
90	696	0	1.07174209	0	0	0	0	0	0.001	0	0	0	0	3
91	698	0	1.08365034	0	0	0	0	0	0.001	0	0	0	0	3
92	713	0	1.09555858	0	0	0	0	0	0.001	0	0	0	0	3
93	718	0	1.10746683	0	0	0	0	0	0.001	0	0	0	0	3
94	720	0	1.11937507	0	0	0	0	0	0.001	0	0	0	0	3
95	731	0	1.13128332	0	0	0	0	0	0.001	0	0	0	0	3
96	733	0	1.14319157	0	0	0	0	0	0.001	0	0	0	0	3
97	735	0	1.15509981	0	0	0	0	0	0.001	0	0	0	0	3
98	741	0	1.16700806	0	0	0	0	0	0.001	0	0	0	0	3
99	743	0	1.1789163	0	0	0	0	0	0.001	0	0	0	0	3
100	745	0	1.19082455	0	0	0	0	0	0.001	0	0	0	0	3
101	771	0	1.20273279	0	0	0	0	0	0.001	0	0	0	0	3
102	788	0	1.21464104	0	0	0	0	0	0.001	0	0	0	0	3
103	864	0	1.22654928	0	0	0	0	0	0.001	0	0	0	0	3
104	958	0	1.23845753	0	0	0	0	0	0.001	0	0	0	0	3
105	1031	0	1.25036577	0	0	0	0	0	0.001	0	0	0	0	3
106	1059	0	1.26227402	0	0	0	0	0	0.001	0	0	0	0	3
107	1119	0	1.27418227	0	0	0	0	0	0.001	0	0	0	0	3
108	1141	0	1.28609051	0	0	0	0	0	0.001	0	0	0	0	3
109	1202	0	1.29799876	0	0	0	0	0	0.001	0	0	0	0	3
110	1217	0	1.309907	0	0	0	0	0	0.001	0	0	0	0	3
111	1278	0	1.32181525	0	0	0	0	0	0.001	0	0	0	0	3
112	1317	0	1.33372349	0	0	0	0	0	0.001	0	0	0	0	3
113	1419	0	1.34563174	0	0	0	0	0	0.001	0	0	0	0	3
114	1526	0	1.35753998	0	0	0	0	0	0.001	0	0	0	0	3
115	1545	0	1.36944823	0	0	0	0	0	0.001	0	0	0	0	3
116	1572	0	1.38135648	0	0	0	0	0	0.001	0	0	0	0	3
117	1575	0	1.39326472	0	0	0	0	0	0.001	0	0	0	0	3
118	1603	0	1.40517297	0	0	0	0	0	0.001	0	0	0	0	3
119	1707	0	1.41708121	0	0	0	0	0	0.001	0	0	0	0	3
120	1748	0	1.42898946	0	0	0	0	0	0.001	0	0	0	0	3
121	1797	0	1.4408977	0	0	0	0	0	0.001	0	0	0	0	3
122	1818	0	1.45280595	0	0	0	0	0	0.001	0	0	0	0	3
123	1916	0	1.46471419	0	0	0	0	0	0.001	0	0	0	0	3
124	1945	0	1.47662244	0	0	0	0	0	0.001	0	0	0	0	3
125	1952	0	1.48853068	0	0	0	0	0	0.001	0	0	0	0	3
126	1992	0	1.50043893	0	0	0	0	0	0.001	0	0	0	0	3
127	2054	0	1.51234718	0	0	0	0	0	0.001	0	0	0	0	3
128	2083	0	1.52425542	0	0	0	0	0	0.001	0	0	0	0	3
129	2086	0	1.53616367	0	0	0	0	0	0.001	0	0	0	0	3
130	2153	0	1.54807191	0	0	0	0	0	0.001	0	0	0	0	3
131	2218	0	1.55998016	0	0	0	0	0	0.001	0	0	0	0	3
132	2245	0	1.5718884	0	0	0	0	0	0.001	0	0	0	0	3
133	2285	0	1.58379665	0	0	0	0	0	0.001	0	0	0	0	3
134	2303	0	1.59570489	0	0	0	0	0	0.001	0	0	0	0	3
135	2304	0	1.60761314	0	0	0	0	0	0.001	0	0	0	0	3
136	2307	0	1.61952138	0	0	0	0	0	0.001	0	0	0	0	3
137	2362	0	1.63142963	0	0	0	0	0	0.001	0	0	0	0	3
