Iteration	CPUTime	PhysTime	Travels	Value	AvValue	MinValue	MaxValue	Delta	Criteria	PrevAvRefValue	Progress	CriteriaType	CriteriaVarType	CriteriaPercentage
1	65	0	0.0119082455	293.199982	293.199982	293.199982	293.199982	0	0	0	0	0	0	3
2	67	0	0.023816491	293.199976	293.199979	293.199976	293.199982	2.76526578e-06	0	0	0	0	0	3
3	72	0	0.0357247364	293.199969	293.199976	293.199969	293.199982	5.8853571e-06	0	0	0	0	0	3
4	74	0	0.0476329819	293.199962	293.199972	293.199962	293.199982	9.4026442e-06	0	0	0	0	0	3
5	75	0	0.0595412274	293.199954	293.199968	293.199954	293.199982	1.311647e-05	0	0	0	0	0	3
6	77	0	0.0714494729	293.199939	293.199964	293.199939	293.199982	1.79870072e-05	0	0	0	0	0	3
7	87	0	0.0833577183	293.199923	293.199958	293.199923	293.199982	2.38458757e-05	0	0	0	0	0	3
8	92	0	0.0952659638	293.199905	293.199951	293.199905	293.199982	3.03990738e-05	0	0	0	0	0	3
9	101	0	0.107174209	293.199889	293.199944	293.199889	293.199982	3.73104821e-05	0	0	0	0	0	3
10	103	0	0.119082455	293.199873	293.199937	293.199873	293.199982	4.44454211e-05	0	0	0	0	0	3
11	117	0	0.1309907	293.199851	293.199929	293.199851	293.199982	5.22466964e-05	0	0	0	0	0	3
12	126	0	0.142898946	293.19983	293.199921	293.19983	293.199982	6.05330889e-05	0	0	0	0	0	3
13	128	0	0.154807191	293.199809	293.199912	293.199809	293.199982	6.91184182e-05	0	0	0	0	0	3
14	130	0	0.166715437	293.19979	293.199904	293.19979	293.199982	7.78681438e-05	0	0	0	0	0	3
15	141	0	0.178623682	293.199771	293.199895	293.199771	293.199982	8.67011406e-05	0	0	0	0	0	3
16	143	0	0.190531928	293.199744	293.199885	293.199744	293.199982	9.61020313e-05	0	0	0	0	0	3
17	155	0	0.202440173	293.199719	293.199876	293.199719	293.199982	0.000105894093	0	0	0	0	0	3
18	157	0	0.214348419	293.199694	293.199866	293.199694	293.199982	0.000115969581	0	0	0	0	0	3
19	159	0	0.226256664	293.19967	293.199855	293.19967	293.199982	0.00012625529	0	0	0	0	0	3
20	160	0	0.23816491	293.199646	293.199845	293.199646	293.199982	0.000136703429	0	0	0	0	0	3
21	177	0	0.250073155	293.199611	293.199834	293.199611	293.199982	0.000147855101	0	0	0	0	0	3
22	195	0	0.2619814	293.199575	293.199822	293.199575	293.199982	0.000159623323	0	0	0	0	0	3
23	206	0	0.273889646	293.199538	293.19981	293.199538	293.199982	0.00017194826	0	0	0	0	0	3
24	214	0	0.285797891	293.199502	293.199797	293.199502	293.199982	0.000184783521	0	0	0	0	0	3
25	229	0	0.297706137	293.199464	293.199783	293.199464	293.199982	0.000198098335	0	0	0	0	0	3
26	231	0	0.309614382	293.199406	293.199769	293.199406	293.199982	0.000212622358	0	0	0	0	0	3
27	234	0	0.321522628	293.199346	293.199753	293.199346	293.199982	0.000228294866	0	0	0	0	0	3
28	237	0	0.333430873	293.199284	293.199736	293.199284	293.199982	0.000245040968	0	0	0	0	0	3
29	242	0	0.345339119	293.199222	293.199719	293.199222	293.199982	0.000262780601	0	0	0	0	0	3
30	248	0	0.357247364	293.19916	293.1997	293.19916	293.199982	0.000281414412	0	0	0	0	0	3
31	249	0	0.36915561	293.199073	293.19968	293.199073	293.199982	0.000301634628	0	0	0	0	0	3
32	251	0	0.381063855	293.19899	293.199658	293.19899	293.199982	0.000323180557	0	0	0	0	0	3
33	253	0	0.392972101	293.198918	293.199636	293.198918	293.199982	0.000345617281	0	0	0	0	0	3
34	261	0	0.404880346	293.198859	293.199613	293.198859	293.199982	0.000368466632	0	0	0	0	0	3
35	305	0	0.416788592	293.198814	293.19959	293.198814	293.199982	0.000391305929	0	0	0	0	0	3
36	326	0	0.428696837	293.198774	293.199568	293.198774	293.199982	0.000413965181	0	0	0	0	0	3
37	339	0	0.440605083	293.198754	293.199546	293.198754	293.199982	0.000435952655	0	0	0	0	0	3
38	341	0	0.452513328	293.198746	293.199525	293.198746	293.199982	0.000456993113	0	0	0	0	0	3
39	355	0	0.464421574	293.198747	293.199505	293.198746	293.199982	0.000476940394	0	0	0	0	0	3
40	367	0	0.476329819	293.198752	293.199486	293.198746	293.199982	0.000495766702	0	0	0	0	0	3
41	379	0	0.488238064	293.198757	293.199468	293.198746	293.199982	0.000513541283	0	0	0	0	0	3
42	381	0	0.50014631	293.19876	293.199451	293.198746	293.199982	0.000530395092	0	0	0	0	0	3
43	383	0	0.512054555	293.198759	293.199422	293.198746	293.199976	0.000556735192	0	0	0	0	0	3
44	395	0	0.523962801	293.198757	293.199393	293.198746	293.199969	0.000582637865	0	0	0	0	0	3
45	399	0	0.535871046	293.198752	293.199364	293.198746	293.199962	0.000608100202	0	0	0	0	0	3
46	401	0	0.547779292	293.198747	293.199335	293.198746	293.199954	0.000633294891	0	0	0	0	0	3
47	403	0	0.559687537	293.198742	293.199306	293.198742	293.199939	0.000657259881	0	0	0	0	0	3
48	416	0	0.571595783	293.198738	293.199278	293.198738	293.199923	0.000679994501	0	0	0	0	0	3
49	418	0	0.583504028	293.198734	293.199249	293.198734	293.199905	0.000701730308	0	0	0	0	0	3
50	428	0	0.595412274	293.198731	293.199221	293.198731	293.199889	0.000722779927	0	0	0	0	0	3
51	429	0	0.607320519	293.198728	293.199194	293.198728	293.199873	0.000743296917	0	0	0	0	0	3
52	431	0	0.619228765	293.198725	293.199166	293.198725	293.199851	0.000762832704	0	0	0	0	0	3
53	433	0	0.63113701	293.198722	293.19914	293.198722	293.19983	0.000781434235	0	0	0	0	0	3
54	454	0	0.643045256	293.19872	293.199113	293.19872	293.199809	0.000799273305	0	0	0	0	0	3
55	455	0	0.654953501	293.198718	293.199087	293.198718	293.19979	0.000816499813	0	0	0	0	0	3
56	457	0	0.666861747	293.198717	293.199062	293.198717	293.199771	0.000833215555	0	0	0	0	0	3
57	458	0	0.678769992	293.198716	293.199036	293.198716	293.199744	0.000848940892	0	0	0	0	0	3
58	470	0	0.690678238	293.198715	293.199012	293.198715	293.199719	0.000863652059	0	0	0	0	0	3
59	472	0	0.702586483	293.198715	293.198988	293.198715	293.199694	0.000877483955	0	0	0	0	0	3
60	491	0	0.714494729	293.198715	293.198965	293.198715	293.19967	0.000890517955	0	0	0	0	0	3
61	501	0	0.726402974	293.198715	293.198942	293.198715	293.199646	0.000902802862	0	0	0	0	0	3
62	515	0	0.738311219	293.198717	293.19892	293.198715	293.199611	0.000895792141	0	0	0	0	0	3
63	516	0	0.750219465	293.198719	293.198899	293.198715	293.199575	0.000859924706	0	0	0	0	0	3
64	518	0	0.76212771	293.198722	293.198878	293.198715	293.199538	0.000823583802	0	0	0	0	0	3
65	533	0	0.774035956	293.198725	293.198859	293.198715	293.199502	0.000786686145	0	0	0	0	0	3
66	542	0	0.785944201	293.19873	293.198841	293.198715	293.199464	0.000749026831	0	0	0	0	0	3
67	547	0	0.797852447	293.198735	293.198823	293.198715	293.199406	0.000690957734	0	0	0	0	0	3
68	550	0	0.809760692	293.198739	293.198807	293.198715	293.199346	0.000630900605	0	0	0	0	0	3
69	552	0	0.821668938	293.198743	293.198793	293.198715	293.199284	0.000569494965	0	0	0	0	0	3
70	554	0	0.833577183	293.198745	293.19878	293.198715	293.199222	0.000507190346	0	0	0	0	0	3
71	563	0	0.845485429	293.198746	293.198769	293.198715	293.19916	0.000444885765	0	0	0	0	0	3
72	564	0	0.857393674	293.198747	293.198759	293.198715	293.199073	0.000358439556	0	0	0	0	0	3
73	566	0	0.86930192	293.198747	293.198751	293.198715	293.19899	0.000275576345	0	0	0	0	0	3
74	567	0	0.881210165	293.198747	293.198745	293.198715	293.198918	0.000203088203	0	0	0	0	0	3
75	569	0	0.893118411	293.198746	293.198741	293.198715	293.198859	0.000144185464	0	0	0	0	0	3
76	571	0	0.905026656	293.198744	293.198739	293.198715	293.198814	9.88386535e-05	0	0	0	0	0	3
77	574	0	0.916934902	293.198742	293.198737	293.198715	293.198774	5.96416766e-05	0	0	0	0	0	3
78	593	0	0.928843147	293.198739	293.198736	293.198715	293.19876	4.52794256e-05	0	0	0	0	0	3
79	595	0	0.940751393	293.198737	293.198736	293.198715	293.19876	4.52794256e-05	0	0	0	0	0	3
80	597	0	0.952659638	293.198734	293.198735	293.198715	293.19876	4.52794256e-05	0	0	0	0	0	3
81	615	0	0.964567883	293.198731	293.198735	293.198715	293.19876	4.52794256e-05	0	0	0	0	0	3
82	616	0	0.976476129	293.198729	293.198734	293.198715	293.19876	4.52794256e-05	0	0	0	0	0	3
83	649	0	0.988384374	293.198727	293.198734	293.198715	293.19876	4.52794256e-05	0	0	0	0	0	3
84	658	0	1.00029262	293.198724	293.198733	293.198715	293.198759	4.42553004e-05	3.76366542e-05	0	0	0	0	3
85	671	0	1.01220087	293.198723	293.198732	293.198715	293.198757	4.2194078e-05	3.76366542e-05	0	0	0	0	3
86	673	0	1.02410911	293.198721	293.198731	293.198715	293.198752	3.74109004e-05	3.76366542e-05	0	0	0	0	3
87	676	0	1.03601736	293.19872	293.19873	293.198715	293.198747	3.25898022e-05	3.76366542e-05	0	0	0	0	3
88	684	0	1.0479256	293.198718	293.19873	293.198715	293.198747	3.25898022e-05	3.76366542e-05	0	0	0	0	3
89	686	0	1.05983385	293.198717	293.198729	293.198715	293.198747	3.25898022e-05	3.76366542e-05	0	0	0	0	3
90	696	0	1.07174209	293.198716	293.198729	293.198715	293.198747	3.25898022e-05	3.76366542e-05	0	0	0	0	3
91	698	0	1.08365034	293.198716	293.198728	293.198715	293.198747	3.25898022e-05	3.76366542e-05	0	0	0	0	3
92	713	0	1.09555858	293.198716	293.198728	293.198715	293.198747	3.25898022e-05	3.76366542e-05	0	0	0	0	3
93	718	0	1.10746683	293.198716	293.198728	293.198715	293.198747	3.25898022e-05	3.76366542e-05	0	0	0	0	3
94	720	0	1.11937507	293.198717	293.198727	293.198715	293.198747	3.25898022e-05	3.76366542e-05	0	0	0	0	3
95	731	0	1.13128332	293.198719	293.198727	293.198715	293.198747	3.25898022e-05	3.76366542e-05	0	0	0	0	3
96	733	0	1.14319157	293.198721	293.198727	293.198715	293.198747	3.25898022e-05	3.76366542e-05	0	0	0	0	3
97	735	0	1.15509981	293.198724	293.198727	293.198715	293.198747	3.25898022e-05	3.76366542e-05	0	0	0	0	3
98	741	0	1.16700806	293.198726	293.198728	293.198715	293.198747	3.25898022e-05	3.76366542e-05	0	0	0	0	3
99	743	0	1.1789163	293.198729	293.198728	293.198715	293.198747	3.25898022e-05	3.76366542e-05	0	0	0	0	3
100	745	0	1.19082455	293.198731	293.198728	293.198715	293.198747	3.25898022e-05	3.76366542e-05	0	0	0	0	3
101	771	0	1.20273279	293.198738	293.198729	293.198715	293.198747	3.25898022e-05	3.76366542e-05	0	0	0	0	3
102	788	0	1.21464104	293.19874	293.19873	293.198715	293.198747	3.20950979e-05	3.76366542e-05	0	0	0	0	3
103	864	0	1.22654928	293.198742	293.19873	293.198716	293.198747	3.18305155e-05	3.76366542e-05	0	0	0	0	3
104	958	0	1.23845753	293.198743	293.198731	293.198716	293.198747	3.18305155e-05	3.76366542e-05	0	0	0	0	3
105	1031	0	1.25036577	293.198744	293.198731	293.198716	293.198747	3.18305155e-05	3.76366542e-05	0	0	0	0	3
106	1059	0	1.26227402	293.198745	293.198732	293.198716	293.198747	3.18305155e-05	3.76366542e-05	0	0	0	0	3
107	1119	0	1.27418227	293.198745	293.198732	293.198716	293.198747	3.18305155e-05	3.76366542e-05	0	0	0	0	3
108	1141	0	1.28609051	293.198744	293.198733	293.198716	293.198747	3.18305155e-05	3.76366542e-05	0	0	0	0	3
109	1202	0	1.29799876	293.198743	293.198733	293.198716	293.198747	3.18305155e-05	3.76366542e-05	0	0	0	0	3
110	1217	0	1.309907	293.198742	293.198733	293.198716	293.198747	3.18305155e-05	3.76366542e-05	0	0	0	0	3
111	1278	0	1.32181525	293.19874	293.198733	293.198716	293.198747	3.18305155e-05	3.76366542e-05	0	0	0	0	3
112	1317	0	1.33372349	293.198737	293.198733	293.198716	293.198747	3.18305155e-05	3.76366542e-05	0	0	0	0	3
113	1419	0	1.34563174	293.198734	293.198732	293.198716	293.198747	3.17652668e-05	3.76366542e-05	0	0	0	0	3
114	1526	0	1.35753998	293.19873	293.198732	293.198716	293.198747	2.40069393e-05	3.76366542e-05	0	0	0	0	3
115	1545	0	1.36944823	293.198728	293.198732	293.198716	293.198747	1.82020157e-05	3.76366542e-05	0	0	0	0	3
116	1572	0	1.38135648	293.198725	293.198731	293.198716	293.198746	1.40975671e-05	3.76366542e-05	0	0	0	0	3
117	1575	0	1.39326472	293.198722	293.19873	293.198716	293.198745	1.13540517e-05	3.76366542e-05	0	0	0	0	3
118	1603	0	1.40517297	293.19872	293.19873	293.198716	293.198745	9.6406269e-06	3.76366542e-05	0	0	0	0	3
119	1707	0	1.41708121	293.198718	293.198729	293.198716	293.198745	8.79956104e-06	3.76366542e-05	0	0	0	0	3
120	1748	0	1.42898946	293.198716	293.198729	293.198716	293.198745	8.38813861e-06	3.76366542e-05	0	0	0	0	3
121	1797	0	1.4408977	293.198715	293.198728	293.198715	293.198745	8.10141631e-06	3.76366542e-05	0	0	0	0	3
122	1818	0	1.45280595	293.198714	293.198728	293.198714	293.198745	7.74031145e-06	3.76366542e-05	0	0	0	0	3
123	1916	0	1.46471419	293.198712	293.198727	293.198712	293.198745	7.2004338e-06	3.76366542e-05	0	0	0	0	3
124	1945	0	1.47662244	293.198711	293.198727	293.198711	293.198745	6.85998231e-06	3.76366542e-05	0	0	0	0	3
125	1952	0	1.48853068	293.198711	293.198727	293.198711	293.198745	6.44915241e-06	3.76366542e-05	0	0	0	0	3
126	1992	0	1.50043893	293.19871	293.198726	293.19871	293.198745	6.78206237e-06	3.76366542e-05	0	0	0	0	3
127	2054	0	1.51234718	293.19871	293.198726	293.19871	293.198745	7.07597155e-06	3.76366542e-05	0	0	0	0	3
128	2083	0	1.52425542	293.19871	293.198726	293.19871	293.198745	7.32699272e-06	3.76366542e-05	0	0	0	0	3
129	2086	0	1.53616367	293.198711	293.198725	293.19871	293.198745	7.52457828e-06	3.76366542e-05	0	0	0	0	3
130	2153	0	1.54807191	293.198713	293.198725	293.19871	293.198745	7.65369725e-06	3.76366542e-05	0	0	0	0	3
131	2218	0	1.55998016	293.198715	293.198725	293.19871	293.198745	7.70450026e-06	3.76366542e-05	0	0	0	0	3
132	2245	0	1.5718884	293.198721	293.198725	293.19871	293.198745	7.70450026e-06	3.76366542e-05	0	0	0	0	3
133	2285	0	1.58379665	293.198731	293.198726	293.19871	293.198745	7.70450026e-06	3.76366542e-05	0	0	0	0	3
134	2303	0	1.59570489	293.198743	293.198726	293.19871	293.198745	7.70450026e-06	3.76366542e-05	0	0	0	0	3
135	2304	0	1.60761314	293.198754	293.198727	293.19871	293.198754	7.70450026e-06	3.76366542e-05	0	0	0	0	3
136	2307	0	1.61952138	293.198758	293.198728	293.19871	293.198758	7.70450026e-06	3.76366542e-05	0	0	0	0	3
137	2362	0	1.63142963	293.198762	293.198729	293.19871	293.198762	7.70450026e-06	3.76366542e-05	0	0	0	0	3
138	2391	0	1.64333788	293.198762	293.19873	293.19871	293.198762	7.70450026e-06	3.76366542e-05	0	0	0	0	3
