Iteration	CPUTime	PhysTime	Travels	Value	AvValue	MinValue	MaxValue	Delta	Criteria	PrevAvRefValue	Progress	CriteriaType	CriteriaVarType	CriteriaPercentage
1	5	0	0.0120110776	293.199979	293.199979	293.199979	293.199979	0	0	0	0	0	0	3
2	5	0	0.0240221552	293.199964	293.199971	293.199964	293.199979	7.46907438e-06	0	0	0	0	0	3
3	6	0	0.0360332329	293.199963	293.199968	293.199963	293.199979	1.03419129e-05	0	0	0	0	0	3
4	7	0	0.0480443105	293.199958	293.199966	293.199958	293.199979	1.29835084e-05	0	0	0	0	0	3
5	8	0	0.0600553881	293.199954	293.199963	293.199954	293.199979	1.54191192e-05	0	0	0	0	0	3
6	8	0	0.0720664657	293.199946	293.19996	293.199946	293.199979	1.83868432e-05	0	0	0	0	0	3
7	9	0	0.0840775433	293.199936	293.199957	293.199936	293.199979	2.18054255e-05	0	0	0	0	0	3
8	10	0	0.0960886209	293.199927	293.199953	293.199927	293.199979	2.55459817e-05	0	0	0	0	0	3
9	11	0	0.108099699	293.199919	293.199949	293.199919	293.199979	2.93846887e-05	0	0	0	0	0	3
10	12	0	0.120110776	293.19991	293.199946	293.19991	293.199979	3.32807785e-05	0	0	0	0	0	3
11	12	0	0.132121854	293.199901	293.199941	293.199901	293.199979	3.73597412e-05	0	0	0	0	0	3
12	13	0	0.144132931	293.199891	293.199937	293.199891	293.199979	4.15255477e-05	0	0	0	0	0	3
13	14	0	0.156144009	293.199883	293.199933	293.199883	293.199979	4.56881953e-05	0	0	0	0	0	3
14	14	0	0.168155087	293.199876	293.199929	293.199876	293.199979	4.97966201e-05	0	0	0	0	0	3
15	15	0	0.180166164	293.199869	293.199925	293.199869	293.199979	5.38194842e-05	0	0	0	0	0	3
16	16	0	0.192177242	293.199859	293.199921	293.199859	293.199979	5.79388915e-05	0	0	0	0	0	3
17	17	0	0.204188319	293.199851	293.199917	293.199851	293.199979	6.2049964e-05	0	0	0	0	0	3
18	17	0	0.216199397	293.199842	293.199913	293.199842	293.199979	6.61774782e-05	0	0	0	0	0	3
19	18	0	0.228210475	293.199834	293.199908	293.199834	293.199979	7.03084172e-05	0	0	0	0	0	3
20	19	0	0.240221552	293.199825	293.199904	293.199825	293.199979	7.44587615e-05	0	0	0	0	0	3
21	20	0	0.25223263	293.199812	293.1999	293.199812	293.199979	7.88516677e-05	0	0	0	0	0	3
22	21	0	0.264243708	293.199798	293.199895	293.199798	293.199979	8.35042275e-05	0	0	0	0	0	3
23	21	0	0.276254785	293.199781	293.19989	293.199781	293.199979	8.84674298e-05	0	0	0	0	0	3
24	22	0	0.288265863	293.199763	293.199885	293.199763	293.199979	9.37814309e-05	0	0	0	0	0	3
25	23	0	0.30027694	293.199743	293.199879	293.199743	293.199979	9.94794075e-05	0	0	0	0	0	3
26	24	0	0.312288018	293.199709	293.199873	293.199709	293.199979	0.000106017636	0	0	0	0	0	3
27	24	0	0.324299096	293.199673	293.199865	293.199673	293.199979	0.000113407105	0	0	0	0	0	3
28	25	0	0.336310173	293.199635	293.199857	293.199635	293.199979	0.000121637516	0	0	0	0	0	3
29	26	0	0.348321251	293.199595	293.199848	293.199595	293.199979	0.000130676324	0	0	0	0	0	3
30	27	0	0.360332329	293.199554	293.199838	293.199554	293.199979	0.000140467082	0	0	0	0	0	3
31	27	0	0.372343406	293.199496	293.199827	293.199496	293.199979	0.000151509655	0	0	0	0	0	3
32	28	0	0.384354484	293.199443	293.199815	293.199443	293.199979	0.000163504285	0	0	0	0	0	3
33	29	0	0.396365561	293.199399	293.199803	293.199399	293.199979	0.000176118163	0	0	0	0	0	3
34	30	0	0.408376639	293.199364	293.19979	293.199364	293.199979	0.000189018651	0	0	0	0	0	3
35	30	0	0.420387717	293.199339	293.199777	293.199339	293.199979	0.000201897539	0	0	0	0	0	3
36	31	0	0.432398794	293.199319	293.199764	293.199319	293.199979	0.000214612525	0	0	0	0	0	3
37	32	0	0.444409872	293.199311	293.199752	293.199311	293.199979	0.000226858631	0	0	0	0	0	3
38	33	0	0.456420949	293.19931	293.19974	293.19931	293.199979	0.00023847876	0	0	0	0	0	3
39	34	0	0.468432027	293.199313	293.199729	293.19931	293.199979	0.000249428808	0	0	0	0	0	3
40	34	0	0.480443105	293.199318	293.199719	293.19931	293.199979	0.000259725346	0	0	0	0	0	3
41	35	0	0.492454182	293.199322	293.199709	293.19931	293.199979	0.000269404567	0	0	0	0	0	3
42	36	0	0.50446526	293.199325	293.1997	293.19931	293.199979	0.000278553659	0	0	0	0	0	3
43	37	0	0.516476338	293.199327	293.199685	293.19931	293.199964	0.000286612083	0	0	0	0	0	3
44	38	0	0.528487415	293.199327	293.19967	293.19931	293.199963	0.00029889571	0	0	0	0	0	3
45	39	0	0.540498493	293.199327	293.199654	293.19931	293.199958	0.000311391343	0	0	0	0	0	3
46	39	0	0.55250957	293.199327	293.199639	293.19931	293.199954	0.000323987852	0	0	0	0	0	3
47	40	0	0.564520648	293.199326	293.199624	293.19931	293.199946	0.00033595646	0	0	0	0	0	3
48	41	0	0.576531726	293.199326	293.19961	293.19931	293.199936	0.000347295307	0	0	0	0	0	3
49	42	0	0.588542803	293.199326	293.199595	293.19931	293.199927	0.000358099187	0	0	0	0	0	3
50	43	0	0.600553881	293.199325	293.199581	293.19931	293.199919	0.000368591583	0	0	0	0	0	3
51	44	0	0.612564958	293.199325	293.199567	293.19931	293.19991	0.000378837499	0	0	0	0	0	3
52	45	0	0.624576036	293.199324	293.199553	293.19931	293.199901	0.000388717184	0	0	0	0	0	3
53	46	0	0.636587114	293.199324	293.199539	293.19931	293.199891	0.000398284743	0	0	0	0	0	3
54	46	0	0.648598191	293.199324	293.199525	293.19931	293.199883	0.000407642211	0	0	0	0	0	3
55	47	0	0.660609269	293.199323	293.199512	293.19931	293.199876	0.000416868334	0	0	0	0	0	3
56	48	0	0.672620347	293.199322	293.199499	293.19931	293.199869	0.000426017419	0	0	0	0	0	3
57	49	0	0.684631424	293.199322	293.199486	293.19931	293.199859	0.000434909958	0	0	0	0	0	3
58	50	0	0.696642502	293.199322	293.199473	293.19931	293.199851	0.000443583885	0	0	0	0	0	3
59	51	0	0.708653579	293.199322	293.199461	293.19931	293.199842	0.000452053448	0	0	0	0	0	3
60	52	0	0.720664657	293.199322	293.199448	293.19931	293.199834	0.00046032311	0	0	0	0	0	3
61	52	0	0.732675735	293.199321	293.199436	293.19931	293.199825	0.000468384372	0	0	0	0	0	3
62	53	0	0.744686812	293.199321	293.199424	293.19931	293.199812	0.000475997693	0	0	0	0	0	3
63	54	0	0.75669789	293.199321	293.199412	293.19931	293.199798	0.000483037335	0	0	0	0	0	3
64	55	0	0.768708968	293.199321	293.199401	293.19931	293.199781	0.00047076566	0	0	0	0	0	3
65	56	0	0.780720045	293.199321	293.19939	293.19931	293.199763	0.000452420088	0	0	0	0	0	3
66	56	0	0.792731123	293.199321	293.199379	293.19931	293.199743	0.000432192697	0	0	0	0	0	3
67	57	0	0.8047422	293.199321	293.199369	293.19931	293.199709	0.000398950202	0	0	0	0	0	3
68	58	0	0.816753278	293.199321	293.19936	293.19931	293.199673	0.00036289024	0	0	0	0	0	3
69	59	0	0.828764356	293.199321	293.199352	293.19931	293.199635	0.000324564915	0	0	0	0	0	3
70	60	0	0.840775433	293.199321	293.199344	293.19931	293.199595	0.000284660602	0	0	0	0	0	3
71	61	0	0.852786511	293.199321	293.199338	293.19931	293.199554	0.000244024469	0	0	0	0	0	3
72	61	0	0.864797588	293.199321	293.199332	293.19931	293.199496	0.00018563672	0	0	0	0	0	3
73	62	0	0.876808666	293.199321	293.199328	293.19931	293.199443	0.000133085719	0	0	0	0	0	3
74	63	0	0.888819744	293.199321	293.199325	293.19931	293.199399	8.86612634e-05	0	0	0	0	0	3
75	64	0	0.900830821	293.199321	293.199323	293.19931	293.199364	5.36888149e-05	0	0	0	0	0	3
76	65	0	0.912841899	293.199321	293.199322	293.19931	293.199339	2.86437931e-05	0	0	0	0	0	3
77	66	0	0.924852977	293.199321	293.199322	293.19931	293.199327	1.69138264e-05	0	0	0	0	0	3
78	67	0	0.936864054	293.199321	293.199322	293.19931	293.199327	1.69138264e-05	0	0	0	0	0	3
79	67	0	0.948875132	293.199321	293.199322	293.19931	293.199327	1.69138264e-05	0	0	0	0	0	3
80	68	0	0.960886209	293.19932	293.199322	293.199313	293.199327	1.40208995e-05	0	0	0	0	0	3
81	69	0	0.972897287	293.19932	293.199322	293.199318	293.199327	9.7805974e-06	0	0	0	0	0	3
82	70	0	0.984908365	293.19932	293.199322	293.19932	293.199327	7.11276982e-06	0	0	0	0	0	3
83	71	0	0.996919442	293.19932	293.199322	293.19932	293.199327	7.11516503e-06	0	0	0	0	0	3
84	72	0	1.00893052	293.19932	293.199322	293.19932	293.199327	7.11516503e-06	1.95700786e-05	0	0	0	0	3
85	72	0	1.0209416	293.19932	293.199322	293.19932	293.199327	7.11516503e-06	1.95700786e-05	0	0	0	0	3
86	73	0	1.03295268	293.19932	293.199322	293.19932	293.199327	6.80782921e-06	1.95700786e-05	0	0	0	0	3
87	74	0	1.04496375	293.19932	293.199322	293.19932	293.199327	6.50809352e-06	1.95700786e-05	0	0	0	0	3
88	75	0	1.05697483	293.19932	293.199322	293.19932	293.199326	6.33302574e-06	1.95700786e-05	0	0	0	0	3
89	76	0	1.06898591	293.19932	293.199321	293.19932	293.199326	5.7901712e-06	1.95700786e-05	0	0	0	0	3
90	77	0	1.08099699	293.19932	293.199321	293.19932	293.199326	5.64446879e-06	1.95700786e-05	0	0	0	0	3
91	77	0	1.09300806	293.19932	293.199321	293.19932	293.199325	5.21296124e-06	1.95700786e-05	0	0	0	0	3
92	78	0	1.10501914	293.19932	293.199321	293.19932	293.199325	4.79055979e-06	1.95700786e-05	0	0	0	0	3
93	79	0	1.11703022	293.19932	293.199321	293.19932	293.199324	4.24040377e-06	1.95700786e-05	0	0	0	0	3
94	80	0	1.1290413	293.19932	293.199321	293.19932	293.199324	3.89841136e-06	1.95700786e-05	0	0	0	0	3
95	81	0	1.14105237	293.19932	293.199321	293.19932	293.199324	3.65491508e-06	1.95700786e-05	0	0	0	0	3
96	82	0	1.15306345	293.19932	293.199321	293.19932	293.199323	3.15819591e-06	1.95700786e-05	0	0	0	0	3
97	82	0	1.16507453	293.19932	293.199321	293.19932	293.199322	2.42116784e-06	1.95700786e-05	0	0	0	0	3
98	83	0	1.17708561	293.19932	293.199321	293.19932	293.199322	2.20784381e-06	1.95700786e-05	0	0	0	0	3
99	84	0	1.18909668	293.19932	293.199321	293.19932	293.199322	2.14916582e-06	1.95700786e-05	0	0	0	0	3
100	85	0	1.20110776	293.19932	293.199321	293.19932	293.199322	1.94479736e-06	1.95700786e-05	0	0	0	0	3
101	86	0	1.21311884	293.19932	293.19932	293.19932	293.199322	1.67869979e-06	1.95700786e-05	0	0	0	0	3
102	87	0	1.22512992	293.19932	293.19932	293.19932	293.199321	1.29640682e-06	1.95700786e-05	0	0	0	0	3
103	88	0	1.23714099	293.19932	293.19932	293.19932	293.199321	1.33335209e-06	1.95700786e-05	0	0	0	0	3
104	89	0	1.24915207	293.19932	293.19932	293.19932	293.199321	1.12795942e-06	1.95700786e-05	0	0	0	0	3
105	90	0	1.26116315	293.19932	293.19932	293.19932	293.199321	1.04590225e-06	1.95700786e-05	0	0	0	0	3
106	91	0	1.27317423	293.19932	293.19932	293.19932	293.199321	1.16942579e-06	1.95700786e-05	0	0	0	0	3
107	92	0	1.28518531	293.19932	293.19932	293.19932	293.199321	1.16942579e-06	1.95700786e-05	0	0	0	0	3
108	93	0	1.29719638	293.19932	293.19932	293.19932	293.199321	1.16942579e-06	1.95700786e-05	0	0	0	0	3
109	94	0	1.30920746	293.19932	293.19932	293.19932	293.199321	1.06544184e-06	1.95700786e-05	0	0	0	0	3
110	95	0	1.32121854	293.19932	293.19932	293.19932	293.199321	1.06544184e-06	1.95700786e-05	0	0	0	0	3
111	96	0	1.33322962	293.19932	293.19932	293.19932	293.199321	1.06544184e-06	1.95700786e-05	0	0	0	0	3
112	97	0	1.34524069	293.19932	293.19932	293.19932	293.199321	1.06544184e-06	1.95700786e-05	0	0	0	0	3
113	98	0	1.35725177	293.19932	293.19932	293.19932	293.199321	1.06544184e-06	1.95700786e-05	0	0	0	0	3
114	99	0	1.36926285	293.19932	293.19932	293.19932	293.199321	1.06544184e-06	1.95700786e-05	0	0	0	0	3
115	100	0	1.38127393	293.19932	293.19932	293.19932	293.199321	1.06544184e-06	1.95700786e-05	0	0	0	0	3
116	101	0	1.393285	293.19932	293.19932	293.19932	293.199321	1.06544184e-06	1.95700786e-05	0	0	0	0	3
