Iteration	CPUTime	PhysTime	Travels	Value	AvValue	MinValue	MaxValue	Delta	Criteria	PrevAvRefValue	Progress	CriteriaType	CriteriaVarType	CriteriaPercentage
1	4	0	0.0120120768	5.84534681	5.84534681	5.84534681	5.84534681	0	0	0	0	0	0	3
2	4	0	0.0240241536	0.290838311	3.06809256	0.290838311	5.84534681	2.77725425	0	0	0	0	0	3
3	5	0	0.0360362304	8.6306738	4.92228631	0.290838311	8.6306738	2.77725425	0	0	0	0	0	3
4	6	0	0.0480483072	-1.01029951	3.43913985	-1.01029951	8.6306738	2.77725425	0	0	0	0	0	3
5	6	0	0.060060384	9.21473821	4.59425952	-1.01029951	9.21473821	2.77725425	0	0	0	0	0	3
6	7	0	0.0720724608	2.73922741	4.2850875	-1.01029951	9.21473821	2.77725425	0	0	0	0	0	3
7	8	0	0.0840845375	8.58209358	4.89894552	-1.01029951	9.21473821	2.77725425	0	0	0	0	0	3
8	8	0	0.0960966143	3.86233229	4.76936886	-1.01029951	9.21473821	2.77725425	0	0	0	0	0	3
9	9	0	0.108108691	9.00515392	5.24001165	-1.01029951	9.21473821	2.77725425	0	0	0	0	0	3
10	10	0	0.120120768	5.19003013	5.2350135	-1.01029951	9.21473821	2.77725425	0	0	0	0	0	3
11	11	0	0.132132845	9.12314531	5.58848002	-1.01029951	9.21473821	2.77725425	0	0	0	0	0	3
12	11	0	0.144144922	8.42766008	5.82507836	-1.01029951	9.21473821	2.77725425	0	0	0	0	0	3
13	12	0	0.156156998	8.48809485	6.02992578	-1.01029951	9.21473821	2.96183323	0	0	0	0	0	3
14	13	0	0.168169075	9.00013447	6.24208355	-1.01029951	9.21473821	3.17399099	0	0	0	0	0	3
15	13	0	0.180181152	9.26070697	6.44332511	-1.01029951	9.26070697	3.37523255	0	0	0	0	0	3
16	14	0	0.192193229	8.14386741	6.549609	-1.01029951	9.26070697	3.48151644	0	0	0	0	0	3
17	15	0	0.204205305	9.87600375	6.74527928	-1.01029951	9.87600375	3.67718672	0	0	0	0	0	3
18	16	0	0.216217382	9.26754517	6.88540516	-1.01029951	9.87600375	3.81731261	0	0	0	0	0	3
19	16	0	0.228229459	10.4796115	7.07457392	-1.01029951	10.4796115	4.00648136	0	0	0	0	0	3
20	17	0	0.240241536	9.91036428	7.21636344	-1.01029951	10.4796115	4.14827088	0	0	0	0	0	3
21	18	0	0.252253613	11.1023393	7.40140991	-1.01029951	11.1023393	4.33331735	0	0	0	0	0	3
22	19	0	0.264265689	11.2570366	7.57666567	-1.01029951	11.2570366	4.50857311	0	0	0	0	0	3
23	19	0	0.276277766	12.2041869	7.77786224	-1.01029951	12.2041869	4.70976968	0	0	0	0	0	3
24	20	0	0.288289843	11.3460024	7.92653475	-1.01029951	12.2041869	4.85844219	0	0	0	0	0	3
25	21	0	0.30030192	12.6567508	8.11574339	-1.01029951	12.6567508	5.04765083	0	0	0	0	0	3
26	22	0	0.312313997	12.1831354	8.27218155	-1.01029951	12.6567508	5.20408899	0	0	0	0	0	3
27	22	0	0.324326073	12.6157336	8.43305385	-1.01029951	12.6567508	5.36496129	0	0	0	0	0	3
28	23	0	0.33633815	12.2459263	8.56922786	-1.01029951	12.6567508	5.5011353	0	0	0	0	0	3
29	24	0	0.348350227	12.2473817	8.69606075	-1.01029951	12.6567508	5.62796819	0	0	0	0	0	3
30	25	0	0.360362304	12.6286424	8.82714681	-1.01029951	12.6567508	5.75905425	0	0	0	0	0	3
31	25	0	0.372374381	12.2510052	8.93759385	-1.01029951	12.6567508	5.86950129	0	0	0	0	0	3
32	26	0	0.384386457	12.0872816	9.0360216	-1.01029951	12.6567508	5.96792904	0	0	0	0	0	3
33	27	0	0.396398534	11.848434	9.12124621	-1.01029951	12.6567508	6.05315365	0	0	0	0	0	3
34	28	0	0.408410611	12.2648778	9.21370596	-1.01029951	12.6567508	6.14561341	0	0	0	0	0	3
35	29	0	0.420422688	12.3762716	9.30406498	-1.01029951	12.6567508	6.23597242	0	0	0	0	0	3
36	30	0	0.432434765	12.5340518	9.39378684	-1.01029951	12.6567508	6.32569428	0	0	0	0	0	3
37	31	0	0.444446841	12.8369712	9.48684588	-1.01029951	12.8369712	6.41875332	0	0	0	0	0	3
38	31	0	0.456458918	12.8317749	9.57487032	-1.01029951	12.8369712	6.50677776	0	0	0	0	0	3
39	32	0	0.468470995	12.9568864	9.66158868	-1.01029951	12.9568864	6.59349612	0	0	0	0	0	3
40	33	0	0.480483072	12.6863358	9.73720736	-1.01029951	12.9568864	6.6691148	0	0	0	0	0	3
41	34	0	0.492495148	12.8250193	9.81251985	-1.01029951	12.9568864	6.74442729	0	0	0	0	0	3
42	35	0	0.504507225	12.8908653	9.88581379	-1.01029951	12.9568864	6.81772123	0	0	0	0	0	3
43	36	0	0.516519302	12.8312343	10.0521444	-1.01029951	12.9568864	6.98405188	0	0	0	0	0	3
44	37	0	0.528531379	12.8959151	10.3522653	-1.01029951	12.9568864	6.91312547	0	0	0	0	0	3
45	37	0	0.540543456	12.7951694	10.45142	-1.01029951	12.9568864	7.01228012	0	0	0	0	0	3
46	38	0	0.552555532	12.7464266	10.7789611	2.73922741	12.9568864	6.49387357	0	0	0	0	0	3
47	39	0	0.564567609	12.5406176	10.8581487	2.73922741	12.9568864	6.57306118	0	0	0	0	0	3
48	40	0	0.576579686	12.5637778	11.0920665	3.86233229	12.9568864	6.32269768	0	0	0	0	0	3
49	41	0	0.588591763	12.4667981	11.1845595	3.86233229	12.9568864	6.41519065	0	0	0	0	0	3
50	41	0	0.60060384	12.6690817	11.394244	5.19003013	12.9568864	6.15923052	0	0	0	0	0	3
51	42	0	0.612615916	12.5612544	11.4789131	5.19003013	12.9568864	6.24389958	0	0	0	0	0	3
52	43	0	0.624627993	12.6329455	11.6561253	8.14386741	12.9568864	4.81301895	0	0	0	0	0	3
53	44	0	0.63664007	12.8739317	11.7454298	8.14386741	12.9568864	4.81301895	0	0	0	0	0	3
54	45	0	0.648652147	13.0244533	11.8548772	8.14386741	13.0244533	4.88058586	0	0	0	0	0	3
55	45	0	0.660664224	12.9871125	11.9619967	8.14386741	13.0244533	4.88058586	0	0	0	0	0	3
56	46	0	0.6726763	13.2291078	12.0626866	8.14386741	13.2291078	5.08524043	0	0	0	0	0	3
57	47	0	0.684688377	13.0841926	12.1537219	8.14386741	13.2291078	5.08524043	0	0	0	0	0	3
58	48	0	0.696700454	13.0637069	12.270861	9.26754517	13.2291078	3.96156267	0	0	0	0	0	3
59	48	0	0.708712531	12.8111123	12.3407445	9.26754517	13.2291078	3.96156267	0	0	0	0	0	3
60	49	0	0.720724608	12.8838373	12.4268467	9.91036428	13.2291078	3.31874356	0	0	0	0	0	3
61	50	0	0.732736684	12.8388567	12.4830192	9.91036428	13.2291078	3.31874356	0	0	0	0	0	3
62	51	0	0.744748761	13.0252761	12.5571838	11.1023393	13.2291078	2.12676853	0	0	0	0	0	3
63	51	0	0.756760838	12.9963033	12.6022781	11.2570366	13.2291078	1.97207124	0	0	0	0	0	3
64	52	0	0.768772915	12.9436498	12.6424356	11.3460024	13.2291078	1.88310541	0	0	0	0	0	3
65	53	0	0.780784991	12.6895175	12.6539911	11.3460024	13.2291078	1.88310541	0	0	0	0	0	3
66	54	0	0.792797068	12.499272	12.6814499	11.848434	13.2291078	1.38067385	0	0	0	0	0	3
67	54	0	0.804809145	12.3271657	12.6736026	11.848434	13.2291078	1.38067385	0	0	0	0	0	3
68	55	0	0.816821222	12.5255234	12.6817547	11.848434	13.2291078	1.38067385	0	0	0	0	0	3
69	56	0	0.828833299	12.565332	12.6805547	11.848434	13.2291078	1.38067385	0	0	0	0	0	3
70	57	0	0.840845375	12.3818659	12.6837913	11.848434	13.2291078	1.38067385	0	0	0	0	0	3
71	58	0	0.852857452	12.2574751	12.6840317	11.848434	13.2291078	1.38067385	0	0	0	0	0	3
72	58	0	0.864869529	12.8475384	12.6892435	11.848434	13.2291078	1.38067385	0	0	0	0	0	3
73	59	0	0.876881606	12.4851051	12.6948173	11.848434	13.2291078	1.38067385	0	0	0	0	0	3
74	60	0	0.888893683	12.7493674	12.7105812	11.848434	13.2291078	1.38067385	0	0	0	0	0	3
75	61	0	0.900905759	12.5810753	12.7280251	12.2574751	13.2291078	0.971632698	0	0	0	0	0	3
76	61	0	0.912917836	12.7411685	12.7393653	12.2574751	13.2291078	0.971632698	0	0	0	0	0	3
77	62	0	0.924929913	12.769845	12.7487361	12.2574751	13.2291078	0.971632698	0	0	0	0	0	3
78	63	0	0.93694199	13.0792882	12.7617179	12.2574751	13.2291078	0.971632698	0	0	0	0	0	3
79	64	0	0.948954067	12.9054971	12.7633495	12.2574751	13.2291078	0.971632698	0	0	0	0	0	3
80	64	0	0.960966143	12.846237	12.7636938	12.2574751	13.2291078	0.971632698	0	0	0	0	0	3
81	65	0	0.97297822	12.7708199	12.7592637	12.2574751	13.2291078	0.971632698	0	0	0	0	0	3
82	66	0	0.984990297	13.1253003	12.7697152	12.2574751	13.2291078	0.971632698	0	0	0	0	0	3
83	67	0	0.997002374	13.2765627	12.7804663	12.2574751	13.2765627	1.01908751	0	0	0	0	0	3
84	67	0	1.00901445	13.4308721	12.7933236	12.2574751	13.4308721	1.17339698	0.433235149	0	36.9	0	0	3
85	68	0	1.02102653	13.1247547	12.8003121	12.2574751	13.4308721	1.17339698	0.433235149	0	36.9	0	0	3
86	69	0	1.0330386	13.2178762	12.8079779	12.2574751	13.4308721	1.17339698	0.433235149	0	36.9	0	0	3
87	70	0	1.04505068	13.1925842	12.8174401	12.2574751	13.4308721	1.17339698	0.433235149	0	36.9	0	0	3
88	71	0	1.05706276	12.8525946	12.8199679	12.2574751	13.4308721	1.17339698	0.433235149	0	36.9	0	0	3
89	71	0	1.06907483	12.8094683	12.8263692	12.2574751	13.4308721	1.17339698	0.433235149	0	36.9	0	0	3
90	72	0	1.08108691	12.9816673	12.8363189	12.2574751	13.4308721	1.17339698	0.433235149	0	36.9	0	0	3
91	73	0	1.09309899	12.804509	12.8443596	12.2574751	13.4308721	1.17339698	0.433235149	0	36.9	0	0	3
92	74	0	1.10511106	12.5895558	12.8424662	12.2574751	13.4308721	1.17339698	0.433235149	0	36.9	0	0	3
93	74	0	1.11712314	12.3837318	12.8382394	12.2574751	13.4308721	1.17339698	0.433235149	0	36.9	0	0	3
94	75	0	1.12913522	12.1152066	12.8259123	12.1152066	13.4308721	1.09892986	0.433235149	0	39.4	0	0	3
95	76	0	1.1411473	11.9335353	12.8035219	11.9335353	13.4308721	0.9894824	0.433235149	0	43.7	0	0	3
96	77	0	1.15315937	12.1202774	12.7819939	11.9335353	13.4308721	0.882362933	0.433235149	0	49	0	0	3
97	77	0	1.16517145	12.1942175	12.7631155	11.9335353	13.4308721	0.781673091	0.433235149	0	55.4	0	0	3
98	78	0	1.17718353	12.3650331	12.7425423	11.9335353	13.4308721	0.690637718	0.433235149	0	62.7	0	0	3
99	79	0	1.1891956	12.470793	12.7279375	11.9335353	13.4308721	0.573498682	0.433235149	0	75.5	0	0	3
100	80	0	1.20120768	12.683432	12.7188834	11.9335353	13.4308721	0.503615145	0.433235149	0	86	0	0	3
101	81	0	1.21321976	12.5236719	12.7120395	11.9335353	13.4308721	0.417512951	0.433235149	0	100	0	0	3
102	82	0	1.22523183	12.8295293	12.7107465	11.9335353	13.4308721	0.361340445	0.433235149	0	100	0	0	3
103	83	0	1.23724391	12.8957317	12.7121007	11.9335353	13.4308721	0.287175878	0.433235149	0	100	0	0	3
104	84	0	1.24925599	13.2872105	12.7183372	11.9335353	13.4308721	0.242081499	0.433235149	0	100	0	0	3
105	85	0	1.26126806	13.323948	12.7261383	11.9335353	13.4308721	0.201924042	0.433235149	0	100	0	0	3
106	86	0	1.27328014	13.4608191	12.7384518	11.9335353	13.4608191	0.190368551	0.433235149	0	100	0	0	3
107	87	0	1.28529222	13.3819275	12.7549378	11.9335353	13.4608191	0.170757019	0.433235149	0	100	0	0	3
108	88	0	1.29730429	13.1579256	12.77062	11.9335353	13.4608191	0.170757019	0.433235149	0	100	0	0	3
109	88	0	1.30931637	12.9975054	12.7865805	11.9335353	13.4608191	0.163804961	0.433235149	0	100	0	0	3
110	89	0	1.32132845	12.7965951	12.7930345	11.9335353	13.4608191	0.163804961	0.433235149	0	100	0	0	3
111	90	0	1.33334052	12.6058605	12.7939995	11.9335353	13.4608191	0.160568303	0.433235149	0	100	0	0	3
112	91	0	1.3453526	12.333097	12.7928383	11.9335353	13.4608191	0.160327984	0.433235149	0	100	0	0	3
113	92	0	1.35736468	12.0815217	12.788649	11.9335353	13.4608191	0.155116175	0.433235149	0	100	0	0	3
114	93	0	1.36937675	12.1549983	12.7721599	11.9335353	13.4608191	0.149542368	0.433235149	0	100	0	0	3
115	94	0	1.38138883	12.1453049	12.7640694	11.9335353	13.4608191	0.133778419	0.433235149	0	100	0	0	3
116	94	0	1.39340091	12.4766214	12.7575755	11.9335353	13.4608191	0.133613154	0.433235149	0	100	0	0	3
117	95	0	1.40541298	12.5821158	12.7576003	11.9335353	13.4608191	0.133613154	0.433235149	0	100	0	0	3
118	96	0	1.41742506	12.8535143	12.7602752	11.9335353	13.4608191	0.133613154	0.433235149	0	100	0	0	3
119	97	0	1.42943714	13.1012408	12.7681655	11.9335353	13.4608191	0.133613154	0.433235149	0	100	0	0	3
120	98	0	1.44144922	13.1613074	12.7701184	11.9335353	13.4608191	0.133613154	0.433235149	0	100	0	0	3
121	98	0	1.45346129	12.9880692	12.7720844	11.9335353	13.4608191	0.133613154	0.433235149	0	100	0	0	3
122	99	0	1.46547337	12.9335772	12.7741639	11.9335353	13.4608191	0.133613154	0.433235149	0	100	0	0	3
123	100	0	1.47748545	13.2486435	12.7855407	11.9335353	13.4608191	0.133613154	0.433235149	0	100	0	0	3
124	101	0	1.48949752	13.4303589	12.792804	11.9335353	13.4608191	0.133613154	0.433235149	0	100	0	0	3
