Iteration	CPUTime	PhysTime	Travels	Value	AvValue	MinValue	MaxValue	Delta	Criteria	PrevAvRefValue	Progress	CriteriaType	CriteriaVarType	CriteriaPercentage
1	4	0	0.0120120768	1734.73076	1734.73076	1734.73076	1734.73076	0	0	0	0	0	0	3
2	4	0	0.0240241536	64.4115419	899.571153	64.4115419	1734.73076	835.159611	0	0	0	0	0	3
3	5	0	0.0360362304	106.098213	635.080173	64.4115419	1734.73076	1099.65059	0	0	0	0	0	3
4	6	0	0.0480483072	105.376126	502.654161	64.4115419	1734.73076	1232.0766	0	0	0	0	0	3
5	6	0	0.060060384	135.487927	429.220914	64.4115419	1734.73076	1305.50985	0	0	0	0	0	3
6	7	0	0.0720724608	113.395552	376.583354	64.4115419	1734.73076	1358.14741	0	0	0	0	0	3
7	8	0	0.0840845375	107.766719	338.180977	64.4115419	1734.73076	1396.54979	0	0	0	0	0	3
8	8	0	0.0960966143	111.555816	309.852832	64.4115419	1734.73076	1424.87793	0	0	0	0	0	3
9	9	0	0.108108691	104.404924	287.025287	64.4115419	1734.73076	1447.70548	0	0	0	0	0	3
10	10	0	0.120120768	116.321343	269.954893	64.4115419	1734.73076	1464.77587	0	0	0	0	0	3
11	11	0	0.132132845	96.6395998	254.198957	64.4115419	1734.73076	1480.53181	0	0	0	0	0	3
12	11	0	0.144144922	111.657714	242.32052	64.4115419	1734.73076	1492.41024	0	0	0	0	0	3
13	12	0	0.156156998	92.8252482	230.820884	64.4115419	1734.73076	1503.90988	0	0	0	0	0	3
14	13	0	0.168169075	105.695677	221.883369	64.4115419	1734.73076	1512.84739	0	0	0	0	0	3
15	13	0	0.180181152	91.9436029	213.220718	64.4115419	1734.73076	1521.51005	0	0	0	0	0	3
16	14	0	0.192193229	100.462146	206.173307	64.4115419	1734.73076	1528.55746	0	0	0	0	0	3
17	15	0	0.204205305	92.3042793	199.475129	64.4115419	1734.73076	1535.25563	0	0	0	0	0	3
18	16	0	0.216217382	96.9065854	193.776877	64.4115419	1734.73076	1540.95389	0	0	0	0	0	3
19	16	0	0.228229459	93.7352492	188.511528	64.4115419	1734.73076	1546.21924	0	0	0	0	0	3
20	17	0	0.240241536	95.703707	183.871137	64.4115419	1734.73076	1550.85963	0	0	0	0	0	3
21	18	0	0.252253613	93.4466137	179.565207	64.4115419	1734.73076	1555.16556	0	0	0	0	0	3
22	19	0	0.264265689	92.6314657	175.613673	64.4115419	1734.73076	1559.11709	0	0	0	0	0	3
23	19	0	0.276277766	92.0475869	171.980365	64.4115419	1734.73076	1562.7504	0	0	0	0	0	3
24	20	0	0.288289843	93.2841569	168.701357	64.4115419	1734.73076	1566.02941	0	0	0	0	0	3
25	21	0	0.30030192	94.3272801	165.726393	64.4115419	1734.73076	1569.00437	0	0	0	0	0	3
26	22	0	0.312313997	95.6765381	163.032168	64.4115419	1734.73076	1571.6986	0	0	0	0	0	3
27	22	0	0.324326073	96.524068	160.568905	64.4115419	1734.73076	1574.16186	0	0	0	0	0	3
28	23	0	0.33633815	97.0302983	158.299669	64.4115419	1734.73076	1576.43109	0	0	0	0	0	3
29	24	0	0.348350227	96.9623182	156.184588	64.4115419	1734.73076	1578.54618	0	0	0	0	0	3
30	25	0	0.360362304	96.8036982	154.205225	64.4115419	1734.73076	1580.52554	0	0	0	0	0	3
31	25	0	0.372374381	96.3709341	152.339603	64.4115419	1734.73076	1582.39116	0	0	0	0	0	3
32	26	0	0.384386457	95.8915323	150.575601	64.4115419	1734.73076	1584.15516	0	0	0	0	0	3
33	27	0	0.396398534	97.2862939	148.960773	64.4115419	1734.73076	1585.76999	0	0	0	0	0	3
34	28	0	0.408410611	97.9126096	147.459357	64.4115419	1734.73076	1587.27141	0	0	0	0	0	3
35	29	0	0.420422688	98.5383741	146.061614	64.4115419	1734.73076	1588.66915	0	0	0	0	0	3
36	30	0	0.432434765	98.1947016	144.731978	64.4115419	1734.73076	1589.99879	0	0	0	0	0	3
37	31	0	0.444446841	97.3447707	143.451243	64.4115419	1734.73076	1591.27952	0	0	0	0	0	3
38	31	0	0.456458918	97.3493148	142.238034	64.4115419	1734.73076	1592.49273	0	0	0	0	0	3
39	32	0	0.468470995	97.059465	141.079609	64.4115419	1734.73076	1593.65115	0	0	0	0	0	3
40	33	0	0.480483072	97.5767887	139.992039	64.4115419	1734.73076	1594.73872	0	0	0	0	0	3
41	34	0	0.492495148	97.4960922	138.955552	64.4115419	1734.73076	1595.77521	0	0	0	0	0	3
42	35	0	0.504507225	98.477052	137.991778	64.4115419	1734.73076	1596.73899	0	0	0	0	0	3
43	36	0	0.516519302	99.0469574	99.0469257	64.4115419	135.487927	71.0763848	0	0	0	0	0	3
44	37	0	0.528531379	99.4982604	99.8823238	91.9436029	135.487927	43.5443238	0	0	0	0	0	3
45	37	0	0.540543456	99.4756774	99.7246444	91.9436029	135.487927	43.5443238	0	0	0	0	0	3
46	38	0	0.552555532	99.2858753	99.5796384	91.9436029	135.487927	43.5443238	0	0	0	0	0	3
47	39	0	0.564567609	99.1497591	98.7144439	91.9436029	116.321343	24.3777403	0	0	0	0	0	3
48	40	0	0.576579686	98.7565761	98.3658969	91.9436029	116.321343	24.3777403	0	0	0	0	0	3
49	41	0	0.588591763	99.1399454	98.1604975	91.9436029	116.321343	24.3777403	0	0	0	0	0	3
50	41	0	0.60060384	99.3619687	97.8701678	91.9436029	116.321343	24.3777403	0	0	0	0	0	3
51	42	0	0.612615916	98.7953348	97.7366062	91.9436029	116.321343	24.3777403	0	0	0	0	0	3
52	43	0	0.624627993	98.499289	97.3122716	91.9436029	111.657714	19.7141108	0	0	0	0	0	3
53	44	0	0.63664007	98.1925171	97.3492458	91.9436029	111.657714	19.7141108	0	0	0	0	0	3
54	45	0	0.648652147	98.503836	97.0360582	91.9436029	105.695677	13.7520744	0	0	0	0	0	3
55	45	0	0.660664224	98.815213	97.1786764	91.9436029	105.695677	13.7520744	0	0	0	0	0	3
56	46	0	0.6726763	100.002203	97.0431175	91.9436029	100.462146	8.51854324	0	0	0	0	0	3
57	47	0	0.684688377	100.024932	97.2355301	92.0475869	100.462146	8.4145592	0	0	0	0	0	3
58	48	0	0.696700454	100.838617	97.2444937	92.0475869	100.838617	8.79103013	0	0	0	0	0	3
59	48	0	0.708712531	99.8809337	97.4248902	92.0475869	100.838617	8.79103013	0	0	0	0	0	3
60	49	0	0.720724608	99.6453075	97.4900979	92.0475869	100.838617	8.79103013	0	0	0	0	0	3
61	50	0	0.732736684	98.7448884	97.609375	92.0475869	100.838617	8.79103013	0	0	0	0	0	3
62	51	0	0.744748761	98.8949731	97.6853576	92.0475869	100.838617	8.79103013	0	0	0	0	0	3
63	51	0	0.756760838	98.5330577	97.8064634	92.0475869	100.838617	8.79103013	0	0	0	0	0	3
64	52	0	0.768772915	99.2288836	97.9635448	92.0475869	100.838617	8.79103013	0	0	0	0	0	3
65	53	0	0.780784991	99.0474153	98.1302073	93.2841569	100.838617	7.55446018	0	0	0	0	0	3
66	54	0	0.792797068	99.2683924	98.2726891	94.3272801	100.838617	6.51133692	0	0	0	0	0	3
67	54	0	0.804809145	99.8340891	98.4038036	95.6765381	100.838617	5.16207892	0	0	0	0	0	3
68	55	0	0.816821222	99.7053297	98.4997272	95.8915323	100.838617	4.94708479	0	0	0	0	0	3
69	56	0	0.828833299	100.2124	98.5875447	95.8915323	100.838617	4.94708479	0	0	0	0	0	3
70	57	0	0.840845375	100.106101	98.6607781	95.8915323	100.838617	4.94708479	0	0	0	0	0	3
71	58	0	0.852857452	100.462273	98.7441103	95.8915323	100.838617	4.94708479	0	0	0	0	0	3
72	58	0	0.864869529	100.836368	98.8401263	95.8915323	100.838617	4.94708479	0	0	0	0	0	3
73	59	0	0.876881606	100.482832	98.9380286	95.8915323	100.838617	4.94708479	0	0	0	0	0	3
74	60	0	0.888893683	100.364302	99.0445231	97.059465	100.838617	3.77915205	0	0	0	0	0	3
75	61	0	0.900905759	100.050419	99.1103356	97.059465	100.838617	3.77915205	0	0	0	0	0	3
76	61	0	0.912917836	100.577134	99.1737767	97.059465	100.838617	3.77915205	0	0	0	0	0	3
77	62	0	0.924929913	100.628163	99.2235336	97.059465	100.838617	3.77915205	0	0	0	0	0	3
78	63	0	0.93694199	100.184548	99.2709109	97.059465	100.838617	3.77915205	0	0	0	0	0	3
79	64	0	0.948954067	100.776228	99.3526122	97.059465	100.838617	3.77915205	0	0	0	0	0	3
80	64	0	0.960966143	100.577082	99.4294638	97.059465	100.838617	3.77915205	0	0	0	0	0	3
81	65	0	0.97297822	100.782964	99.5181185	97.4960922	100.838617	3.34252487	0	0	0	0	0	3
82	66	0	0.984990297	100.582455	99.589682	97.4960922	100.838617	3.34252487	0	0	0	0	0	3
83	67	0	0.997002374	100.450283	99.6600199	98.1925171	100.838617	2.64609995	0	0	0	0	0	3
84	67	0	1.00901445	99.9902608	99.6960487	98.1925171	100.838617	2.64609995	1.30632971	0	49.3	0	0	3
85	68	0	1.02102653	100.010713	99.7189952	98.1925171	100.838617	2.64609995	1.30632971	0	49.3	0	0	3
86	69	0	1.0330386	100.036814	99.7318179	98.1925171	100.838617	2.64609995	1.30632971	0	49.3	0	0	3
87	70	0	1.04505068	100.417918	99.7542522	98.1925171	100.838617	2.64609995	1.30632971	0	49.3	0	0	3
88	71	0	1.05706276	100.988786	99.7947977	98.1925171	100.988786	2.75873951	1.30632971	0	47.3	0	0	3
89	71	0	1.06907483	101.50561	99.8508894	98.1925171	101.50561	2.81483119	1.30632971	0	46.4	0	0	3
90	72	0	1.08108691	102.049055	99.9292818	98.1925171	102.049055	2.89322356	1.30632971	0	45.1	0	0	3
91	73	0	1.09309899	102.521	100.009783	98.1925171	102.521	2.97372486	1.30632971	0	43.9	0	0	3
92	74	0	1.10511106	102.058319	100.073982	98.1925171	102.521	3.03792369	1.30632971	0	43	0	0	3
93	74	0	1.11712314	101.703158	100.143216	98.1925171	102.521	3.10715756	1.30632971	0	42	0	0	3
94	75	0	1.12913522	100.939593	100.201318	98.1925171	102.521	3.16526004	1.30632971	0	41.2	0	0	3
95	76	0	1.1411473	100.548394	100.257411	98.503836	102.521	3.22135234	1.30632971	0	40.5	0	0	3
96	77	0	1.15315937	99.790574	100.288047	98.5330577	102.521	3.24492966	1.30632971	0	40.2	0	0	3
97	77	0	1.16517145	99.8448106	100.312561	98.5330577	102.521	3.26944389	1.30632971	0	39.9	0	0	3
98	78	0	1.17718353	99.5503442	100.301803	98.5330577	102.521	3.07703129	1.30632971	0	42.4	0	0	3
99	79	0	1.1891956	100.305796	100.30849	98.5330577	102.521	3.0680677	1.30632971	0	42.5	0	0	3
100	80	0	1.20120768	101.043506	100.313368	98.5330577	102.521	2.88847816	1.30632971	0	45.2	0	0	3
101	81	0	1.21321976	101.667296	100.355901	98.5330577	102.521	2.86580292	1.30632971	0	45.5	0	0	3
102	82	0	1.22523183	101.928294	100.410258	98.5330577	102.521	2.80088263	1.30632971	0	46.6	0	0	3
103	83	0	1.23724391	101.785379	100.48265	98.5330577	102.521	2.79729273	1.30632971	0	46.6	0	0	3
104	84	0	1.24925599	101.45006	100.543486	98.5330577	102.521	2.73702233	1.30632971	0	47.7	0	0	3
105	85	0	1.26126806	100.915554	100.600212	99.0474153	102.521	2.63666705	1.30632971	0	49.5	0	0	3
106	86	0	1.27328014	100.722997	100.635786	99.0474153	102.521	2.5055786	1.30632971	0	52.1	0	0	3
107	87	0	1.28529222	100.782276	100.677092	99.2683924	102.521	2.40440301	1.30632971	0	54.3	0	0	3
108	88	0	1.29730429	100.582492	100.70838	99.5503442	102.521	2.3045766	1.30632971	0	56.6	0	0	3
109	88	0	1.30931637	100.681796	100.728564	99.5503442	102.521	2.22883649	1.30632971	0	58.6	0	0	3
110	89	0	1.32132845	100.838409	100.755542	99.5503442	102.521	2.16799714	1.30632971	0	60.2	0	0	3
111	90	0	1.33334052	101.105838	100.776814	99.5503442	102.521	2.11603609	1.30632971	0	61.7	0	0	3
112	91	0	1.3453526	100.603689	100.788661	99.5503442	102.521	2.04455115	1.30632971	0	63.8	0	0	3
113	92	0	1.35736468	101.041532	100.802453	99.5503442	102.521	1.96232709	1.30632971	0	66.5	0	0	3
114	93	0	1.36937675	100.908878	100.80418	99.5503442	102.521	1.86615118	1.30632971	0	70	0	0	3
115	94	0	1.38138883	100.814406	100.812074	99.5503442	102.521	1.76755128	1.30632971	0	73.9	0	0	3
116	94	0	1.39340091	101.155031	100.830901	99.5503442	102.521	1.72056565	1.30632971	0	75.9	0	0	3
117	95	0	1.40541298	101.296134	100.860561	99.5503442	102.521	1.68678448	1.30632971	0	77.4	0	0	3
118	96	0	1.41742506	101.038597	100.871548	99.5503442	102.521	1.64801483	1.30632971	0	79.2	0	0	3
119	97	0	1.42943714	101.733437	100.897864	99.5503442	102.521	1.62695359	1.30632971	0	80.2	0	0	3
120	98	0	1.44144922	101.011892	100.917563	99.5503442	102.521	1.56495089	1.30632971	0	83.4	0	0	3
121	98	0	1.45346129	100.897082	100.920441	99.5503442	102.521	1.49097677	1.30632971	0	87.6	0	0	3
122	99	0	1.46547337	100.450427	100.917425	99.5503442	102.521	1.40232204	1.30632971	0	93.1	0	0	3
123	100	0	1.47748545	101.118054	100.925403	99.5503442	102.521	1.33572131	1.30632971	0	97.7	0	0	3
124	101	0	1.48949752	100.523775	100.924006	99.5503442	102.521	1.26538344	1.30632971	0	100	0	0	3
