Iteration	CPUTime	PhysTime	Travels	Value	AvValue	MinValue	MaxValue	Delta	Criteria	PrevAvRefValue	Progress	CriteriaType	CriteriaVarType	CriteriaPercentage
1	4	0	0.0120120768	384.084315	384.084315	384.084315	384.084315	0	0	0	0	0	0	3
2	4	0	0.0240241536	12.7531205	198.418718	12.7531205	384.084315	185.665597	0	0	0	0	0	3
3	5	0	0.0360362304	14.0875796	136.975005	12.7531205	384.084315	247.10931	0	0	0	0	0	3
4	6	0	0.0480483072	22.6276787	108.388173	12.7531205	384.084315	275.696142	0	0	0	0	0	3
5	6	0	0.060060384	20.0698798	90.7245147	12.7531205	384.084315	293.3598	0	0	0	0	0	3
6	7	0	0.0720724608	20.2203772	78.9738251	12.7531205	384.084315	305.11049	0	0	0	0	0	3
7	8	0	0.0840845375	13.8488548	69.6702579	12.7531205	384.084315	314.414057	0	0	0	0	0	3
8	8	0	0.0960966143	19.1350894	63.3533619	12.7531205	384.084315	320.730953	0	0	0	0	0	3
9	9	0	0.108108691	12.1085311	57.6594918	12.1085311	384.084315	326.424823	0	0	0	0	0	3
10	10	0	0.120120768	18.3484585	53.7283885	12.1085311	384.084315	330.355927	0	0	0	0	0	3
11	11	0	0.132132845	9.49091426	49.7067999	9.49091426	384.084315	334.377515	0	0	0	0	0	3
12	11	0	0.144144922	13.4308413	46.6838033	9.49091426	384.084315	337.400512	0	0	0	0	0	3
13	12	0	0.156156998	9.30069909	43.8081799	9.30069909	384.084315	340.276135	0	0	0	0	0	3
14	13	0	0.168169075	11.0254457	41.4665561	9.30069909	384.084315	342.617759	0	0	0	0	0	3
15	13	0	0.180181152	8.29811132	39.2553264	8.29811132	384.084315	344.828989	0	0	0	0	0	3
16	14	0	0.192193229	11.209702	37.5024749	8.29811132	384.084315	346.58184	0	0	0	0	0	3
17	15	0	0.204205305	7.58861367	35.742836	7.58861367	384.084315	348.341479	0	0	0	0	0	3
18	16	0	0.216217382	9.05272433	34.260052	7.58861367	384.084315	349.824263	0	0	0	0	0	3
19	16	0	0.228229459	7.23792204	32.8378346	7.23792204	384.084315	351.24648	0	0	0	0	0	3
20	17	0	0.240241536	8.5023075	31.6210583	7.23792204	384.084315	352.463257	0	0	0	0	0	3
21	18	0	0.252253613	6.54657496	30.4270353	6.54657496	384.084315	353.65728	0	0	0	0	0	3
22	19	0	0.264265689	6.12876365	29.3225684	6.12876365	384.084315	354.761747	0	0	0	0	0	3
23	19	0	0.276277766	4.99018081	28.2646385	4.99018081	384.084315	355.819677	0	0	0	0	0	3
24	20	0	0.288289843	6.16369993	27.343766	4.99018081	384.084315	356.740549	0	0	0	0	0	3
25	21	0	0.30030192	5.3060409	26.462257	4.99018081	384.084315	357.622058	0	0	0	0	0	3
26	22	0	0.312313997	5.99422948	25.6750252	4.99018081	384.084315	358.40929	0	0	0	0	0	3
27	22	0	0.324326073	5.55931595	24.9299989	4.99018081	384.084315	359.154316	0	0	0	0	0	3
28	23	0	0.33633815	6.51001823	24.2721425	4.99018081	384.084315	359.812173	0	0	0	0	0	3
29	24	0	0.348350227	6.2398707	23.65034	4.99018081	384.084315	360.433975	0	0	0	0	0	3
30	25	0	0.360362304	6.19984641	23.0686569	4.99018081	384.084315	361.015658	0	0	0	0	0	3
31	25	0	0.372374381	6.33240741	22.5287779	4.99018081	384.084315	361.555537	0	0	0	0	0	3
32	26	0	0.384386457	6.54044957	22.0291426	4.99018081	384.084315	362.055172	0	0	0	0	0	3
33	27	0	0.396398534	7.08425727	21.5762673	4.99018081	384.084315	362.508048	0	0	0	0	0	3
34	28	0	0.408410611	6.68835687	21.1383876	4.99018081	384.084315	362.945927	0	0	0	0	0	3
35	29	0	0.420422688	6.73156509	20.7267641	4.99018081	384.084315	363.357551	0	0	0	0	0	3
36	30	0	0.432434765	6.46857791	20.3307034	4.99018081	384.084315	363.753612	0	0	0	0	0	3
37	31	0	0.444446841	6.07240626	19.945344	4.99018081	384.084315	364.138971	0	0	0	0	0	3
38	31	0	0.456458918	6.06538254	19.5800818	4.99018081	384.084315	364.504233	0	0	0	0	0	3
39	32	0	0.468470995	5.66793267	19.2233601	4.99018081	384.084315	364.860955	0	0	0	0	0	3
40	33	0	0.480483072	6.13488155	18.8961481	4.99018081	384.084315	365.188167	0	0	0	0	0	3
41	34	0	0.492495148	6.23169476	18.587259	4.99018081	384.084315	365.497056	0	0	0	0	0	3
42	35	0	0.504507225	6.31892954	18.2951559	4.99018081	384.084315	365.789159	0	0	0	0	0	3
43	36	0	0.516519302	6.75005517	9.31100686	4.99018081	22.6276787	17.6374979	0	0	0	0	0	3
44	37	0	0.528531379	6.55522158	9.16343784	4.99018081	22.6276787	17.6374979	0	0	0	0	0	3
45	37	0	0.540543456	7.00586466	8.99482558	4.99018081	22.6276787	17.6374979	0	0	0	0	0	3
46	38	0	0.552555532	6.71186361	8.6158776	4.99018081	20.2203772	15.2301964	0	0	0	0	0	3
47	39	0	0.564567609	6.99759748	8.30463279	4.99018081	20.2203772	15.2301964	0	0	0	0	0	3
48	40	0	0.576579686	6.70612739	7.98286494	4.99018081	19.1350894	14.1449086	0	0	0	0	0	3
49	41	0	0.588591763	7.0623625	7.82128179	4.99018081	19.1350894	14.1449086	0	0	0	0	0	3
50	41	0	0.60060384	6.96119368	7.53142713	4.99018081	18.3484585	13.3582777	0	0	0	0	0	3
51	42	0	0.612615916	6.93171653	7.40816964	4.99018081	18.3484585	13.3582777	0	0	0	0	0	3
52	43	0	0.624627993	6.55988753	7.12748938	4.99018081	13.4308413	8.44066047	0	0	0	0	0	3
53	44	0	0.63664007	6.22099777	7.04963422	4.99018081	13.4308413	8.44066047	0	0	0	0	0	3
54	45	0	0.648652147	6.17847409	6.87695881	4.99018081	11.209702	6.21952124	0	0	0	0	0	3
55	45	0	0.660664224	6.47975257	6.80979342	4.99018081	11.209702	6.21952124	0	0	0	0	0	3
56	46	0	0.6726763	6.46539275	6.70122073	4.99018081	11.209702	6.21952124	0	0	0	0	0	3
57	47	0	0.684688377	6.86704333	6.66714768	4.99018081	11.209702	6.21952124	0	0	0	0	0	3
58	48	0	0.696700454	6.81041374	6.56240272	4.99018081	9.05272433	4.06254352	0	0	0	0	0	3
59	48	0	0.708712531	6.99422369	6.54825058	4.99018081	9.05272433	4.06254352	0	0	0	0	0	3
60	49	0	0.720724608	6.86547133	6.49617313	4.99018081	8.5023075	3.51212669	0	0	0	0	0	3
61	50	0	0.732736684	6.92119751	6.48863207	4.99018081	8.5023075	3.51212669	0	0	0	0	0	3
62	51	0	0.744748761	6.64217476	6.44434319	4.99018081	7.08425727	2.09407647	0	0	0	0	0	3
63	51	0	0.756760838	6.81205663	6.45066419	4.99018081	7.08425727	2.09407647	0	0	0	0	0	3
64	52	0	0.768772915	6.70290888	6.46433431	4.99018081	7.08425727	2.09407647	0	0	0	0	0	3
65	53	0	0.780784991	6.99046859	6.51196021	5.3060409	7.08425727	1.77821637	0	0	0	0	0	3
66	54	0	0.792797068	6.88811052	6.52920808	5.3060409	7.08425727	1.77821637	0	0	0	0	0	3
67	54	0	0.804809145	7.40562236	6.57919812	5.55931595	7.40562236	1.84630641	0	0	0	0	0	3
68	55	0	0.816821222	7.16500176	6.60707365	5.55931595	7.40562236	1.84630641	0	0	0	0	0	3
69	56	0	0.828833299	7.37703968	6.65035278	5.66793267	7.40562236	1.73768969	0	0	0	0	0	3
70	57	0	0.840845375	7.4974107	6.67386213	5.66793267	7.4974107	1.82947802	0	0	0	0	0	3
71	58	0	0.852857452	7.58377683	6.70585989	5.66793267	7.58377683	1.91584416	0	0	0	0	0	3
72	58	0	0.864869529	7.03966117	6.72585548	5.66793267	7.58377683	1.91584416	0	0	0	0	0	3
73	59	0	0.876881606	7.35158036	6.7501215	5.66793267	7.58377683	1.91584416	0	0	0	0	0	3
74	60	0	0.888893683	7.00020863	6.76106815	5.66793267	7.58377683	1.91584416	0	0	0	0	0	3
75	61	0	0.900905759	7.2738934	6.76558329	5.66793267	7.58377683	1.91584416	0	0	0	0	0	3
76	61	0	0.912917836	7.31914388	6.78060203	5.66793267	7.58377683	1.91584416	0	0	0	0	0	3
77	62	0	0.924929913	6.96694663	6.78620635	5.66793267	7.58377683	1.91584416	0	0	0	0	0	3
78	63	0	0.93694199	6.83399269	6.79490671	5.66793267	7.58377683	1.91584416	0	0	0	0	0	3
79	64	0	0.948954067	6.59406665	6.80732719	5.66793267	7.58377683	1.91584416	0	0	0	0	0	3
80	64	0	0.960966143	6.67379859	6.82181329	5.66793267	7.58377683	1.91584416	0	0	0	0	0	3
81	65	0	0.97297822	6.89073522	6.85092764	6.13488155	7.58377683	1.44889528	0	0	0	0	0	3
82	66	0	0.984990297	6.80346559	6.8668463	6.17847409	7.58377683	1.40530274	0	0	0	0	0	3
83	67	0	0.997002374	6.6074494	6.87579284	6.17847409	7.58377683	1.40530274	0	0	0	0	0	3
84	67	0	1.00901445	6.20029152	6.87296813	6.17847409	7.58377683	1.40530274	0.529124938	0	37.6	0	0	3
85	68	0	1.02102653	6.63748446	6.87028787	6.17847409	7.58377683	1.40530274	0.529124938	0	37.6	0	0	3
86	69	0	1.0330386	6.55044286	6.87017409	6.17847409	7.58377683	1.40530274	0.529124938	0	37.6	0	0	3
87	70	0	1.04505068	6.75100323	6.86410596	6.17847409	7.58377683	1.40530274	0.529124938	0	37.6	0	0	3
88	71	0	1.05706276	7.0341619	6.87177973	6.17847409	7.58377683	1.40530274	0.529124938	0	37.6	0	0	3
89	71	0	1.06907483	7.21571312	6.87697296	6.17847409	7.58377683	1.40530274	0.529124938	0	37.6	0	0	3
90	72	0	1.08108691	7.32575328	6.89172596	6.17847409	7.58377683	1.37693859	0.529124938	0	38.4	0	0	3
91	73	0	1.09309899	7.88619509	6.91134102	6.17847409	7.88619509	1.08708393	0.529124938	0	48.6	0	0	3
92	74	0	1.10511106	8.12768004	6.93911451	6.17847409	8.12768004	0.963826443	0.529124938	0	54.8	0	0	3
93	74	0	1.11712314	8.05688856	6.96590432	6.17847409	8.12768004	0.683146183	0.529124938	0	77.4	0	0	3
94	75	0	1.12913522	8.16155169	7.00403918	6.17847409	8.16155169	0.605291028	0.529124938	0	87.4	0	0	3
95	76	0	1.1411473	8.33088052	7.05427448	6.17847409	8.33088052	0.609931287	0.529124938	0	86.7	0	0	3
96	77	0	1.15315937	7.65756625	7.08949096	6.20029152	8.33088052	0.645147767	0.529124938	0	82	0	0	3
97	77	0	1.16517145	7.62650313	7.11679455	6.20029152	8.33088052	0.672451352	0.529124938	0	78.6	0	0	3
98	78	0	1.17718353	7.12229952	7.13243518	6.20029152	8.33088052	0.688091989	0.529124938	0	76.8	0	0	3
99	79	0	1.1891956	7.14301861	7.13900602	6.20029152	8.33088052	0.694662829	0.529124938	0	76.1	0	0	3
100	80	0	1.20120768	7.19411496	7.14814177	6.20029152	8.33088052	0.703798573	0.529124938	0	75.1	0	0	3
101	81	0	1.21321976	7.3468415	7.15653743	6.20029152	8.33088052	0.712194235	0.529124938	0	74.2	0	0	3
102	82	0	1.22523183	6.83269652	7.15575708	6.20029152	8.33088052	0.712194235	0.529124938	0	74.2	0	0	3
103	83	0	1.23724391	7.02158238	7.15814719	6.20029152	8.33088052	0.713803998	0.529124938	0	74.1	0	0	3
104	84	0	1.24925599	6.61319709	7.15745725	6.20029152	8.33088052	0.707483006	0.529124938	0	74.7	0	0	3
105	85	0	1.26126806	6.83482877	7.15799944	6.20029152	8.33088052	0.693812882	0.529124938	0	76.2	0	0	3
106	86	0	1.27328014	6.60151901	7.1555854	6.20029152	8.33088052	0.646186982	0.529124938	0	81.8	0	0	3
107	87	0	1.28529222	6.82629928	7.1516766	6.20029152	8.33088052	0.628939111	0.529124938	0	84.1	0	0	3
108	88	0	1.29730429	6.89830766	7.15191939	6.20029152	8.33088052	0.578949076	0.529124938	0	91.3	0	0	3
109	88	0	1.30931637	7.08009798	7.14416881	6.20029152	8.33088052	0.551073546	0.529124938	0	96	0	0	3
110	89	0	1.32132845	7.32718765	7.14803038	6.20029152	8.33088052	0.507794409	0.529124938	0	100	0	0	3
111	90	0	1.33334052	7.21898616	7.1442672	6.20029152	8.33088052	0.484285065	0.529124938	0	100	0	0	3
112	91	0	1.3453526	7.34143969	7.14055361	6.20029152	8.33088052	0.4522873	0.529124938	0	100	0	0	3
113	92	0	1.35736468	7.78074068	7.14524322	6.20029152	8.33088052	0.43229171	0.529124938	0	100	0	0	3
114	93	0	1.36937675	7.89977709	7.16572217	6.20029152	8.33088052	0.415600668	0.529124938	0	100	0	0	3
115	94	0	1.38138883	7.92174751	7.17929758	6.20029152	8.33088052	0.418229432	0.529124938	0	100	0	0	3
116	94	0	1.39340091	7.38992048	7.18857643	6.20029152	8.33088052	0.42299314	0.529124938	0	100	0	0	3
117	95	0	1.40541298	7.57866177	7.19583282	6.20029152	8.33088052	0.415230791	0.529124938	0	100	0	0	3
118	96	0	1.41742506	7.13478706	7.19144338	6.20029152	8.33088052	0.409626469	0.529124938	0	100	0	0	3
119	97	0	1.42943714	7.16513213	7.19616208	6.20029152	8.33088052	0.401255371	0.529124938	0	100	0	0	3
120	98	0	1.44144922	6.63211768	7.19135553	6.20029152	8.33088052	0.388834886	0.529124938	0	100	0	0	3
121	98	0	1.45346129	6.62091443	7.19199476	6.20029152	8.33088052	0.374348789	0.529124938	0	100	0	0	3
122	99	0	1.46547337	6.39101442	7.18526181	6.20029152	8.33088052	0.345234443	0.529124938	0	100	0	0	3
123	100	0	1.47748545	6.34134473	7.17218108	6.20029152	8.33088052	0.332056115	0.529124938	0	100	0	0	3
124	101	0	1.48949752	6.18898903	7.15755069	6.18898903	8.33088052	0.332056115	0.529124938	0	100	0	0	3
