Iteration	CPUTime	PhysTime	Travels	Value	AvValue	MinValue	MaxValue	Delta	Criteria	PrevAvRefValue	Progress	CriteriaType	CriteriaVarType	CriteriaPercentage
1	6	0	0.0120110221	230.596097	230.596097	230.596097	230.596097	0	0	0	0	0	0	3
2	7	0	0.0240220442	-26.3875276	102.104285	-26.3875276	230.596097	128.491812	0	0	0	0	0	3
3	7	0	0.0360330664	-6.32389759	65.9615573	-26.3875276	230.596097	164.63454	0	0	0	0	0	3
4	8	0	0.0480440885	-9.51569336	47.0922446	-26.3875276	230.596097	183.503852	0	0	0	0	0	3
5	9	0	0.0600551106	-7.85695259	36.1024052	-26.3875276	230.596097	194.493692	0	0	0	0	0	3
6	10	0	0.0720661327	-13.5095697	27.8337427	-26.3875276	230.596097	202.762354	0	0	0	0	0	3
7	11	0	0.0840771548	-14.3325082	21.8099926	-26.3875276	230.596097	208.786104	0	0	0	0	0	3
8	12	0	0.0960881769	-17.0100075	16.9574926	-26.3875276	230.596097	213.638604	0	0	0	0	0	3
9	13	0	0.108099199	-17.3206679	13.1488081	-26.3875276	230.596097	217.447289	0	0	0	0	0	3
10	14	0	0.120110221	-17.8263529	10.051292	-26.3875276	230.596097	220.544805	0	0	0	0	0	3
11	14	0	0.132121243	-19.9874056	7.32050128	-26.3875276	230.596097	223.275596	0	0	0	0	0	3
12	16	0	0.144132265	-18.4600269	5.17212393	-26.3875276	230.596097	225.423973	0	0	0	0	0	3
13	16	0	0.156143288	-17.5887558	3.42128703	-26.3875276	230.596097	227.17481	0	0	0	0	0	3
14	17	0	0.16815431	-19.1783403	1.80702793	-26.3875276	230.596097	228.789069	0	0	0	0	0	3
15	18	0	0.180165332	-17.3981026	0.526685898	-26.3875276	230.596097	230.069411	0	0	0	0	0	3
16	19	0	0.192176354	-17.7149203	-0.613414488	-26.3875276	230.596097	231.209511	0	0	0	0	0	3
17	20	0	0.204187376	-16.4038151	-1.54226158	-26.3875276	230.596097	232.138359	0	0	0	0	0	3
18	21	0	0.216198398	-16.8864152	-2.39471456	-26.3875276	230.596097	232.990811	0	0	0	0	0	3
19	21	0	0.22820942	-15.5286936	-3.08597662	-26.3875276	230.596097	233.682074	0	0	0	0	0	3
20	22	0	0.240220442	-16.972674	-3.78031149	-26.3875276	230.596097	234.376408	0	0	0	0	0	3
21	23	0	0.252231464	-15.6968553	-4.34776595	-26.3875276	230.596097	234.943863	0	0	0	0	0	3
22	24	0	0.264242487	-16.0457744	-4.87949361	-26.3875276	230.596097	235.475591	0	0	0	0	0	3
23	25	0	0.276253509	-15.4229623	-5.33790529	-26.3875276	230.596097	235.934002	0	0	0	0	0	3
24	26	0	0.288264531	-15.4959873	-5.76115871	-26.3875276	230.596097	236.357256	0	0	0	0	0	3
25	27	0	0.300275553	-15.9246791	-6.16769953	-26.3875276	230.596097	236.763796	0	0	0	0	0	3
26	28	0	0.312286575	-15.2846994	-6.51835337	-26.3875276	230.596097	237.11445	0	0	0	0	0	3
27	29	0	0.324297597	-15.2079072	-6.84018869	-26.3875276	230.596097	237.436286	0	0	0	0	0	3
28	30	0	0.336308619	-15.4063397	-7.14612266	-26.3875276	230.596097	237.74222	0	0	0	0	0	3
29	30	0	0.348319641	-15.9126839	-7.44841787	-26.3875276	230.596097	238.044515	0	0	0	0	0	3
30	31	0	0.360330664	-15.6731397	-7.72257527	-26.3875276	230.596097	238.318672	0	0	0	0	0	3
31	32	0	0.372341686	-15.8535802	-7.98486575	-26.3875276	230.596097	238.580963	0	0	0	0	0	3
32	33	0	0.384352708	-15.6242805	-8.22359746	-26.3875276	230.596097	238.819694	0	0	0	0	0	3
33	34	0	0.39636373	-15.4939295	-8.44391055	-26.3875276	230.596097	239.040007	0	0	0	0	0	3
34	35	0	0.408374752	-15.3060442	-8.64573801	-26.3875276	230.596097	239.241835	0	0	0	0	0	3
35	36	0	0.420385774	-15.3837667	-8.83825312	-26.3875276	230.596097	239.43435	0	0	0	0	0	3
36	37	0	0.432396796	-15.4253241	-9.02122731	-26.3875276	230.596097	239.617324	0	0	0	0	0	3
37	38	0	0.444407818	-15.519974	-9.19686912	-26.3875276	230.596097	239.792966	0	0	0	0	0	3
38	39	0	0.45641884	-15.4989789	-9.36271411	-26.3875276	230.596097	239.958811	0	0	0	0	0	3
39	40	0	0.468429863	-15.2984012	-9.51491122	-26.3875276	230.596097	240.111008	0	0	0	0	0	3
40	41	0	0.480440885	-15.3584301	-9.66099919	-26.3875276	230.596097	240.257096	0	0	0	0	0	3
41	42	0	0.492451907	-15.353708	-9.79984575	-26.3875276	230.596097	240.395943	0	0	0	0	0	3
42	43	0	0.504462929	-15.0396849	-9.92460382	-26.3875276	230.596097	240.520701	0	0	0	0	0	3
43	44	0	0.516473951	-15.0678395	-15.7737452	-26.3875276	-6.32389759	20.06363	0	0	0	0	0	3
44	45	0	0.528484973	-15.0305407	-15.5033407	-19.9874056	-6.32389759	13.663508	0	0	0	0	0	3
45	46	0	0.540495995	-14.9660126	-15.7091054	-19.9874056	-7.85695259	12.130453	0	0	0	0	0	3
46	47	0	0.552507017	-15.072465	-15.8414094	-19.9874056	-7.85695259	12.130453	0	0	0	0	0	3
47	48	0	0.56451804	-15.1040626	-16.0139597	-19.9874056	-13.5095697	6.47783592	0	0	0	0	0	3
48	48	0	0.576529062	-15.1195102	-16.0522916	-19.9874056	-14.3325082	5.65489736	0	0	0	0	0	3
49	49	0	0.588540084	-15.230836	-16.0736804	-19.9874056	-14.9660126	5.021393	0	0	0	0	0	3
50	50	0	0.600551106	-15.2010824	-16.0306107	-19.9874056	-14.9660126	5.021393	0	0	0	0	0	3
51	51	0	0.612562128	-15.3256108	-15.9831094	-19.9874056	-14.9660126	5.021393	0	0	0	0	0	3
52	52	0	0.62457315	-15.1798778	-15.920098	-19.9874056	-14.9660126	5.021393	0	0	0	0	0	3
53	53	0	0.636584172	-15.3274595	-15.8091469	-19.1783403	-14.9660126	4.21232773	0	0	0	0	0	3
54	54	0	0.648595194	-15.1468519	-15.7302618	-19.1783403	-14.9660126	4.21232773	0	0	0	0	0	3
55	55	0	0.660606216	-15.1066337	-15.6711637	-19.1783403	-14.9660126	4.21232773	0	0	0	0	0	3
56	56	0	0.672617239	-15.0495295	-15.5728587	-17.7149203	-14.9660126	2.74890768	0	0	0	0	0	3
57	57	0	0.684628261	-15.0833329	-15.5177451	-17.7149203	-14.9660126	2.74890768	0	0	0	0	0	3
58	58	0	0.696639283	-15.1071673	-15.4556557	-16.972674	-14.9660126	2.00666141	0	0	0	0	0	3
59	59	0	0.708650305	-15.0860285	-15.4242799	-16.972674	-14.9660126	2.00666141	0	0	0	0	0	3
60	60	0	0.720661327	-15.1643953	-15.3832794	-16.972674	-14.9660126	2.00666141	0	0	0	0	0	3
61	61	0	0.732672349	-15.1686	-15.3747057	-16.972674	-14.9660126	2.00666141	0	0	0	0	0	3
62	62	0	0.744683371	-15.2705775	-15.3341796	-16.0457744	-14.9660126	1.07976181	0	0	0	0	0	3
63	63	0	0.756694393	-15.2967729	-15.3246539	-16.0457744	-14.9660126	1.07976181	0	0	0	0	0	3
64	64	0	0.768705416	-15.2567641	-15.3058679	-15.9246791	-14.9660126	0.958666508	0	0	0	0	0	3
65	65	0	0.780716438	-15.3420633	-15.3039417	-15.9246791	-14.9660126	0.958666508	0	0	0	0	0	3
66	66	0	0.79272746	-15.2418818	-15.2978916	-15.9246791	-14.9660126	0.958666508	0	0	0	0	0	3
67	67	0	0.804738482	-15.2003234	-15.280645	-15.9126839	-14.9660126	0.946671338	0	0	0	0	0	3
68	68	0	0.816749504	-15.0131449	-15.2741795	-15.9126839	-14.9660126	0.946671338	0	0	0	0	0	3
69	69	0	0.828760526	-15.0010013	-15.2692531	-15.9126839	-14.9660126	0.946671338	0	0	0	0	0	3
70	70	0	0.840771548	-15.0259938	-15.2601973	-15.9126839	-14.9660126	0.946671338	0	0	0	0	0	3
71	71	0	0.85278257	-14.9537956	-15.2373666	-15.8535802	-14.9537956	0.899784521	0	0	0	0	0	3
72	72	0	0.864793592	-14.9989324	-15.221314	-15.8535802	-14.9537956	0.899784521	0	0	0	0	0	3
73	73	0	0.876804615	-15.1147808	-15.2037236	-15.6242805	-14.9537956	0.670484888	0	0	0	0	0	3
74	74	0	0.888815637	-15.1076084	-15.1914219	-15.519974	-14.9537956	0.566178387	0	0	0	0	0	3
75	75	0	0.900826659	-15.0917015	-15.181845	-15.519974	-14.9537956	0.566178387	0	0	0	0	0	3
76	76	0	0.912837681	-15.2672143	-15.1809205	-15.519974	-14.9537956	0.566178387	0	0	0	0	0	3
77	77	0	0.924848703	-15.3107617	-15.1791823	-15.519974	-14.9537956	0.566178387	0	0	0	0	0	3
78	78	0	0.936859725	-15.2655548	-15.1753782	-15.519974	-14.9537956	0.566178387	0	0	0	0	0	3
79	79	0	0.948870747	-15.2709007	-15.1694479	-15.4989789	-14.9537956	0.545183293	0	0	0	0	0	3
80	80	0	0.960881769	-15.3049243	-15.1648276	-15.3584301	-14.9537956	0.404634435	0	0	0	0	0	3
81	81	0	0.972892792	-15.4151679	-15.1676077	-15.4151679	-14.9537956	0.46137228	0	0	0	0	0	3
82	81	0	0.984903814	-15.3272018	-15.1668642	-15.4151679	-14.9537956	0.46137228	0	0	0	0	0	3
83	82	0	0.996914836	-15.2651551	-15.1647558	-15.4151679	-14.9537956	0.46137228	0	0	0	0	0	3
84	83	0	1.00892586	-15.1983292	-15.168533	-15.4151679	-14.9537956	0.46137228	0.40990524	0	88.8	0	0	3
85	84	0	1.02093688	-15.2356081	-15.1725275	-15.4151679	-14.9537956	0.46137228	0.40990524	0	88.8	0	0	3
86	85	0	1.0329479	-15.0700059	-15.1734672	-15.4151679	-14.9537956	0.46137228	0.40990524	0	88.8	0	0	3
87	86	0	1.04495892	-15.0780673	-15.1761351	-15.4151679	-14.9537956	0.46137228	0.40990524	0	88.8	0	0	3
88	87	0	1.05696995	-14.9938526	-15.1742634	-15.4151679	-14.9537956	0.46137228	0.40990524	0	88.8	0	0	3
89	88	0	1.06898097	-15.1101247	-15.1744078	-15.4151679	-14.9537956	0.46137228	0.40990524	0	88.8	0	0	3
90	89	0	1.08099199	-15.0674813	-15.173169	-15.4151679	-14.9537956	0.46137228	0.40990524	0	88.8	0	0	3
91	90	0	1.09300301	-15.1477388	-15.1711905	-15.4151679	-14.9537956	0.46137228	0.40990524	0	88.8	0	0	3
92	91	0	1.10501403	-15.1763593	-15.1706018	-15.4151679	-14.9537956	0.46137228	0.40990524	0	88.8	0	0	3
93	92	0	1.11702506	-15.2767939	-15.1694395	-15.4151679	-14.9537956	0.46137228	0.40990524	0	88.8	0	0	3
94	93	0	1.12903608	-15.2254887	-15.1705255	-15.4151679	-14.9537956	0.46137228	0.40990524	0	88.8	0	0	3
95	94	0	1.1410471	-15.3637779	-15.1713902	-15.4151679	-14.9537956	0.46137228	0.40990524	0	88.8	0	0	3
96	95	0	1.15305812	-15.3129897	-15.1753459	-15.4151679	-14.9537956	0.46137228	0.40990524	0	88.8	0	0	3
97	96	0	1.16506915	-15.4217642	-15.182849	-15.4217642	-14.9537956	0.408102864	0.40990524	0	100	0	0	3
98	97	0	1.17708017	-15.3100564	-15.189052	-15.4217642	-14.9537956	0.352989301	0.40990524	0	100	0	0	3
99	98	0	1.18909119	-15.3270755	-15.1948554	-15.4217642	-14.9537956	0.290899944	0.40990524	0	100	0	0	3
100	98	0	1.20110221	-15.1815382	-15.1966261	-15.4217642	-14.9537956	0.259524072	0.40990524	0	100	0	0	3
101	100	0	1.21311323	-15.2676228	-15.2009498	-15.4217642	-14.9537956	0.218523599	0.40990524	0	100	0	0	3
102	101	0	1.22512426	-15.1213226	-15.1999243	-15.4217642	-14.9537956	0.209949942	0.40990524	0	100	0	0	3
103	102	0	1.23713528	-15.1338292	-15.1990964	-15.4217642	-14.9537956	0.169423834	0.40990524	0	100	0	0	3
104	103	0	1.2491463	-15.0105851	-15.1929061	-15.4217642	-14.9537956	0.159898063	0.40990524	0	100	0	0	3
105	104	0	1.26115732	-15.1531977	-15.1894876	-15.4217642	-14.9537956	0.141112104	0.40990524	0	100	0	0	3
106	105	0	1.27316834	-15.0404952	-15.1843384	-15.4217642	-14.9537956	0.139185938	0.40990524	0	100	0	0	3
107	106	0	1.28517937	-15.2693059	-15.1826061	-15.4217642	-14.9537956	0.133135806	0.40990524	0	100	0	0	3
108	107	0	1.29719039	-15.1822698	-15.1811867	-15.4217642	-14.9537956	0.115889242	0.40990524	0	100	0	0	3
109	108	0	1.30920141	-15.3289258	-15.1842487	-15.4217642	-14.9537956	0.109423659	0.40990524	0	100	0	0	3
110	109	0	1.32121243	-15.2296874	-15.1894045	-15.4217642	-14.9537956	0.104497329	0.40990524	0	100	0	0	3
111	110	0	1.33322346	-15.3872157	-15.1986	-15.4217642	-14.9537956	0.095441473	0.40990524	0	100	0	0	3
112	111	0	1.34523448	-15.2886753	-15.2048544	-15.4217642	-14.9537956	0.0726107994	0.40990524	0	100	0	0	3
113	112	0	1.3572455	-15.3876511	-15.2151843	-15.4217642	-14.9938526	0.0565582447	0.40990524	0	100	0	0	3
114	113	0	1.36925652	-15.2154421	-15.2203393	-15.4217642	-14.9938526	0.0555834543	0.40990524	0	100	0	0	3
115	114	0	1.38126754	-15.2732465	-15.2241122	-15.4217642	-14.9938526	0.0593564471	0.40990524	0	100	0	0	3
116	115	0	1.39327857	-15.1093432	-15.2241535	-15.4217642	-14.9938526	0.0593977523	0.40990524	0	100	0	0	3
117	116	0	1.40528959	-15.2390653	-15.2276622	-15.4217642	-14.9938526	0.0629064133	0.40990524	0	100	0	0	3
118	117	0	1.41730061	-15.0491108	-15.2224693	-15.4217642	-14.9938526	0.0629064133	0.40990524	0	100	0	0	3
119	118	0	1.42931163	-15.074558	-15.2168454	-15.4217642	-14.9938526	0.0629064133	0.40990524	0	100	0	0	3
120	119	0	1.44132265	-15.0252255	-15.2111232	-15.4217642	-14.9938526	0.0629064133	0.40990524	0	100	0	0	3
121	120	0	1.45333368	-15.2734163	-15.2111831	-15.4217642	-14.9938526	0.0629064133	0.40990524	0	100	0	0	3
122	120	0	1.4653447	-15.1230147	-15.206852	-15.4217642	-14.9938526	0.0629064133	0.40990524	0	100	0	0	3
123	121	0	1.47735572	-15.2833523	-15.2037135	-15.4217642	-14.9938526	0.0629064133	0.40990524	0	100	0	0	3
