Iteration	CPUTime	PhysTime	Travels	Value	AvValue	MinValue	MaxValue	Delta	Criteria	PrevAvRefValue	Progress	CriteriaType	CriteriaVarType	CriteriaPercentage
1	2	0	0.0120021553	-2702.33731	-2702.33731	-2702.33731	-2702.33731	0	0	0	0	0	0	3
2	2	0	0.0240043106	-341.126034	-1521.73167	-2702.33731	-341.126034	1180.60564	0	0	0	0	0	3
3	2	0	0.0360064659	-129.791237	-1057.75153	-2702.33731	-129.791237	1644.58578	0	0	0	0	0	3
4	2	0	0.0480086213	-75.7598211	-812.2536	-2702.33731	-75.7598211	1890.08371	0	0	0	0	0	3
5	2	0	0.0600107766	-86.2141219	-667.045704	-2702.33731	-75.7598211	2035.2916	0	0	0	0	0	3
6	3	0	0.0720129319	-74.9188479	-568.357895	-2702.33731	-74.9188479	2133.97941	0	0	0	0	0	3
7	3	0	0.0840150872	-76.4347772	-498.083164	-2702.33731	-74.9188479	2204.25414	0	0	0	0	0	3
8	3	0	0.0960172425	-69.1967416	-444.472361	-2702.33731	-69.1967416	2257.86495	0	0	0	0	0	3
9	3	0	0.108019398	-68.7582011	-402.726343	-2702.33731	-68.7582011	2299.61096	0	0	0	0	0	3
10	3	0	0.120021553	-64.0737547	-368.861084	-2702.33731	-64.0737547	2333.47622	0	0	0	0	0	3
11	4	0	0.132023708	-63.6961003	-341.118813	-2702.33731	-63.6961003	2361.21849	0	0	0	0	0	3
12	4	0	0.144025864	-61.0436135	-317.779213	-2702.33731	-61.0436135	2384.55809	0	0	0	0	0	3
13	4	0	0.156028019	-61.9365505	-298.099008	-2702.33731	-61.0436135	2404.2383	0	0	0	0	0	3
14	4	0	0.168030174	-59.9844765	-281.090827	-2702.33731	-59.9844765	2421.24648	0	0	0	0	0	3
15	5	0	0.18003233	-60.7424512	-266.400936	-2702.33731	-59.9844765	2435.93637	0	0	0	0	0	3
16	5	0	0.192034485	-59.0100832	-253.439007	-2702.33731	-59.0100832	2448.8983	0	0	0	0	0	3
17	5	0	0.20403664	-59.2357078	-242.015284	-2702.33731	-59.0100832	2460.32202	0	0	0	0	0	3
18	5	0	0.216038796	-57.4470219	-231.761492	-2702.33731	-57.4470219	2470.57581	0	0	0	0	0	3
19	5	0	0.228040951	-57.0231943	-222.564739	-2702.33731	-57.0231943	2479.77257	0	0	0	0	0	3
20	6	0	0.240043106	-55.8443272	-214.228718	-2702.33731	-55.8443272	2488.10859	0	0	0	0	0	3
21	6	0	0.252045262	-55.5213209	-206.671223	-2702.33731	-55.5213209	2495.66608	0	0	0	0	0	3
22	6	0	0.264047417	-54.6046364	-199.759106	-2702.33731	-54.6046364	2502.5782	0	0	0	0	0	3
23	6	0	0.276049572	-54.513744	-193.44409	-2702.33731	-54.513744	2508.89322	0	0	0	0	0	3
24	6	0	0.288051728	-53.9828406	-187.633205	-2702.33731	-53.9828406	2514.7041	0	0	0	0	0	3
25	7	0	0.300053883	-53.5917152	-182.271545	-2702.33731	-53.5917152	2520.06576	0	0	0	0	0	3
26	7	0	0.312056038	-53.341844	-177.31271	-2702.33731	-53.341844	2525.0246	0	0	0	0	0	3
27	7	0	0.324058193	-52.6371898	-172.695099	-2702.33731	-52.6371898	2529.64221	0	0	0	0	0	3
28	7	0	0.336060349	-52.1512025	-168.389959	-2702.33731	-52.1512025	2533.94735	0	0	0	0	0	3
29	8	0	0.348062504	-51.7622098	-164.368313	-2702.33731	-51.7622098	2537.96899	0	0	0	0	0	3
30	8	0	0.360064659	-51.4732921	-160.605145	-2702.33731	-51.4732921	2541.73216	0	0	0	0	0	3
31	8	0	0.372066815	-51.2240246	-157.076722	-2702.33731	-51.2240246	2545.26058	0	0	0	0	0	3
32	8	0	0.38406897	-50.887502	-153.758309	-2702.33731	-50.887502	2548.579	0	0	0	0	0	3
33	8	0	0.396071125	-50.0150812	-150.614575	-2702.33731	-50.0150812	2551.72273	0	0	0	0	0	3
34	9	0	0.408073281	-49.7175749	-147.647016	-2702.33731	-49.7175749	2554.69029	0	0	0	0	0	3
35	9	0	0.420075436	-49.6489554	-144.847072	-2702.33731	-49.6489554	2557.49023	0	0	0	0	0	3
36	9	0	0.432077591	-49.4843454	-142.198107	-2702.33731	-49.4843454	2560.1392	0	0	0	0	0	3
37	9	0	0.444079747	-49.2195902	-139.685174	-2702.33731	-49.2195902	2562.65213	0	0	0	0	0	3
38	10	0	0.456081902	-49.044014	-137.29988	-2702.33731	-49.044014	2565.03743	0	0	0	0	0	3
39	10	0	0.468084057	-48.8384508	-135.031639	-2702.33731	-48.8384508	2567.30567	0	0	0	0	0	3
40	10	0	0.480086213	-48.6024414	-132.870909	-2702.33731	-48.6024414	2569.4664	0	0	0	0	0	3
41	10	0	0.492088368	-48.3722719	-130.809966	-2702.33731	-48.3722719	2571.52734	0	0	0	0	0	3
42	11	0	0.504090523	-48.0942724	-128.840545	-2702.33731	-48.0942724	2573.49676	0	0	0	0	0	3
43	11	0	0.516092679	-48.0434744	-65.6430728	-341.126034	-48.0434744	293.08256	0	0	0	0	0	3
44	11	0	0.528094834	-47.8345438	-58.6599421	-129.791237	-47.8345438	81.9566934	0	0	0	0	0	3
45	11	0	0.540096989	-47.7384169	-56.7063035	-86.2141219	-47.7384169	38.475705	0	0	0	0	0	3
46	12	0	0.552099144	-47.6247547	-56.036421	-86.2141219	-47.6247547	38.5893673	0	0	0	0	0	3
47	12	0	0.5641013	-47.7772245	-55.1212567	-76.4347772	-47.6247547	28.8100225	0	0	0	0	0	3
48	12	0	0.576103455	-47.7732269	-54.4749324	-76.4347772	-47.6247547	28.8100225	0	0	0	0	0	3
49	12	0	0.58810561	-47.7977619	-53.7930987	-69.1967416	-47.6247547	21.5719869	0	0	0	0	0	3
50	13	0	0.600107766	-47.6984906	-53.2812356	-68.7582011	-47.6247547	21.1334464	0	0	0	0	0	3
51	13	0	0.612109921	-47.7328811	-52.7806328	-64.0737547	-47.6247547	16.4490001	0	0	0	0	0	3
52	13	0	0.624112076	-47.6328504	-52.3891826	-63.6961003	-47.6247547	16.0713456	0	0	0	0	0	3
53	13	0	0.636114232	-47.6135949	-52.0062659	-61.9365505	-47.6135949	14.3229555	0	0	0	0	0	3
54	14	0	0.648116387	-47.5093748	-51.6840221	-61.9365505	-47.5093748	14.4271756	0	0	0	0	0	3
55	14	0	0.660118542	-47.4315474	-51.3386649	-60.7424512	-47.4315474	13.3109038	0	0	0	0	0	3
56	14	0	0.672120698	-47.3489102	-51.037818	-60.7424512	-47.3489102	13.393541	0	0	0	0	0	3
57	14	0	0.684122853	-47.2876555	-50.7174658	-59.2357078	-47.2876555	11.9480524	0	0	0	0	0	3
58	14	0	0.696125008	-47.2112791	-50.4365419	-59.2357078	-47.2112791	12.0244288	0	0	0	0	0	3
59	15	0	0.708127164	-47.1899172	-50.1497373	-57.4470219	-47.1899172	10.2571047	0	0	0	0	0	3
60	15	0	0.720129319	-47.1020648	-49.9034288	-57.0231943	-47.1020648	9.92112954	0	0	0	0	0	3
61	15	0	0.732131474	-47.0787419	-49.6666561	-55.8443272	-47.0787419	8.76558532	0	0	0	0	0	3
62	15	0	0.74413363	-46.9494553	-49.4548735	-55.5213209	-46.9494553	8.57186567	0	0	0	0	0	3
63	16	0	0.756135785	-46.9702556	-49.2512767	-54.6046364	-46.9494553	7.65518119	0	0	0	0	0	3
64	16	0	0.76813794	-46.920246	-49.068315	-54.513744	-46.920246	7.59349797	0	0	0	0	0	3
65	16	0	0.780140095	-46.9688596	-48.8886749	-53.9828406	-46.920246	7.06259457	0	0	0	0	0	3
66	16	0	0.792142251	-46.9457338	-48.7211247	-53.5917152	-46.920246	6.67146923	0	0	0	0	0	3
67	16	0	0.804144406	-46.9857331	-48.5638395	-53.341844	-46.920246	6.42159797	0	0	0	0	0	3
68	17	0	0.816146561	-46.9382282	-48.4113724	-52.6371898	-46.920246	5.71694381	0	0	0	0	0	3
69	17	0	0.828148717	-46.9471996	-48.2758965	-52.1512025	-46.920246	5.23095647	0	0	0	0	0	3
70	17	0	0.840150872	-46.8724953	-48.1502129	-51.7622098	-46.8724953	4.88971454	0	0	0	0	0	3
71	17	0	0.852153027	-46.8663026	-48.0336437	-51.4732921	-46.8663026	4.60698948	0	0	0	0	0	3
72	18	0	0.864155183	-46.7383933	-47.920908	-51.2240246	-46.7383933	4.48563125	0	0	0	0	0	3
73	18	0	0.876157338	-46.7221991	-47.8137217	-50.887502	-46.7221991	4.16530293	0	0	0	0	0	3
74	18	0	0.888159493	-46.6348355	-47.7124678	-50.0150812	-46.6348355	3.38024567	0	0	0	0	0	3
75	18	0	0.900161649	-46.6873209	-47.6332354	-49.7175749	-46.6348355	3.08273941	0	0	0	0	0	3
76	18	0	0.912163804	-46.6679766	-47.5606259	-49.6489554	-46.6348355	3.01411984	0	0	0	0	0	3
77	19	0	0.924165959	-46.7178654	-47.490838	-49.4843454	-46.6348355	2.84950987	0	0	0	0	0	3
78	19	0	0.936168115	-46.7098888	-47.4247795	-49.2195902	-46.6348355	2.58475468	0	0	0	0	0	3
79	19	0	0.94817027	-46.7065395	-47.364945	-49.044014	-46.6348355	2.40917851	0	0	0	0	0	3
80	19	0	0.960172425	-46.6929457	-47.3089672	-48.8384508	-46.6348355	2.20361532	0	0	0	0	0	3
81	20	0	0.97217458	-46.7248476	-47.2586433	-48.6024414	-46.6348355	1.96760587	0	0	0	0	0	3
82	20	0	0.984176736	-46.700253	-47.2133531	-48.3722719	-46.6348355	1.73743639	0	0	0	0	0	3
83	20	0	0.996178891	-46.752426	-47.1747853	-48.0942724	-46.6348355	1.45943686	0	0	0	0	0	3
84	20	0	1.00818105	-46.7781153	-47.1434483	-48.0434744	-46.6348355	1.40863884	2.49469205	0	100	0	0	3
85	21	0	1.0201832	-46.8206424	-47.1143332	-47.8345438	-46.6348355	1.19970828	2.49469205	0	100	0	0	3
86	21	0	1.03218536	-46.838685	-47.0906223	-47.7977619	-46.6348355	1.16292641	2.49469205	0	100	0	0	3
87	21	0	1.04418751	-46.7952435	-47.0681658	-47.7977619	-46.6348355	1.16292641	2.49469205	0	100	0	0	3
88	21	0	1.05618967	-46.7694331	-47.047801	-47.7977619	-46.6348355	1.16292641	2.49469205	0	100	0	0	3
89	21	0	1.06819182	-46.7804898	-47.0240692	-47.7977619	-46.6348355	1.16292641	2.49469205	0	100	0	0	3
90	22	0	1.08019398	-46.7723632	-47.0002391	-47.7977619	-46.6348355	1.16292641	2.49469205	0	100	0	0	3
91	22	0	1.09219613	-46.7800698	-46.9760083	-47.7328811	-46.6348355	1.09804561	2.49469205	0	100	0	0	3
92	22	0	1.10419829	-46.773332	-46.9539808	-47.7328811	-46.6348355	1.09804561	2.49469205	0	100	0	0	3
93	22	0	1.11620044	-46.7614465	-46.9308514	-47.6328504	-46.6348355	0.998014888	2.49469205	0	100	0	0	3
94	23	0	1.1282026	-46.7356375	-46.9094892	-47.6135949	-46.6348355	0.978759414	2.49469205	0	100	0	0	3
