Iteration	CPUTime	PhysTime	Travels	Value	AvValue	MinValue	MaxValue	Delta	Criteria	PrevAvRefValue	Progress	CriteriaType	CriteriaVarType	CriteriaPercentage
1	2	0	0.0120021553	111.940787	111.940787	111.940787	111.940787	0	0	0	0	0	0	3
2	2	0	0.0240043106	-566.320762	-227.189987	-566.320762	111.940787	339.130775	0	0	0	0	0	3
3	2	0	0.0360064659	-348.196843	-267.525606	-566.320762	111.940787	379.466393	0	0	0	0	0	3
4	2	0	0.0480086213	-279.126241	-270.425765	-566.320762	111.940787	382.366552	0	0	0	0	0	3
5	2	0	0.0600107766	-278.267669	-271.994145	-566.320762	111.940787	383.934933	0	0	0	0	0	3
6	3	0	0.0720129319	-267.332859	-271.217264	-566.320762	111.940787	383.934933	0	0	0	0	0	3
7	3	0	0.0840150872	-266.601209	-270.557828	-566.320762	111.940787	383.934933	0	0	0	0	0	3
8	3	0	0.0960172425	-258.403474	-269.038534	-566.320762	111.940787	383.934933	0	0	0	0	0	3
9	3	0	0.108019398	-260.161302	-268.052175	-566.320762	111.940787	383.934933	0	0	0	0	0	3
10	3	0	0.120021553	-253.040872	-266.551044	-566.320762	111.940787	383.934933	0	0	0	0	0	3
11	4	0	0.132023708	-258.537763	-265.822564	-566.320762	111.940787	383.934933	0	0	0	0	0	3
12	4	0	0.144025864	-250.295627	-264.528653	-566.320762	111.940787	383.934933	0	0	0	0	0	3
13	4	0	0.156028019	-254.408591	-263.750186	-566.320762	111.940787	383.934933	0	0	0	0	0	3
14	4	0	0.168030174	-245.836676	-262.47065	-566.320762	111.940787	383.934933	0	0	0	0	0	3
15	5	0	0.18003233	-251.134154	-261.714884	-566.320762	111.940787	383.934933	0	0	0	0	0	3
16	5	0	0.192034485	-242.465778	-260.511814	-566.320762	111.940787	383.934933	0	0	0	0	0	3
17	5	0	0.20403664	-248.018821	-259.776932	-566.320762	111.940787	383.934933	0	0	0	0	0	3
18	5	0	0.216038796	-244.435247	-258.924617	-566.320762	111.940787	383.934933	0	0	0	0	0	3
19	5	0	0.228040951	-249.606535	-258.434191	-566.320762	111.940787	383.934933	0	0	0	0	0	3
20	6	0	0.240043106	-246.862996	-257.855632	-566.320762	111.940787	383.934933	0	0	0	0	0	3
21	6	0	0.252045262	-248.559495	-257.412958	-566.320762	111.940787	383.934933	0	0	0	0	0	3
22	6	0	0.264047417	-245.427545	-256.868167	-566.320762	111.940787	383.934933	0	0	0	0	0	3
23	6	0	0.276049572	-243.715013	-256.296291	-566.320762	111.940787	383.934933	0	0	0	0	0	3
24	6	0	0.288051728	-241.665472	-255.686673	-566.320762	111.940787	383.934933	0	0	0	0	0	3
25	7	0	0.300053883	-240.347595	-255.07311	-566.320762	111.940787	383.934933	0	0	0	0	0	3
26	7	0	0.312056038	-240.253713	-254.503133	-566.320762	111.940787	383.934933	0	0	0	0	0	3
27	7	0	0.324058193	-240.227319	-253.974399	-566.320762	111.940787	383.934933	0	0	0	0	0	3
28	7	0	0.336060349	-241.780405	-253.5389	-566.320762	111.940787	383.934933	0	0	0	0	0	3
29	8	0	0.348062504	-242.046258	-253.142602	-566.320762	111.940787	383.934933	0	0	0	0	0	3
30	8	0	0.360064659	-240.418567	-252.718467	-566.320762	111.940787	383.934933	0	0	0	0	0	3
31	8	0	0.372066815	-241.167046	-252.345841	-566.320762	111.940787	383.934933	0	0	0	0	0	3
32	8	0	0.38406897	-240.756826	-251.983684	-566.320762	111.940787	383.934933	0	0	0	0	0	3
33	8	0	0.396071125	-240.665746	-251.640716	-566.320762	111.940787	383.934933	0	0	0	0	0	3
34	9	0	0.408073281	-240.274237	-251.306408	-566.320762	111.940787	383.934933	0	0	0	0	0	3
35	9	0	0.420075436	-241.384027	-251.022911	-566.320762	111.940787	383.934933	0	0	0	0	0	3
36	9	0	0.432077591	-241.423779	-250.756269	-566.320762	111.940787	383.934933	0	0	0	0	0	3
37	9	0	0.444079747	-241.985333	-250.519216	-566.320762	111.940787	383.934933	0	0	0	0	0	3
38	10	0	0.456081902	-241.562745	-250.28352	-566.320762	111.940787	383.934933	0	0	0	0	0	3
39	10	0	0.468084057	-241.736851	-250.064374	-566.320762	111.940787	383.934933	0	0	0	0	0	3
40	10	0	0.480086213	-240.799931	-249.832763	-566.320762	111.940787	383.934933	0	0	0	0	0	3
41	10	0	0.492088368	-240.341804	-249.601276	-566.320762	111.940787	383.934933	0	0	0	0	0	3
42	11	0	0.504090523	-239.794702	-249.367787	-566.320762	111.940787	383.934933	0	0	0	0	0	3
43	11	0	0.516092679	-240.533626	-257.760035	-566.320762	-239.794702	44.8041581	0	0	0	0	0	3
44	11	0	0.528094834	-239.991693	-249.990295	-348.196843	-239.794702	22.6263589	0	0	0	0	0	3
45	11	0	0.540096989	-239.165406	-247.394308	-279.126241	-239.165406	24.5998373	0	0	0	0	0	3
46	12	0	0.552099144	-237.971514	-246.414434	-278.267669	-237.971514	25.5797117	0	0	0	0	0	3
47	12	0	0.5641013	-237.538039	-245.444681	-267.332859	-237.538039	25.7725837	0	0	0	0	0	3
48	12	0	0.576103455	-236.960689	-244.721534	-266.601209	-236.960689	25.8362942	0	0	0	0	0	3
49	12	0	0.58810561	-236.841504	-244.012969	-260.161302	-236.841504	23.3197978	0	0	0	0	0	3
50	13	0	0.600107766	-236.498666	-243.491426	-260.161302	-236.498666	23.6626358	0	0	0	0	0	3
51	13	0	0.612109921	-236.555795	-242.92939	-258.537763	-236.498666	22.0390966	0	0	0	0	0	3
52	13	0	0.624112076	-236.36655	-242.532383	-258.537763	-236.36655	22.1712126	0	0	0	0	0	3
53	13	0	0.636114232	-236.729204	-242.013131	-254.408591	-236.36655	18.0420406	0	0	0	0	0	3
54	14	0	0.648116387	-236.603764	-241.687135	-254.408591	-236.36655	18.0420406	0	0	0	0	0	3
55	14	0	0.660118542	-236.876654	-241.269708	-251.134154	-236.36655	14.7676042	0	0	0	0	0	3
56	14	0	0.672120698	-236.736499	-241.053037	-251.134154	-236.36655	14.7676042	0	0	0	0	0	3
57	14	0	0.684122853	-237.202067	-240.72132	-249.606535	-236.36655	13.2399849	0	0	0	0	0	3
58	14	0	0.696125008	-237.289232	-240.598069	-249.606535	-236.36655	13.2399849	0	0	0	0	0	3
59	15	0	0.708127164	-237.609785	-240.350235	-249.606535	-236.36655	13.2399849	0	0	0	0	0	3
60	15	0	0.720129319	-237.5286	-240.185791	-249.606535	-236.36655	13.2399849	0	0	0	0	0	3
61	15	0	0.732131474	-237.920006	-239.90754	-248.559495	-236.36655	12.1929456	0	0	0	0	0	3
62	15	0	0.74413363	-237.806585	-239.691912	-248.559495	-236.36655	12.1929456	0	0	0	0	0	3
63	16	0	0.756135785	-238.163861	-239.444396	-245.427545	-236.36655	9.0609952	0	0	0	0	0	3
64	16	0	0.76813794	-237.878921	-239.264667	-243.715013	-236.36655	7.34846307	0	0	0	0	0	3
65	16	0	0.780140095	-238.159621	-239.132396	-242.046258	-236.36655	5.67970835	0	0	0	0	0	3
66	16	0	0.792142251	-238.088508	-239.04723	-242.046258	-236.36655	5.67970835	0	0	0	0	0	3
67	16	0	0.804144406	-238.347692	-238.999614	-242.046258	-236.36655	5.67970835	0	0	0	0	0	3
68	17	0	0.816146561	-238.284282	-238.952722	-242.046258	-236.36655	5.67970835	0	0	0	0	0	3
69	17	0	0.828148717	-238.660473	-238.915416	-242.046258	-236.36655	5.67970835	0	0	0	0	0	3
70	17	0	0.840150872	-238.708963	-238.842287	-242.046258	-236.36655	5.67970835	0	0	0	0	0	3
71	17	0	0.852153027	-238.73946	-238.763554	-241.985333	-236.36655	5.61878303	0	0	0	0	0	3
72	18	0	0.864155183	-238.402245	-238.715546	-241.985333	-236.36655	5.61878303	0	0	0	0	0	3
73	18	0	0.876157338	-238.552947	-238.653305	-241.985333	-236.36655	5.61878303	0	0	0	0	0	3
74	18	0	0.888159493	-238.262358	-238.593913	-241.985333	-236.36655	5.61878303	0	0	0	0	0	3
75	18	0	0.900161649	-238.550967	-238.543562	-241.985333	-236.36655	5.61878303	0	0	0	0	0	3
76	18	0	0.912163804	-238.364412	-238.498089	-241.985333	-236.36655	5.61878303	0	0	0	0	0	3
77	19	0	0.924165959	-238.684048	-238.433804	-241.985333	-236.36655	5.61878303	0	0	0	0	0	3
78	19	0	0.936168115	-238.547368	-238.365318	-241.985333	-236.36655	5.61878303	0	0	0	0	0	3
79	19	0	0.94817027	-238.997332	-238.294175	-241.736851	-236.36655	5.37030065	0	0	0	0	0	3
80	19	0	0.960172425	-238.710072	-238.226255	-241.736851	-236.36655	5.37030065	0	0	0	0	0	3
81	20	0	0.97217458	-239.285678	-238.167893	-240.799931	-236.36655	4.4333813	0	0	0	0	0	3
82	20	0	0.984176736	-238.966017	-238.124229	-240.533626	-236.36655	4.1670759	0	0	0	0	0	3
83	20	0	0.996178891	-239.563609	-238.1057	-240.533626	-236.36655	4.1670759	0	0	0	0	0	3
84	20	0	1.00818105	-239.121093	-238.089662	-240.533626	-236.36655	4.1670759	3.35490878	0	80.5	0	0	3
85	21	0	1.0201832	-239.61814	-238.067865	-239.991693	-236.36655	3.62514273	3.35490878	0	92.5	0	0	3
86	21	0	1.03218536	-239.150206	-238.047829	-239.61814	-236.36655	3.25159015	3.35490878	0	100	0	0	3
87	21	0	1.04418751	-239.661629	-238.059644	-239.661629	-236.36655	3.29507954	3.35490878	0	100	0	0	3
88	21	0	1.05618967	-239.186491	-238.088572	-239.661629	-236.36655	3.29507954	3.35490878	0	100	0	0	3
89	21	0	1.06819182	-239.553772	-238.136566	-239.661629	-236.36655	3.29507954	3.35490878	0	100	0	0	3
90	22	0	1.08019398	-239.101037	-238.187527	-239.661629	-236.36655	3.29507954	3.35490878	0	100	0	0	3
91	22	0	1.09219613	-239.458619	-238.249839	-239.661629	-236.36655	3.29507954	3.35490878	0	100	0	0	3
92	22	0	1.10419829	-239.106635	-238.311933	-239.661629	-236.36655	3.29507954	3.35490878	0	100	0	0	3
93	22	0	1.11620044	-239.452254	-238.380897	-239.661629	-236.36655	3.29507954	3.35490878	0	100	0	0	3
94	23	0	1.1282026	-239.113729	-238.446306	-239.661629	-236.603764	3.05786535	3.35490878	0	100	0	0	3
