Iteration	CPUTime	PhysTime	Travels	Value	AvValue	MinValue	MaxValue	Delta	Criteria	PrevAvRefValue	Progress	CriteriaType	CriteriaVarType	CriteriaPercentage
1	3	0	0.0120122434	12.1057551	12.1057551	12.1057551	12.1057551	0	0	0	0	0	0	3
2	4	0	0.0240244867	5.31714478	8.71144997	5.31714478	12.1057551	3.39430518	0	0	0	0	0	3
3	5	0	0.0360367301	13.5308268	10.3179089	5.31714478	13.5308268	3.39430518	0	0	0	0	0	3
4	6	0	0.0480489734	-2.94040161	7.00333128	-2.94040161	13.5308268	5.10242387	0	0	0	0	0	3
5	7	0	0.0600612168	7.16230705	7.03512643	-2.94040161	13.5308268	5.10242387	0	0	0	0	0	3
6	8	0	0.0720734601	2.4613814	6.27283559	-2.94040161	13.5308268	5.83291956	0	0	0	0	0	3
7	8	0	0.0840857035	3.04064261	5.81109374	-2.94040161	13.5308268	6.29466141	0	0	0	0	0	3
8	9	0	0.0960979468	3.59604567	5.53421273	-2.94040161	13.5308268	6.57154242	0	0	0	0	0	3
9	10	0	0.10811019	2.69795238	5.21907269	-2.94040161	13.5308268	6.88668246	0	0	0	0	0	3
10	11	0	0.120122434	4.72674891	5.16984031	-2.94040161	13.5308268	6.93591484	0	0	0	0	0	3
11	12	0	0.132134677	3.94538695	5.05852637	-2.94040161	13.5308268	7.04722878	0	0	0	0	0	3
12	12	0	0.14414692	5.82289039	5.12222337	-2.94040161	13.5308268	7.04722878	0	0	0	0	0	3
13	13	0	0.156159164	6.97349368	5.26462878	-2.94040161	13.5308268	7.04722878	0	0	0	0	0	3
14	14	0	0.168171407	6.14627584	5.32760357	-2.94040161	13.5308268	7.04722878	0	0	0	0	0	3
15	15	0	0.18018365	5.9833505	5.37132003	-2.94040161	13.5308268	7.04722878	0	0	0	0	0	3
16	16	0	0.192195894	6.4550346	5.43905219	-2.94040161	13.5308268	7.04722878	0	0	0	0	0	3
17	17	0	0.204208137	7.22937743	5.54436544	-2.94040161	13.5308268	7.04722878	0	0	0	0	0	3
18	17	0	0.21622038	6.51666976	5.59838235	-2.94040161	13.5308268	7.04722878	0	0	0	0	0	3
19	18	0	0.228232624	6.20494915	5.63030692	-2.94040161	13.5308268	7.04722878	0	0	0	0	0	3
20	19	0	0.240244867	6.24226108	5.66090463	-2.94040161	13.5308268	7.04722878	0	0	0	0	0	3
21	20	0	0.25225711	5.96448811	5.67536098	-2.94040161	13.5308268	7.04722878	0	0	0	0	0	3
22	21	0	0.264269354	6.82911549	5.72780437	-2.94040161	13.5308268	7.04722878	0	0	0	0	0	3
23	22	0	0.276281597	6.19074948	5.74793242	-2.94040161	13.5308268	7.04722878	0	0	0	0	0	3
24	23	0	0.28829384	6.81527382	5.79240497	-2.94040161	13.5308268	7.04722878	0	0	0	0	0	3
25	23	0	0.300306084	6.23749332	5.81020851	-2.94040161	13.5308268	7.04722878	0	0	0	0	0	3
26	24	0	0.312318327	6.95793439	5.85435181	-2.94040161	13.5308268	7.04722878	0	0	0	0	0	3
27	25	0	0.324330571	6.3777056	5.87373529	-2.94040161	13.5308268	7.04722878	0	0	0	0	0	3
28	26	0	0.336342814	6.86949081	5.90929798	-2.94040161	13.5308268	7.04722878	0	0	0	0	0	3
29	27	0	0.348355057	6.72716112	5.93750016	-2.94040161	13.5308268	7.04722878	0	0	0	0	0	3
30	28	0	0.360367301	7.43118769	5.98728974	-2.94040161	13.5308268	7.04722878	0	0	0	0	0	3
31	29	0	0.372379544	6.8948184	6.01656486	-2.94040161	13.5308268	7.04722878	0	0	0	0	0	3
32	30	0	0.384391787	7.74632959	6.07062001	-2.94040161	13.5308268	7.04722878	0	0	0	0	0	3
33	31	0	0.396404031	7.18420753	6.10436509	-2.94040161	13.5308268	7.04722878	0	0	0	0	0	3
34	31	0	0.408416274	7.72488018	6.15202729	-2.94040161	13.5308268	7.04722878	0	0	0	0	0	3
35	32	0	0.420428517	6.96760482	6.17532951	-2.94040161	13.5308268	7.04722878	0	0	0	0	0	3
36	33	0	0.432440761	7.72904444	6.21848826	-2.94040161	13.5308268	7.04722878	0	0	0	0	0	3
37	34	0	0.444453004	7.57881136	6.25525375	-2.94040161	13.5308268	7.04722878	0	0	0	0	0	3
38	35	0	0.456465247	8.28187337	6.30858584	-2.94040161	13.5308268	7.04722878	0	0	0	0	0	3
39	36	0	0.468477491	7.81647105	6.34724957	-2.94040161	13.5308268	7.04722878	0	0	0	0	0	3
40	37	0	0.480489734	8.47730695	6.400501	-2.94040161	13.5308268	7.04722878	0	0	0	0	0	3
41	38	0	0.492501977	7.99729093	6.4394471	-2.94040161	13.5308268	7.04722878	0	0	0	0	0	3
42	39	0	0.504514221	8.54887723	6.48967162	-2.94040161	13.5308268	7.04722878	0	0	0	0	0	3
43	40	0	0.516526464	8.21935742	6.39713834	-2.94040161	13.5308268	5.25938253	0	0	0	0	0	3
44	41	0	0.528538708	8.52507373	6.4735176	-2.94040161	13.5308268	5.25938253	0	0	0	0	0	3
45	42	0	0.540550951	8.34445258	6.3500325	-2.94040161	8.54887723	1.97660006	0	0	0	0	0	3
46	43	0	0.552563194	8.46368836	6.62155846	2.4613814	8.54887723	1.97660006	0	0	0	0	0	3
47	44	0	0.564575438	8.46744097	6.65263307	2.4613814	8.54887723	1.5941067	0	0	0	0	0	3
48	44	0	0.576587681	8.51429846	6.79675015	2.69795238	8.54887723	1.73822378	0	0	0	0	0	3
49	45	0	0.588599924	8.72397683	6.93206763	2.69795238	8.72397683	1.87354126	0	0	0	0	0	3
50	46	0	0.600612168	8.49006185	7.04859182	2.69795238	8.72397683	1.99006545	0	0	0	0	0	3
51	47	0	0.612624411	8.77115749	7.19319194	3.94538695	8.77115749	2.13466557	0	0	0	0	0	3
52	48	0	0.624636654	8.49774606	7.28297759	3.94538695	8.77115749	2.22445122	0	0	0	0	0	3
53	49	0	0.636648898	8.79382534	7.3984166	5.82289039	8.79382534	2.27619323	0	0	0	0	0	3
54	50	0	0.648661141	8.47287924	7.46151157	5.96448811	8.79382534	2.19688279	0	0	0	0	0	3
55	51	0	0.660673384	8.76749598	7.50422591	5.96448811	8.79382534	2.17662234	0	0	0	0	0	3
56	52	0	0.672685628	8.388167	7.55760427	5.96448811	8.79382534	2.18628424	0	0	0	0	0	3
57	53	0	0.684697871	8.61401948	7.62023925	5.96448811	8.79382534	2.18118706	0	0	0	0	0	3
58	53	0	0.696710115	8.37596717	7.66597574	5.96448811	8.79382534	2.1216103	0	0	0	0	0	3
59	54	0	0.708722358	8.56443481	7.69776282	5.96448811	8.79382534	2.09938047	0	0	0	0	0	3
60	55	0	0.720734601	8.46748062	7.7442107	5.96448811	8.79382534	2.11390378	0	0	0	0	0	3
61	56	0	0.732746845	8.48004835	7.79837973	5.96448811	8.79382534	2.1374751	0	0	0	0	0	3
62	57	0	0.744759088	8.27353629	7.84674342	5.96448811	8.79382534	2.17138244	0	0	0	0	0	3
63	58	0	0.756771331	8.36176005	7.90382132	6.19074948	8.79382534	2.17601696	0	0	0	0	0	3
64	59	0	0.768783575	8.35895397	7.94024605	6.19074948	8.79382534	2.19231363	0	0	0	0	0	3
65	59	0	0.780795818	8.34049577	7.99143049	6.23749332	8.79382534	2.19902551	0	0	0	0	0	3
66	60	0	0.792808061	8.4645879	8.03069987	6.23749332	8.79382534	2.22049136	0	0	0	0	0	3
67	61	0	0.804820305	8.33423515	8.08062229	6.3777056	8.79382534	2.22627048	0	0	0	0	0	3
68	62	0	0.816832548	8.45469262	8.11625939	6.3777056	8.79382534	2.24252411	0	0	0	0	0	3
69	63	0	0.828844791	8.28534428	8.16167936	6.72716112	8.79382534	2.06666422	0	0	0	0	0	3
70	64	0	0.840857035	8.4370569	8.19900236	6.72716112	8.79382534	2.06666422	0	0	0	0	0	3
71	65	0	0.852869278	8.17914228	8.23357334	6.8948184	8.79382534	1.89900694	0	0	0	0	0	3
72	65	0	0.864881521	8.53209626	8.25978545	6.8948184	8.79382534	1.89900694	0	0	0	0	0	3
73	66	0	0.876893765	8.12467613	8.28906778	6.96760482	8.79382534	1.82622052	0	0	0	0	0	3
74	67	0	0.888906008	8.53596148	8.30786854	6.96760482	8.79382534	1.82622052	0	0	0	0	0	3
75	68	0	0.900918252	8.15825389	8.33106012	6.96760482	8.79382534	1.82622052	0	0	0	0	0	3
76	69	0	0.912930495	8.51347601	8.34983621	6.96760482	8.79382534	1.82622052	0	0	0	0	0	3
77	70	0	0.924942738	8.08153225	8.37635829	7.57881136	8.79382534	1.21501398	0	0	0	0	0	3
78	71	0	0.936954982	8.56016873	8.39614697	7.57881136	8.79382534	1.21501398	0	0	0	0	0	3
79	71	0	0.948967225	8.02222699	8.40670448	7.81647105	8.79382534	0.977354294	0	0	0	0	0	3
80	72	0	0.960979468	8.55058404	8.41310235	7.81647105	8.79382534	0.977354294	0	0	0	0	0	3
81	73	0	0.972991712	7.88800535	8.41480555	7.88800535	8.79382534	0.905819992	0	0	0	0	0	3
82	74	0	0.985003955	8.60261724	8.41778913	7.88800535	8.79382534	0.905819992	0	0	0	0	0	3
83	75	0	0.997016198	7.96740876	8.41707765	7.88800535	8.79382534	0.905819992	0	0	0	0	0	3
84	76	0	1.00902844	8.65107496	8.41951093	7.88800535	8.79382534	0.905819992	0.494136852	0	54.5	0	0	3
85	77	0	1.02104069	8.0023424	8.4143439	7.88800535	8.79382534	0.905819992	0.494136852	0	54.5	0	0	3
86	77	0	1.03305293	8.67788663	8.41798231	7.88800535	8.79382534	0.905819992	0.494136852	0	54.5	0	0	3
87	78	0	1.04506517	8.09990959	8.41215985	7.88800535	8.79382534	0.905819992	0.494136852	0	54.5	0	0	3
88	79	0	1.05707742	8.73176565	8.41854265	7.88800535	8.79382534	0.905819992	0.494136852	0	54.5	0	0	3
89	80	0	1.06908966	8.04946595	8.40859086	7.88800535	8.79382534	0.905819992	0.494136852	0	54.5	0	0	3
90	81	0	1.0811019	8.78194349	8.41496336	7.88800535	8.79382534	0.905819992	0.494136852	0	54.5	0	0	3
91	82	0	1.09311415	8.0848793	8.39974675	7.88800535	8.79382534	0.905819992	0.494136852	0	54.5	0	0	3
92	82	0	1.10512639	8.62167778	8.40288047	7.88800535	8.79382534	0.905819992	0.494136852	0	54.5	0	0	3
93	83	0	1.11713863	8.07438237	8.38629058	7.88800535	8.79382534	0.905819992	0.494136852	0	54.5	0	0	3
94	84	0	1.12915088	8.61591477	8.38910412	7.88800535	8.79382534	0.905819992	0.494136852	0	54.5	0	0	3
95	85	0	1.14116312	8.1461679	8.37368371	7.88800535	8.78194349	0.893938144	0.494136852	0	55.2	0	0	3
96	86	0	1.15317536	8.71223136	8.37938257	7.88800535	8.78194349	0.893938144	0.494136852	0	55.2	0	0	3
97	87	0	1.16518761	8.20062475	8.36588563	7.88800535	8.78194349	0.861906655	0.494136852	0	57.3	0	0	3
98	88	0	1.17719985	8.7315806	8.37406215	7.88800535	8.78194349	0.799271679	0.494136852	0	61.8	0	0	3
99	89	0	1.18921209	8.20223029	8.36425764	7.88800535	8.78194349	0.75353519	0.494136852	0	65.5	0	0	3
100	89	0	1.20122434	8.64191327	8.37058969	7.88800535	8.78194349	0.721748109	0.494136852	0	68.4	0	0	3
101	91	0	1.21323658	8.14737533	8.36065971	7.88800535	8.78194349	0.675300232	0.494136852	0	73.1	0	0	3
102	92	0	1.22524882	8.77227006	8.3679166	7.88800535	8.78194349	0.621131203	0.494136852	0	79.5	0	0	3
103	93	0	1.23726107	8.15062887	8.36007328	7.88800535	8.78194349	0.572767508	0.494136852	0	86.2	0	0	3
104	93	0	1.24927331	8.6810352	8.36977563	7.88800535	8.78194349	0.515689604	0.494136852	0	95.8	0	0	3
105	94	0	1.26128555	8.15676759	8.36489486	7.88800535	8.78194349	0.479264879	0.494136852	0	100	0	0	3
