Iteration	CPUTime	PhysTime	Travels	Value	AvValue	MinValue	MaxValue	Delta	Criteria	PrevAvRefValue	Progress	CriteriaType	CriteriaVarType	CriteriaPercentage
1	3	0	0.0120122434	296.452403	296.452403	296.452403	296.452403	0	0	0	0	0	0	3
2	4	0	0.0240244867	-187.953937	54.2492329	-187.953937	296.452403	242.20317	0	0	0	0	0	3
3	5	0	0.0360367301	-39.7248818	22.924528	-187.953937	296.452403	273.527875	0	0	0	0	0	3
4	6	0	0.0480489734	-25.2128993	10.8901711	-187.953937	296.452403	285.562232	0	0	0	0	0	3
5	7	0	0.0600612168	-39.3464038	0.842856159	-187.953937	296.452403	295.609547	0	0	0	0	0	3
6	8	0	0.0720734601	-57.8192127	-8.93415532	-187.953937	296.452403	305.386559	0	0	0	0	0	3
7	8	0	0.0840857035	-64.3690952	-16.8534324	-187.953937	296.452403	313.305836	0	0	0	0	0	3
8	9	0	0.0960979468	-70.7588733	-23.5916126	-187.953937	296.452403	320.044016	0	0	0	0	0	3
9	10	0	0.10811019	-78.3264493	-29.6732611	-187.953937	296.452403	326.125664	0	0	0	0	0	3
10	11	0	0.120122434	-82.5966529	-34.9656003	-187.953937	296.452403	331.418003	0	0	0	0	0	3
11	12	0	0.132134677	-79.1404231	-38.9814932	-187.953937	296.452403	335.433896	0	0	0	0	0	3
12	12	0	0.14414692	-84.1151386	-42.7426304	-187.953937	296.452403	339.195034	0	0	0	0	0	3
13	13	0	0.156159164	-82.6884328	-45.8153844	-187.953937	296.452403	342.267788	0	0	0	0	0	3
14	14	0	0.168171407	-86.6180945	-48.7298637	-187.953937	296.452403	345.182267	0	0	0	0	0	3
15	15	0	0.18018365	-81.1003212	-50.8878942	-187.953937	296.452403	347.340297	0	0	0	0	0	3
16	16	0	0.192195894	-86.2035322	-53.0951216	-187.953937	296.452403	349.547525	0	0	0	0	0	3
17	17	0	0.204208137	-80.1443011	-54.6862498	-187.953937	296.452403	351.138653	0	0	0	0	0	3
18	17	0	0.21622038	-85.8020899	-56.4149076	-187.953937	296.452403	352.867311	0	0	0	0	0	3
19	18	0	0.228232624	-80.6231584	-57.689026	-187.953937	296.452403	354.141429	0	0	0	0	0	3
20	19	0	0.240244867	-85.1011909	-59.0596343	-187.953937	296.452403	355.512037	0	0	0	0	0	3
21	20	0	0.25225711	-81.6278299	-60.1343103	-187.953937	296.452403	356.586713	0	0	0	0	0	3
22	21	0	0.264269354	-84.9572796	-61.262627	-187.953937	296.452403	357.71503	0	0	0	0	0	3
23	22	0	0.276281597	-83.0773216	-62.211092	-187.953937	296.452403	358.663495	0	0	0	0	0	3
24	23	0	0.28829384	-83.9376528	-63.1163654	-187.953937	296.452403	359.568769	0	0	0	0	0	3
25	23	0	0.300306084	-82.1748753	-63.8787058	-187.953937	296.452403	360.331109	0	0	0	0	0	3
26	24	0	0.312318327	-83.3032239	-64.6258026	-187.953937	296.452403	361.078206	0	0	0	0	0	3
27	25	0	0.324330571	-82.4840262	-65.2872183	-187.953937	296.452403	361.739622	0	0	0	0	0	3
28	26	0	0.336342814	-82.9182365	-65.9168975	-187.953937	296.452403	362.369301	0	0	0	0	0	3
29	27	0	0.348355057	-80.9711742	-66.4360105	-187.953937	296.452403	362.888414	0	0	0	0	0	3
30	28	0	0.360367301	-81.8137618	-66.9486022	-187.953937	296.452403	363.401005	0	0	0	0	0	3
31	29	0	0.372379544	-80.3563844	-67.3811113	-187.953937	296.452403	363.833515	0	0	0	0	0	3
32	30	0	0.384391787	-79.9696584	-67.7745034	-187.953937	296.452403	364.226907	0	0	0	0	0	3
33	31	0	0.396404031	-78.3448189	-68.094816	-187.953937	296.452403	364.547219	0	0	0	0	0	3
34	31	0	0.408416274	-78.3903788	-68.3976267	-187.953937	296.452403	364.85003	0	0	0	0	0	3
35	32	0	0.420428517	-77.421649	-68.6554559	-187.953937	296.452403	365.107859	0	0	0	0	0	3
36	33	0	0.432440761	-78.1868183	-68.920216	-187.953937	296.452403	365.372619	0	0	0	0	0	3
37	34	0	0.444453004	-77.0045835	-69.1387124	-187.953937	296.452403	365.591116	0	0	0	0	0	3
38	35	0	0.456465247	-77.3188224	-69.3539784	-187.953937	296.452403	365.806382	0	0	0	0	0	3
39	36	0	0.468477491	-76.865008	-69.5465689	-187.953937	296.452403	365.998972	0	0	0	0	0	3
40	37	0	0.480489734	-77.0879036	-69.7351023	-187.953937	296.452403	366.187505	0	0	0	0	0	3
41	38	0	0.492501977	-76.6761583	-69.9043964	-187.953937	296.452403	366.3568	0	0	0	0	0	3
42	39	0	0.504514221	-76.8054956	-70.0687082	-187.953937	296.452403	366.521111	0	0	0	0	0	3
43	40	0	0.516526464	-76.5230868	-78.949077	-187.953937	-25.2128993	133.19831	0	0	0	0	0	3
44	41	0	0.528538708	-76.4663412	-76.2946105	-86.6180945	-25.2128993	61.4051952	0	0	0	0	0	3
45	42	0	0.540550951	-76.01457	-77.1586507	-86.6180945	-25.2128993	61.4051952	0	0	0	0	0	3
46	43	0	0.552563194	-75.9599656	-78.3669142	-86.6180945	-39.3464038	47.2716908	0	0	0	0	0	3
47	44	0	0.564575438	-75.7841057	-79.2344785	-86.6180945	-57.8192127	28.7988818	0	0	0	0	0	3
48	44	0	0.576587681	-75.2558992	-79.6496377	-86.6180945	-64.3690952	22.2489994	0	0	0	0	0	3
49	45	0	0.588599924	-75.6218339	-79.91756	-86.6180945	-70.7588733	15.8592212	0	0	0	0	0	3
50	46	0	0.600612168	-74.9421273	-80.0171613	-86.6180945	-74.9421273	11.6759673	0	0	0	0	0	3
51	47	0	0.612624411	-75.5975285	-79.952187	-86.6180945	-74.9421273	11.6759673	0	0	0	0	0	3
52	48	0	0.624636654	-74.9758426	-79.7707391	-86.6180945	-74.9421273	11.6759673	0	0	0	0	0	3
53	49	0	0.636648898	-75.7659582	-79.6903947	-86.6180945	-74.9421273	11.6759673	0	0	0	0	0	3
54	50	0	0.648661141	-75.4193801	-79.4833529	-86.6180945	-74.9421273	11.6759673	0	0	0	0	0	3
55	51	0	0.660673384	-76.1629873	-79.3279851	-86.6180945	-74.9421273	11.6759673	0	0	0	0	0	3
56	52	0	0.672685628	-75.6257631	-79.0662629	-86.2035322	-74.9421273	11.2614049	0	0	0	0	0	3
57	53	0	0.684697871	-76.1120524	-78.9474946	-86.2035322	-74.9421273	11.2614049	0	0	0	0	0	3
58	53	0	0.696710115	-75.5870529	-78.6947213	-85.8020899	-74.9421273	10.8599627	0	0	0	0	0	3
59	54	0	0.708722358	-76.0311302	-78.5967887	-85.8020899	-74.9421273	10.8599627	0	0	0	0	0	3
60	55	0	0.720734601	-75.5446922	-78.3525649	-85.1011909	-74.9421273	10.1590636	0	0	0	0	0	3
61	56	0	0.732746845	-76.1687513	-78.2465076	-85.1011909	-74.9421273	10.1590636	0	0	0	0	0	3
62	57	0	0.744759088	-75.6720598	-78.0220045	-84.9572796	-74.9421273	10.0151523	0	0	0	0	0	3
63	58	0	0.756771331	-76.1366824	-77.8912629	-84.9572796	-74.9421273	10.0151523	0	0	0	0	0	3
64	59	0	0.768783575	-75.8643267	-77.674764	-83.9376528	-74.9421273	8.99552557	0	0	0	0	0	3
65	59	0	0.780795818	-76.0128258	-77.5065617	-83.9376528	-74.9421273	8.99552557	0	0	0	0	0	3
66	60	0	0.792808061	-75.9159128	-77.3155679	-83.3032239	-74.9421273	8.36109664	0	0	0	0	0	3
67	61	0	0.804820305	-76.2508432	-77.1745195	-83.3032239	-74.9421273	8.36109664	0	0	0	0	0	3
68	62	0	0.816832548	-76.1191156	-77.0034693	-82.9182365	-74.9421273	7.9761092	0	0	0	0	0	3
69	63	0	0.828844791	-76.2074263	-76.8540265	-82.9182365	-74.9421273	7.9761092	0	0	0	0	0	3
70	64	0	0.840857035	-76.0599417	-76.6907338	-81.8137618	-74.9421273	6.87163453	0	0	0	0	0	3
71	65	0	0.852869278	-76.0327113	-76.5731513	-81.8137618	-74.9421273	6.87163453	0	0	0	0	0	3
72	65	0	0.864881521	-76.1230393	-76.4376579	-80.3563844	-74.9421273	5.41425716	0	0	0	0	0	3
73	66	0	0.876893765	-76.1385073	-76.3372323	-79.9696584	-74.9421273	5.0275311	0	0	0	0	0	3
74	67	0	0.888906008	-76.2987251	-76.2498291	-78.3903788	-74.9421273	3.44825155	0	0	0	0	0	3
75	68	0	0.900918252	-76.4074301	-76.2037008	-78.3903788	-74.9421273	3.44825155	0	0	0	0	0	3
76	69	0	0.912930495	-76.2846085	-76.1535634	-78.1868183	-74.9421273	3.24469106	0	0	0	0	0	3
77	70	0	0.924942738	-76.2332244	-76.1252676	-78.1868183	-74.9421273	3.24469106	0	0	0	0	0	3
78	71	0	0.936954982	-76.0718459	-76.0749111	-77.3188224	-74.9421273	2.37669513	0	0	0	0	0	3
79	71	0	0.948967225	-75.7869115	-76.0459189	-77.3188224	-74.9421273	2.37669513	0	0	0	0	0	3
80	72	0	0.960979468	-75.6611593	-76.0064507	-77.0879036	-74.9421273	2.14577629	0	0	0	0	0	3
81	73	0	0.972991712	-75.376394	-75.9710075	-77.0879036	-74.9421273	2.14577629	0	0	0	0	0	3
82	74	0	0.985003955	-75.3696443	-75.9300966	-76.8054956	-74.9421273	1.86336831	0	0	0	0	0	3
83	75	0	0.997016198	-75.3527194	-75.8985862	-76.8054956	-74.9421273	1.86336831	0	0	0	0	0	3
84	76	0	1.00902844	-75.5764726	-75.8693237	-76.5230868	-74.9421273	1.58095951	1.84215586	0	100	0	0	3
85	77	0	1.02104069	-75.7241266	-75.8503008	-76.4663412	-74.9421273	1.52421392	1.84215586	0	100	0	0	3
86	77	0	1.03305293	-75.9378733	-75.8377183	-76.4074301	-74.9421273	1.46530283	1.84215586	0	100	0	0	3
87	78	0	1.04506517	-76.1221219	-75.840279	-76.4074301	-74.9421273	1.46530283	1.84215586	0	100	0	0	3
88	79	0	1.05707742	-76.4453624	-75.8518361	-76.4453624	-74.9421273	1.50323516	1.84215586	0	100	0	0	3
89	80	0	1.06908966	-76.2281927	-75.8624096	-76.4453624	-74.9421273	1.50323516	1.84215586	0	100	0	0	3
90	81	0	1.0811019	-76.2523919	-75.8861356	-76.4453624	-74.9421273	1.50323516	1.84215586	0	100	0	0	3
91	82	0	1.09311415	-76.0105856	-75.8953916	-76.4453624	-74.9421273	1.50323516	1.84215586	0	100	0	0	3
92	82	0	1.10512639	-75.8051895	-75.9159407	-76.4453624	-74.9758426	1.46951983	1.84215586	0	100	0	0	3
93	83	0	1.11713863	-75.6245402	-75.9165838	-76.4453624	-74.9758426	1.46951983	1.84215586	0	100	0	0	3
94	84	0	1.12915088	-75.585469	-75.9310988	-76.4453624	-75.3527194	1.09264302	1.84215586	0	100	0	0	3
95	85	0	1.14116312	-75.5819575	-75.9267178	-76.4453624	-75.3527194	1.09264302	1.84215586	0	100	0	0	3
96	86	0	1.15317536	-75.7798799	-75.9353011	-76.4453624	-75.3527194	1.09264302	1.84215586	0	100	0	0	3
97	87	0	1.16518761	-75.8564084	-75.9280016	-76.4453624	-75.3527194	1.09264302	1.84215586	0	100	0	0	3
98	88	0	1.17719985	-76.2060256	-75.9418174	-76.4453624	-75.3527194	1.09264302	1.84215586	0	100	0	0	3
99	89	0	1.18921209	-76.2640265	-75.9454358	-76.4453624	-75.3527194	1.09264302	1.84215586	0	100	0	0	3
100	89	0	1.20122434	-76.6015532	-75.9695906	-76.6015532	-75.3527194	1.24883376	1.84215586	0	100	0	0	3
101	91	0	1.21323658	-76.2946032	-75.9758638	-76.6015532	-75.3527194	1.24883376	1.84215586	0	100	0	0	3
102	92	0	1.22524882	-76.3581258	-75.9952312	-76.6015532	-75.3527194	1.24883376	1.84215586	0	100	0	0	3
103	93	0	1.23726107	-76.008281	-75.9914105	-76.6015532	-75.3527194	1.24883376	1.84215586	0	100	0	0	3
104	93	0	1.24927331	-75.9679398	-75.9984553	-76.6015532	-75.3527194	1.24883376	1.84215586	0	100	0	0	3
105	94	0	1.26128555	-75.5962645	-75.9855882	-76.6015532	-75.3527194	1.24883376	1.84215586	0	100	0	0	3
