Iteration	CPUTime	PhysTime	Travels	Value	AvValue	MinValue	MaxValue	Delta	Criteria	PrevAvRefValue	Progress	CriteriaType	CriteriaVarType	CriteriaPercentage
1	3	0	0.0120122434	293.199983	293.199983	293.199983	293.199983	0	0	0	0	0	0	3
2	4	0	0.0240244867	293.199966	293.199974	293.199966	293.199983	8.8926862e-06	0	0	0	0	0	3
3	5	0	0.0360367301	293.199963	293.199971	293.199963	293.199983	1.27708548e-05	0	0	0	0	0	3
4	6	0	0.0480489734	293.199957	293.199967	293.199957	293.199983	1.60931127e-05	0	0	0	0	0	3
5	7	0	0.0600612168	293.199952	293.199964	293.199952	293.199983	1.91097938e-05	0	0	0	0	0	3
6	8	0	0.0720734601	293.199943	293.199961	293.199943	293.199983	2.26537925e-05	0	0	0	0	0	3
7	8	0	0.0840857035	293.199933	293.199957	293.199933	293.199983	2.66683763e-05	0	0	0	0	0	3
8	9	0	0.0960979468	293.199922	293.199952	293.199922	293.199983	3.09973734e-05	0	0	0	0	0	3
9	10	0	0.10811019	293.199912	293.199948	293.199912	293.199983	3.54429822e-05	0	0	0	0	0	3
10	11	0	0.120122434	293.199903	293.199943	293.199903	293.199983	3.99345121e-05	0	0	0	0	0	3
11	12	0	0.132134677	293.199892	293.199939	293.199892	293.199983	4.46094601e-05	0	0	0	0	0	3
12	12	0	0.14414692	293.199882	293.199934	293.199882	293.199983	4.93701003e-05	0	0	0	0	0	3
13	13	0	0.156159164	293.199872	293.199929	293.199872	293.199983	5.41198194e-05	0	0	0	0	0	3
14	14	0	0.168171407	293.199863	293.199925	293.199863	293.199983	5.88239414e-05	0	0	0	0	0	3
15	15	0	0.18018365	293.199856	293.19992	293.199856	293.199983	6.34001451e-05	0	0	0	0	0	3
16	16	0	0.192195894	293.199845	293.199915	293.199845	293.199983	6.80649613e-05	0	0	0	0	0	3
17	17	0	0.204208137	293.199836	293.199911	293.199836	293.199983	7.27369872e-05	0	0	0	0	0	3
18	17	0	0.21622038	293.199827	293.199906	293.199827	293.199983	7.74026101e-05	0	0	0	0	0	3
19	18	0	0.228232624	293.199818	293.199901	293.199818	293.199983	8.20437374e-05	0	0	0	0	0	3
20	19	0	0.240244867	293.199809	293.199897	293.199809	293.199983	8.66608219e-05	0	0	0	0	0	3
21	20	0	0.25225711	293.199796	293.199892	293.199796	293.199983	9.14676561e-05	0	0	0	0	0	3
22	21	0	0.264269354	293.199782	293.199887	293.199782	293.199983	9.64584837e-05	0	0	0	0	0	3
23	22	0	0.276281597	293.199768	293.199882	293.199768	293.199983	0.00010164108	0	0	0	0	0	3
24	23	0	0.28829384	293.199752	293.199876	293.199752	293.199983	0.000107051442	0	0	0	0	0	3
25	23	0	0.300306084	293.199735	293.199871	293.199735	293.199983	0.000112695123	0	0	0	0	0	3
26	24	0	0.312318327	293.199707	293.199864	293.199707	293.199983	0.000118997328	0	0	0	0	0	3
27	25	0	0.324330571	293.199676	293.199857	293.199676	293.199983	0.000125975404	0	0	0	0	0	3
28	26	0	0.336342814	293.199642	293.19985	293.199642	293.199983	0.000133680234	0	0	0	0	0	3
29	27	0	0.348355057	293.199605	293.199841	293.199605	293.199983	0.000142125727	0	0	0	0	0	3
30	28	0	0.360367301	293.199567	293.199832	293.199567	293.199983	0.000151280521	0	0	0	0	0	3
31	29	0	0.372379544	293.199509	293.199822	293.199509	293.199983	0.000161688911	0	0	0	0	0	3
32	30	0	0.384391787	293.199454	293.19981	293.199454	293.199983	0.000173179652	0	0	0	0	0	3
33	31	0	0.396404031	293.199406	293.199798	293.199406	293.199983	0.000185425924	0	0	0	0	0	3
34	31	0	0.408416274	293.199366	293.199785	293.199366	293.199983	0.000198139636	0	0	0	0	0	3
35	32	0	0.420428517	293.199336	293.199772	293.199336	293.199983	0.00021096508	0	0	0	0	0	3
36	33	0	0.432440761	293.199312	293.19976	293.199312	293.199983	0.000223757271	0	0	0	0	0	3
37	34	0	0.444453004	293.1993	293.199747	293.1993	293.199983	0.00023618039	0	0	0	0	0	3
38	35	0	0.456465247	293.199295	293.199735	293.199295	293.199983	0.000248084636	0	0	0	0	0	3
39	36	0	0.468477491	293.199297	293.199724	293.199295	293.199983	0.000259329884	0	0	0	0	0	3
40	37	0	0.480489734	293.199299	293.199713	293.199295	293.199983	0.000269947541	0	0	0	0	0	3
41	38	0	0.492501977	293.199302	293.199703	293.199295	293.199983	0.00027997239	0	0	0	0	0	3
42	39	0	0.504514221	293.199301	293.199694	293.199295	293.199983	0.000289542267	0	0	0	0	0	3
43	40	0	0.516526464	293.199303	293.199678	293.199295	293.199966	0.000296860216	0	0	0	0	0	3
44	41	0	0.528538708	293.1993	293.199662	293.199295	293.199963	0.000308823975	0	0	0	0	0	3
45	42	0	0.540550951	293.199298	293.199646	293.199295	293.199957	0.000321322743	0	0	0	0	0	3
46	43	0	0.552563194	293.199297	293.19963	293.199295	293.199952	0.000334016764	0	0	0	0	0	3
47	44	0	0.564575438	293.199296	293.199615	293.199295	293.199943	0.000346086178	0	0	0	0	0	3
48	44	0	0.576587681	293.199296	293.199599	293.199295	293.199933	0.000357464852	0	0	0	0	0	3
49	45	0	0.588599924	293.199296	293.199584	293.199295	293.199922	0.000368298528	0	0	0	0	0	3
50	46	0	0.600612168	293.199296	293.199569	293.199295	293.199912	0.000378754358	0	0	0	0	0	3
51	47	0	0.612624411	293.199297	293.199555	293.199295	293.199903	0.00038890773	0	0	0	0	0	3
52	48	0	0.624636654	293.199299	293.19954	293.199295	293.199892	0.000398625118	0	0	0	0	0	3
53	49	0	0.636648898	293.199298	293.199526	293.199295	293.199882	0.000408005445	0	0	0	0	0	3
54	50	0	0.648661141	293.199299	293.199512	293.199295	293.199872	0.000417134723	0	0	0	0	0	3
55	51	0	0.660673384	293.199298	293.199498	293.199295	293.199863	0.000426110694	0	0	0	0	0	3
56	52	0	0.672685628	293.199296	293.199485	293.199295	293.199856	0.000435053856	0	0	0	0	0	3
57	53	0	0.684697871	293.199293	293.199472	293.199293	293.199845	0.000443783317	0	0	0	0	0	3
58	53	0	0.696710115	293.199293	293.199458	293.199293	293.199836	0.0004522598	0	0	0	0	0	3
59	54	0	0.708722358	293.199292	293.199445	293.199292	293.199827	0.000460538692	0	0	0	0	0	3
60	55	0	0.720734601	293.199295	293.199433	293.199292	293.199818	0.000468558806	0	0	0	0	0	3
61	56	0	0.732746845	293.199296	293.19942	293.199292	293.199809	0.000476373225	0	0	0	0	0	3
62	57	0	0.744759088	293.199297	293.199408	293.199292	293.199796	0.000483761879	0	0	0	0	0	3
63	58	0	0.756771331	293.199295	293.199396	293.199292	293.199782	0.000489893154	0	0	0	0	0	3
64	59	0	0.768783575	293.199296	293.199385	293.199292	293.199768	0.000475500827	0	0	0	0	0	3
65	59	0	0.780795818	293.199295	293.199373	293.199292	293.199752	0.000459669234	0	0	0	0	0	3
66	60	0	0.792808061	293.199296	293.199363	293.199292	293.199735	0.000443015544	0	0	0	0	0	3
67	61	0	0.804820305	293.199296	293.199352	293.199292	293.199707	0.000414606585	0	0	0	0	0	3
68	62	0	0.816832548	293.199296	293.199342	293.199292	293.199676	0.000383753626	0	0	0	0	0	3
69	63	0	0.828844791	293.199294	293.199333	293.199292	293.199642	0.000349448373	0	0	0	0	0	3
70	64	0	0.840857035	293.199293	293.199325	293.199292	293.199605	0.00031255947	0	0	0	0	0	3
71	65	0	0.852869278	293.199292	293.199317	293.199292	293.199567	0.000274580143	0	0	0	0	0	3
72	65	0	0.864881521	293.199293	293.199311	293.199292	293.199509	0.000217409088	0	0	0	0	0	3
73	66	0	0.876893765	293.199294	293.199306	293.199292	293.199454	0.000161957042	0	0	0	0	0	3
74	67	0	0.888906008	293.199295	293.199302	293.199292	293.199406	0.000114043075	0	0	0	0	0	3
75	68	0	0.900918252	293.199295	293.199299	293.199292	293.199366	7.36575595e-05	0	0	0	0	0	3
76	69	0	0.912930495	293.199292	293.199298	293.199292	293.199336	4.43195069e-05	0	0	0	0	0	3
77	70	0	0.924942738	293.199291	293.199297	293.199291	293.199312	2.11916309e-05	0	0	0	0	0	3
78	71	0	0.936954982	293.199289	293.199296	293.199289	293.199303	1.30869208e-05	0	0	0	0	0	3
79	71	0	0.948967225	293.199289	293.199296	293.199289	293.199303	1.34779885e-05	0	0	0	0	0	3
80	72	0	0.960979468	293.199288	293.199296	293.199288	293.199303	1.41394269e-05	0	0	0	0	0	3
81	73	0	0.972991712	293.199288	293.199295	293.199288	293.199303	1.41394269e-05	0	0	0	0	0	3
82	74	0	0.985003955	293.199288	293.199295	293.199288	293.199303	1.47673966e-05	0	0	0	0	0	3
83	75	0	0.997016198	293.19929	293.199295	293.199288	293.199303	1.47673966e-05	0	0	0	0	0	3
84	76	0	1.00902844	293.199291	293.199295	293.199288	293.199303	1.47673966e-05	2.02526074e-05	0	0	0	0	3
85	77	0	1.02104069	293.199291	293.199294	293.199288	293.1993	1.24677777e-05	2.02526074e-05	0	0	0	0	3
86	77	0	1.03305293	293.199291	293.199294	293.199288	293.199299	1.09590792e-05	2.02526074e-05	0	0	0	0	3
87	78	0	1.04506517	293.199291	293.199294	293.199288	293.199299	1.09590792e-05	2.02526074e-05	0	0	0	0	3
88	79	0	1.05707742	293.19929	293.199294	293.199288	293.199299	1.09590792e-05	2.02526074e-05	0	0	0	0	3
89	80	0	1.06908966	293.199289	293.199294	293.199288	293.199299	1.09590792e-05	2.02526074e-05	0	0	0	0	3
90	81	0	1.0811019	293.199287	293.199293	293.199287	293.199299	1.17364297e-05	2.02526074e-05	0	0	0	0	3
91	82	0	1.09311415	293.199287	293.199293	293.199287	293.199299	1.21228618e-05	2.02526074e-05	0	0	0	0	3
92	82	0	1.10512639	293.199286	293.199293	293.199286	293.199299	1.28284616e-05	2.02526074e-05	0	0	0	0	3
93	83	0	1.11713863	293.199286	293.199293	293.199286	293.199299	1.28284616e-05	2.02526074e-05	0	0	0	0	3
94	84	0	1.12915088	293.199286	293.199292	293.199286	293.199299	1.28284616e-05	2.02526074e-05	0	0	0	0	3
95	85	0	1.14116312	293.199288	293.199292	293.199286	293.199299	1.28284616e-05	2.02526074e-05	0	0	0	0	3
96	86	0	1.15317536	293.199289	293.199292	293.199286	293.199298	1.1803134e-05	2.02526074e-05	0	0	0	0	3
97	87	0	1.16518761	293.19929	293.199292	293.199286	293.199297	1.08875399e-05	2.02526074e-05	0	0	0	0	3
98	88	0	1.17719985	293.199289	293.199292	293.199286	293.199297	1.08875399e-05	2.02526074e-05	0	0	0	0	3
99	89	0	1.18921209	293.19929	293.199291	293.199286	293.199297	1.08875399e-05	2.02526074e-05	0	0	0	0	3
100	89	0	1.20122434	293.199289	293.199291	293.199286	293.199297	1.08875399e-05	2.02526074e-05	0	0	0	0	3
101	91	0	1.21323658	293.199287	293.199291	293.199286	293.199297	1.08875399e-05	2.02526074e-05	0	0	0	0	3
102	92	0	1.22524882	293.199286	293.199291	293.199286	293.199297	1.11423758e-05	2.02526074e-05	0	0	0	0	3
103	93	0	1.23726107	293.199285	293.199291	293.199285	293.199297	1.16922233e-05	2.02526074e-05	0	0	0	0	3
104	93	0	1.24927331	293.199285	293.19929	293.199285	293.199296	1.17709801e-05	2.02526074e-05	0	0	0	0	3
105	94	0	1.26128555	293.199285	293.19929	293.199285	293.199296	1.17709801e-05	2.02526074e-05	0	0	0	0	3
