Iteration	CPUTime	PhysTime	Travels	Value	AvValue	MinValue	MaxValue	Delta	Criteria	PrevAvRefValue	Progress	CriteriaType	CriteriaVarType	CriteriaPercentage
1	6	0	0.0101130138	-1826.25212	-1826.25212	-1826.25212	-1826.25212	0	0	0	0	0	0	3
2	7	0	0.0202260276	-161.63691	-993.944515	-1826.25212	-161.63691	832.307605	0	0	0	0	0	3
3	8	0	0.0303390415	-73.5404416	-687.143157	-1826.25212	-73.5404416	1139.10896	0	0	0	0	0	3
4	9	0	0.0404520553	-41.4543668	-525.72096	-1826.25212	-41.4543668	1300.53116	0	0	0	0	0	3
5	10	0	0.0505650691	-55.4517228	-431.667112	-1826.25212	-41.4543668	1394.58501	0	0	0	0	0	3
6	10	0	0.0606780829	-45.4473664	-367.297155	-1826.25212	-41.4543668	1458.95497	0	0	0	0	0	3
7	11	0	0.0707910967	-50.5142045	-322.042448	-1826.25212	-41.4543668	1504.20967	0	0	0	0	0	3
8	12	0	0.0809041105	-44.4560037	-287.344142	-1826.25212	-41.4543668	1538.90798	0	0	0	0	0	3
9	13	0	0.0910171244	-46.81483	-260.618663	-1826.25212	-41.4543668	1565.63346	0	0	0	0	0	3
10	14	0	0.101130138	-42.6480354	-238.8216	-1826.25212	-41.4543668	1587.43052	0	0	0	0	0	3
11	15	0	0.111243152	-42.8576809	-221.006698	-1826.25212	-41.4543668	1605.24542	0	0	0	0	0	3
12	16	0	0.121356166	-40.9738958	-206.003965	-1826.25212	-40.9738958	1620.24816	0	0	0	0	0	3
13	16	0	0.13146918	-41.6640323	-193.362432	-1826.25212	-40.9738958	1632.88969	0	0	0	0	0	3
14	17	0	0.141582193	-40.8056632	-182.46552	-1826.25212	-40.8056632	1643.7866	0	0	0	0	0	3
15	18	0	0.151695207	-40.7354241	-173.016847	-1826.25212	-40.7354241	1653.23527	0	0	0	0	0	3
16	19	0	0.161808221	-40.2993118	-164.722001	-1826.25212	-40.2993118	1661.53012	0	0	0	0	0	3
17	20	0	0.171921235	-40.0300772	-157.387182	-1826.25212	-40.0300772	1668.86494	0	0	0	0	0	3
18	21	0	0.182034249	-39.9601337	-150.863457	-1826.25212	-39.9601337	1675.38866	0	0	0	0	0	3
19	22	0	0.192147263	-39.6538157	-145.010318	-1826.25212	-39.6538157	1681.2418	0	0	0	0	0	3
20	23	0	0.202260276	-39.4300692	-139.731305	-1826.25212	-39.4300692	1686.52081	0	0	0	0	0	3
21	23	0	0.21237329	-39.304512	-134.949077	-1826.25212	-39.304512	1691.30304	0	0	0	0	0	3
22	24	0	0.222486304	-38.9460379	-130.585303	-1826.25212	-38.9460379	1695.66682	0	0	0	0	0	3
23	25	0	0.232599318	-38.6616887	-126.588624	-1826.25212	-38.6616887	1699.6635	0	0	0	0	0	3
24	26	0	0.242712332	-38.3715451	-122.912912	-1826.25212	-38.3715451	1703.33921	0	0	0	0	0	3
25	27	0	0.252825345	-38.0240668	-119.517358	-1826.25212	-38.0240668	1706.73476	0	0	0	0	0	3
26	27	0	0.262938359	-37.841442	-116.375977	-1826.25212	-37.841442	1709.87614	0	0	0	0	0	3
27	28	0	0.273051373	-37.4140178	-113.45146	-1826.25212	-37.4140178	1712.80066	0	0	0	0	0	3
28	29	0	0.283164387	-37.2273035	-110.729169	-1826.25212	-37.2273035	1715.52295	0	0	0	0	0	3
29	30	0	0.293277401	-36.9869561	-108.186334	-1826.25212	-36.9869561	1718.06579	0	0	0	0	0	3
30	31	0	0.303390415	-37.0070702	-105.813692	-1826.25212	-36.9869561	1720.43843	0	0	0	0	0	3
31	32	0	0.313503428	-36.7367651	-103.585404	-1826.25212	-36.7367651	1722.66672	0	0	0	0	0	3
32	33	0	0.323616442	-36.55896	-101.490827	-1826.25212	-36.55896	1724.76129	0	0	0	0	0	3
33	34	0	0.333729456	-36.3223008	-99.5160234	-1826.25212	-36.3223008	1726.7361	0	0	0	0	0	3
34	35	0	0.34384247	-36.2748826	-97.6559898	-1826.25212	-36.2748826	1728.59613	0	0	0	0	0	3
35	36	0	0.353955484	-36.0943231	-95.8970851	-1826.25212	-36.0943231	1730.35504	0	0	0	0	0	3
36	37	0	0.364068497	-36.109959	-94.2363316	-1826.25212	-36.0943231	1732.01579	0	0	0	0	0	3
37	38	0	0.374181511	-35.9863353	-92.6620073	-1826.25212	-35.9863353	1733.59011	0	0	0	0	0	3
38	39	0	0.384294525	-35.9966549	-91.1708139	-1826.25212	-35.9863353	1735.08131	0	0	0	0	0	3
39	40	0	0.394407539	-35.8647465	-89.7527096	-1826.25212	-35.8647465	1736.49941	0	0	0	0	0	3
40	41	0	0.404520553	-35.8532318	-88.4052226	-1826.25212	-35.8532318	1737.8469	0	0	0	0	0	3
41	42	0	0.414633567	-35.7249812	-87.1203387	-1826.25212	-35.7249812	1739.13178	0	0	0	0	0	3
42	43	0	0.42474658	-35.6942984	-85.8959092	-1826.25212	-35.6942984	1740.35621	0	0	0	0	0	3
43	44	0	0.434859594	-35.4497334	-84.7227423	-1826.25212	-35.4497334	1741.52938	0	0	0	0	0	3
44	45	0	0.444972608	-35.3720574	-83.6011358	-1826.25212	-35.3720574	1742.65098	0	0	0	0	0	3
45	46	0	0.455085622	-35.3794571	-82.5295429	-1826.25212	-35.3720574	1743.72258	0	0	0	0	0	3
46	47	0	0.465198636	-35.4887499	-81.506917	-1826.25212	-35.3720574	1744.7452	0	0	0	0	0	3
47	48	0	0.475311649	-35.3825969	-80.5255485	-1826.25212	-35.3720574	1745.72657	0	0	0	0	0	3
48	49	0	0.485424663	-35.3823515	-79.5850652	-1826.25212	-35.3720574	1746.66706	0	0	0	0	0	3
49	50	0	0.495537677	-35.1763186	-78.6787643	-1826.25212	-35.1763186	1747.57336	0	0	0	0	0	3
50	51	0	0.505650691	-35.0863453	-77.8069159	-1826.25212	-35.0863453	1748.4452	0	0	0	0	0	3
51	52	0	0.515763705	-35.2300329	-41.9864741	-161.63691	-35.0863453	126.550565	0	0	0	0	0	3
52	53	0	0.525876719	-35.3518202	-39.4607723	-73.5404416	-35.0863453	38.4540964	0	0	0	0	0	3
53	54	0	0.535989732	-35.4334771	-38.6986331	-55.4517228	-35.0863453	20.3653776	0	0	0	0	0	3
54	55	0	0.546102746	-35.678552	-38.5831168	-55.4517228	-35.0863453	20.3653776	0	0	0	0	0	3
55	56	0	0.55621576	-35.6267762	-38.1866178	-50.5142045	-35.0863453	15.4278593	0	0	0	0	0	3
56	57	0	0.566328774	-35.8099602	-37.9938697	-50.5142045	-35.0863453	15.4278593	0	0	0	0	0	3
57	58	0	0.576441788	-35.6519048	-37.6966237	-46.81483	-35.0863453	11.7284847	0	0	0	0	0	3
58	60	0	0.586554801	-35.7255856	-37.5220153	-46.81483	-35.0863453	11.7284847	0	0	0	0	0	3
59	61	0	0.596667815	-35.5448036	-37.2966148	-42.8576809	-35.0863453	7.77133569	0	0	0	0	0	3
60	62	0	0.606780829	-35.5558684	-37.1547715	-42.8576809	-35.0863453	7.77133569	0	0	0	0	0	3
61	63	0	0.616893843	-35.3785649	-37.0051892	-41.6640323	-35.0863453	6.57768703	0	0	0	0	0	3
62	64	0	0.627006857	-35.1999303	-36.8897098	-41.6640323	-35.0863453	6.57768703	0	0	0	0	0	3
63	65	0	0.637119871	-35.1823935	-36.7600771	-40.8056632	-35.0863453	5.7193179	0	0	0	0	0	3
64	66	0	0.647232884	-35.1114287	-36.6461924	-40.7354241	-35.0863453	5.64907886	0	0	0	0	0	3
65	67	0	0.657345898	-35.0116369	-36.5317166	-40.2993118	-35.0116369	5.2876749	0	0	0	0	0	3
66	68	0	0.667458912	-34.9684499	-36.4250994	-40.0300772	-34.9684499	5.06162724	0	0	0	0	0	3
67	69	0	0.677571926	-35.1076388	-36.3266506	-39.9601337	-34.9684499	4.99168379	0	0	0	0	0	3
68	70	0	0.68768494	-35.2047219	-36.2315424	-39.6538157	-34.9684499	4.68536582	0	0	0	0	0	3
69	71	0	0.697797953	-35.3024498	-36.1445151	-39.4300692	-34.9684499	4.46161925	0	0	0	0	0	3
70	72	0	0.707910967	-35.3742762	-36.0633992	-39.304512	-34.9684499	4.33606208	0	0	0	0	0	3
71	73	0	0.718023981	-35.4881669	-35.9870723	-38.9460379	-34.9684499	3.97758794	0	0	0	0	0	3
72	74	0	0.728136995	-35.5923843	-35.9199992	-38.6616887	-34.9684499	3.69323881	0	0	0	0	0	3
73	75	0	0.738250009	-35.5551054	-35.8578676	-38.3715451	-34.9684499	3.40309516	0	0	0	0	0	3
74	76	0	0.748363023	-35.6739326	-35.8039153	-38.0240668	-34.9684499	3.05561685	0	0	0	0	0	3
75	77	0	0.758476036	-35.634178	-35.7561176	-37.841442	-34.9684499	2.87299211	0	0	0	0	0	3
76	77	0	0.76858905	-35.4818603	-35.7089259	-37.4140178	-34.9684499	2.44556791	0	0	0	0	0	3
77	78	0	0.778702064	-35.3373877	-35.6673933	-37.2273035	-34.9684499	2.25885359	0	0	0	0	0	3
78	79	0	0.788815078	-35.2885911	-35.6286191	-37.0070702	-34.9684499	2.03862026	0	0	0	0	0	3
79	80	0	0.798928092	-35.0326905	-35.5895338	-37.0070702	-34.9684499	2.03862026	0	0	0	0	0	3
80	81	0	0.809041105	-35.0623229	-35.5506388	-36.7367651	-34.9684499	1.76831515	0	0	0	0	0	3
81	82	0	0.819154119	-34.837143	-35.5126464	-36.55896	-34.837143	1.72181702	0	0	0	0	0	3
82	83	0	0.829267133	-34.8114329	-35.4776958	-36.3223008	-34.8114329	1.51086791	0	0	0	0	0	3
83	84	0	0.839380147	-34.8515284	-35.4482804	-36.2748826	-34.8114329	1.46344973	0	0	0	0	0	3
84	85	0	0.849493161	-35.0521795	-35.4238263	-36.109959	-34.8114329	1.29852615	0	0	0	0	0	3
85	86	0	0.859606175	-35.0347044	-35.4026339	-36.109959	-34.8114329	1.29852615	0	0	0	0	0	3
86	86	0	0.869719188	-35.2557194	-35.3855491	-35.9966549	-34.8114329	1.18522203	0	0	0	0	0	3
87	87	0	0.879832202	-35.2709915	-35.3712423	-35.9966549	-34.8114329	1.18522203	0	0	0	0	0	3
88	88	0	0.889945216	-35.3102809	-35.3575148	-35.8647465	-34.8114329	1.05331362	0	0	0	0	0	3
89	89	0	0.90005823	-35.3650379	-35.3475206	-35.8532318	-34.8114329	1.04179888	0	0	0	0	0	3
90	90	0	0.910171244	-35.3107544	-35.3366711	-35.8099602	-34.8114329	0.998527318	0	0	0	0	0	3
91	91	0	0.920284257	-35.3029853	-35.3282312	-35.8099602	-34.8114329	0.998527318	0	0	0	0	0	3
92	92	0	0.930397271	-35.242935	-35.3192039	-35.8099602	-34.8114329	0.998527318	0	0	0	0	0	3
93	93	0	0.940510285	-35.2638217	-35.3154857	-35.8099602	-34.8114329	0.998527318	0	0	0	0	0	3
94	94	0	0.950623299	-35.1302984	-35.3106505	-35.8099602	-34.8114329	0.998527318	0	0	0	0	0	3
95	94	0	0.960736313	-35.0258213	-35.3035778	-35.8099602	-34.8114329	0.998527318	0	0	0	0	0	3
96	95	0	0.970849326	-35.0883271	-35.2955693	-35.8099602	-34.8114329	0.998527318	0	0	0	0	0	3
97	96	0	0.98096234	-35.0952258	-35.2898219	-35.8099602	-34.8114329	0.998527318	0	0	0	0	0	3
98	98	0	0.991075354	-35.1567927	-35.2853107	-35.8099602	-34.8114329	0.998527318	0	0	0	0	0	3
99	99	0	1.00118837	-35.2403344	-35.286591	-35.8099602	-34.8114329	0.998527318	1.16187026	0	100	0	0	3
100	100	0	1.01130138	-35.3266146	-35.2913964	-35.8099602	-34.8114329	0.998527318	1.16187026	0	100	0	0	3
101	101	0	1.0214144	-35.4477575	-35.2957509	-35.8099602	-34.8114329	0.998527318	1.16187026	0	100	0	0	3
102	102	0	1.03152741	-35.3961328	-35.2966371	-35.8099602	-34.8114329	0.998527318	1.16187026	0	100	0	0	3
103	103	0	1.04164042	-35.474062	-35.2974488	-35.8099602	-34.8114329	0.998527318	1.16187026	0	100	0	0	3
104	104	0	1.05175344	-35.3483172	-35.2908442	-35.8099602	-34.8114329	0.998527318	1.16187026	0	100	0	0	3
105	105	0	1.06186645	-35.4031701	-35.286372	-35.8099602	-34.8114329	0.998527318	1.16187026	0	100	0	0	3
106	106	0	1.07197946	-35.1786509	-35.2737458	-35.7255856	-34.8114329	0.91415275	1.16187026	0	100	0	0	3
107	107	0	1.08209248	-35.1067556	-35.2628429	-35.7255856	-34.8114329	0.91415275	1.16187026	0	100	0	0	3
108	108	0	1.09220549	-35.1524471	-35.2513801	-35.6739326	-34.8114329	0.862499685	1.16187026	0	100	0	0	3
109	109	0	1.10231851	-35.1025063	-35.2425341	-35.6739326	-34.8114329	0.862499685	1.16187026	0	100	0	0	3
110	110	0	1.11243152	-34.9372232	-35.2301612	-35.6739326	-34.8114329	0.862499685	1.16187026	0	100	0	0	3
111	111	0	1.12254453	-34.9369797	-35.2213295	-35.6739326	-34.8114329	0.862499685	1.16187026	0	100	0	0	3
112	112	0	1.13265755	-34.9623583	-35.2165781	-35.6739326	-34.8114329	0.862499685	1.16187026	0	100	0	0	3
113	113	0	1.14277056	-35.0078031	-35.2130863	-35.6739326	-34.8114329	0.862499685	1.16187026	0	100	0	0	3
114	114	0	1.15288358	-35.2226511	-35.2153107	-35.6739326	-34.8114329	0.862499685	1.16187026	0	100	0	0	3
115	115	0	1.16299659	-35.2672965	-35.2204239	-35.6739326	-34.8114329	0.862499685	1.16187026	0	100	0	0	3
116	116	0	1.1731096	-35.4845046	-35.230745	-35.6739326	-34.8114329	0.862499685	1.16187026	0	100	0	0	3
117	117	0	1.18322262	-35.5467222	-35.2395267	-35.6739326	-34.8114329	0.862499685	1.16187026	0	100	0	0	3
118	118	0	1.19333563	-35.5693082	-35.2468184	-35.6739326	-34.8114329	0.862499685	1.16187026	0	100	0	0	3
119	119	0	1.20344864	-35.5275664	-35.2513207	-35.6739326	-34.8114329	0.850312932	1.16187026	0	100	0	0	3
120	120	0	1.21356166	-35.5350968	-35.2545372	-35.6739326	-34.8114329	0.773986029	1.16187026	0	100	0	0	3
121	121	0	1.22367467	-35.5067556	-35.2549089	-35.6739326	-34.8114329	0.706912958	1.16187026	0	100	0	0	3
122	122	0	1.23378769	-35.5423652	-35.2539086	-35.6739326	-34.8114329	0.644781291	1.16187026	0	100	0	0	3
123	123	0	1.2439007	-35.2672649	-35.2481517	-35.6739326	-34.8114329	0.590829041	1.16187026	0	100	0	0	3
124	123	0	1.25401371	-35.3129599	-35.2409323	-35.634178	-34.8114329	0.543031265	1.16187026	0	100	0	0	3
125	124	0	1.26412673	-35.1897715	-35.2320442	-35.5693082	-34.8114329	0.495839631	1.16187026	0	100	0	0	3
126	125	0	1.27423974	-35.1914481	-35.2262359	-35.5693082	-34.8114329	0.454307029	1.16187026	0	100	0	0	3
127	126	0	1.28435275	-35.1378478	-35.2222451	-35.5693082	-34.8114329	0.415532781	1.16187026	0	100	0	0	3
128	127	0	1.29446577	-35.147553	-35.2194244	-35.5693082	-34.8114329	0.376447469	1.16187026	0	100	0	0	3
129	128	0	1.30457878	-35.2442212	-35.223655	-35.5693082	-34.8114329	0.337552522	1.16187026	0	100	0	0	3
130	129	0	1.3146918	-35.3181562	-35.2287716	-35.5693082	-34.8114329	0.299560081	1.16187026	0	100	0	0	3
131	130	0	1.32480481	-35.4240885	-35.2405105	-35.5693082	-34.8114329	0.264609538	1.16187026	0	100	0	0	3
132	131	0	1.33491782	-35.4174758	-35.2526314	-35.5693082	-34.8515284	0.235194091	1.16187026	0	100	0	0	3
133	132	0	1.34503084	-35.4658294	-35.2649174	-35.5693082	-34.9369797	0.210740029	1.16187026	0	100	0	0	3
134	133	0	1.35514385	-35.5050501	-35.2739748	-35.5693082	-34.9369797	0.189547656	1.16187026	0	100	0	0	3
