Iteration	CPUTime	PhysTime	Travels	Value	AvValue	MinValue	MaxValue	Delta	Criteria	PrevAvRefValue	Progress	CriteriaType	CriteriaVarType	CriteriaPercentage
1	4	0	0.0101066344	0	0	0	0	0	0	0	0	0	0	3
2	4	0	0.0202132689	0	0	0	0	0	0	0	0	0	0	3
3	5	0	0.0303199033	0	0	0	0	0	0	0	0	0	0	3
4	6	0	0.0404265378	0	0	0	0	0	0	0	0	0	0	3
5	7	0	0.0505331722	0	0	0	0	0	0	0	0	0	0	3
6	8	0	0.0606398066	0	0	0	0	0	0	0	0	0	0	3
7	9	0	0.0707464411	0	0	0	0	0	0	0	0	0	0	3
8	10	0	0.0808530755	0	0	0	0	0	0	0	0	0	0	3
9	11	0	0.0909597099	0	0	0	0	0	0	0	0	0	0	3
10	11	0	0.101066344	0	0	0	0	0	0	0	0	0	0	3
11	12	0	0.111172979	0	0	0	0	0	0	0	0	0	0	3
12	13	0	0.121279613	0	0	0	0	0	0	0	0	0	0	3
13	14	0	0.131386248	0	0	0	0	0	0	0	0	0	0	3
14	15	0	0.141492882	0	0	0	0	0	0	0	0	0	0	3
15	15	0	0.151599517	0	0	0	0	0	0	0	0	0	0	3
16	16	0	0.161706151	0	0	0	0	0	0	0	0	0	0	3
17	17	0	0.171812785	0	0	0	0	0	0	0	0	0	0	3
18	18	0	0.18191942	0	0	0	0	0	0	0	0	0	0	3
19	19	0	0.192026054	0	0	0	0	0	0	0	0	0	0	3
20	20	0	0.202132689	0	0	0	0	0	0	0	0	0	0	3
21	20	0	0.212239323	0	0	0	0	0	0	0	0	0	0	3
22	21	0	0.222345958	0	0	0	0	0	0	0	0	0	0	3
23	22	0	0.232452592	0	0	0	0	0	0	0	0	0	0	3
24	23	0	0.242559227	0	0	0	0	0	0	0	0	0	0	3
25	24	0	0.252665861	0	0	0	0	0	0	0	0	0	0	3
26	25	0	0.262772495	0	0	0	0	0	0	0	0	0	0	3
27	26	0	0.27287913	0	0	0	0	0	0	0	0	0	0	3
28	27	0	0.282985764	0	0	0	0	0	0	0	0	0	0	3
29	27	0	0.293092399	0	0	0	0	0	0	0	0	0	0	3
30	28	0	0.303199033	0	0	0	0	0	0	0	0	0	0	3
31	29	0	0.313305668	0	0	0	0	0	0	0	0	0	0	3
32	30	0	0.323412302	0	0	0	0	0	0	0	0	0	0	3
33	31	0	0.333518936	0	0	0	0	0	0	0	0	0	0	3
34	32	0	0.343625571	0	0	0	0	0	0	0	0	0	0	3
35	33	0	0.353732205	0	0	0	0	0	0	0	0	0	0	3
36	34	0	0.36383884	0	0	0	0	0	0	0	0	0	0	3
37	35	0	0.373945474	0	0	0	0	0	0	0	0	0	0	3
38	36	0	0.384052109	0	0	0	0	0	0	0	0	0	0	3
39	37	0	0.394158743	0	0	0	0	0	0	0	0	0	0	3
40	38	0	0.404265378	0	0	0	0	0	0	0	0	0	0	3
41	39	0	0.414372012	0	0	0	0	0	0	0	0	0	0	3
42	39	0	0.424478646	0	0	0	0	0	0	0	0	0	0	3
43	41	0	0.434585281	0	0	0	0	0	0	0	0	0	0	3
44	42	0	0.444691915	0	0	0	0	0	0	0	0	0	0	3
45	43	0	0.45479855	0	0	0	0	0	0	0	0	0	0	3
46	44	0	0.464905184	0	0	0	0	0	0	0	0	0	0	3
47	44	0	0.475011819	0	0	0	0	0	0	0	0	0	0	3
48	45	0	0.485118453	0	0	0	0	0	0	0	0	0	0	3
49	46	0	0.495225087	0	0	0	0	0	0	0	0	0	0	3
50	47	0	0.505331722	0	0	0	0	0	0	0	0	0	0	3
51	48	0	0.515438356	0	0	0	0	0	0	0	0	0	0	3
52	49	0	0.525544991	0	0	0	0	0	0	0	0	0	0	3
53	50	0	0.535651625	0	0	0	0	0	0	0	0	0	0	3
54	51	0	0.54575826	0	0	0	0	0	0	0	0	0	0	3
55	52	0	0.555864894	0	0	0	0	0	0	0	0	0	0	3
56	53	0	0.565971529	0	0	0	0	0	0	0	0	0	0	3
57	53	0	0.576078163	0	0	0	0	0	0	0	0	0	0	3
58	54	0	0.586184797	0	0	0	0	0	0	0	0	0	0	3
59	55	0	0.596291432	0	0	0	0	0	0	0	0	0	0	3
60	56	0	0.606398066	0	0	0	0	0	0	0	0	0	0	3
61	57	0	0.616504701	0	0	0	0	0	0	0	0	0	0	3
62	58	0	0.626611335	0	0	0	0	0	0	0	0	0	0	3
63	59	0	0.63671797	0	0	0	0	0	0	0	0	0	0	3
64	59	0	0.646824604	0	0	0	0	0	0	0	0	0	0	3
65	60	0	0.656931238	0	0	0	0	0	0	0	0	0	0	3
66	61	0	0.667037873	0	0	0	0	0	0	0	0	0	0	3
67	62	0	0.677144507	0	0	0	0	0	0	0	0	0	0	3
68	63	0	0.687251142	0	0	0	0	0	0	0	0	0	0	3
69	63	0	0.697357776	0	0	0	0	0	0	0	0	0	0	3
70	64	0	0.707464411	0	0	0	0	0	0	0	0	0	0	3
71	65	0	0.717571045	0	0	0	0	0	0	0	0	0	0	3
72	66	0	0.72767768	0	0	0	0	0	0	0	0	0	0	3
73	67	0	0.737784314	0	0	0	0	0	0	0	0	0	0	3
74	68	0	0.747890948	0	0	0	0	0	0	0	0	0	0	3
75	68	0	0.757997583	0	0	0	0	0	0	0	0	0	0	3
76	69	0	0.768104217	0	0	0	0	0	0	0	0	0	0	3
77	70	0	0.778210852	0	0	0	0	0	0	0	0	0	0	3
78	71	0	0.788317486	0	0	0	0	0	0	0	0	0	0	3
79	72	0	0.798424121	0	0	0	0	0	0	0	0	0	0	3
80	73	0	0.808530755	0	0	0	0	0	0	0	0	0	0	3
81	74	0	0.818637389	0	0	0	0	0	0	0	0	0	0	3
82	75	0	0.828744024	0	0	0	0	0	0	0	0	0	0	3
83	75	0	0.838850658	0	0	0	0	0	0	0	0	0	0	3
84	76	0	0.848957293	0	0	0	0	0	0	0	0	0	0	3
85	77	0	0.859063927	0	0	0	0	0	0	0	0	0	0	3
86	78	0	0.869170562	0	0	0	0	0	0	0	0	0	0	3
87	79	0	0.879277196	0	0	0	0	0	0	0	0	0	0	3
88	80	0	0.889383831	0	0	0	0	0	0	0	0	0	0	3
89	80	0	0.899490465	0	0	0	0	0	0	0	0	0	0	3
90	81	0	0.909597099	0	0	0	0	0	0	0	0	0	0	3
91	82	0	0.919703734	0	0	0	0	0	0	0	0	0	0	3
92	83	0	0.929810368	0	0	0	0	0	0	0	0	0	0	3
93	84	0	0.939917003	0	0	0	0	0	0	0	0	0	0	3
94	85	0	0.950023637	0	0	0	0	0	0	0	0	0	0	3
95	86	0	0.960130272	0	0	0	0	0	0	0	0	0	0	3
96	87	0	0.970236906	0	0	0	0	0	0	0	0	0	0	3
97	88	0	0.98034354	0	0	0	0	0	0	0	0	0	0	3
98	88	0	0.990450175	0	0	0	0	0	0	0	0	0	0	3
99	89	0	1.00055681	0	0	0	0	0	5e-06	0	0	0	0	3
100	90	0	1.01066344	0	0	0	0	0	5e-06	0	0	0	0	3
101	92	0	1.02077008	0	0	0	0	0	5e-06	0	0	0	0	3
102	93	0	1.03087671	0	0	0	0	0	5e-06	0	0	0	0	3
103	94	0	1.04098335	0	0	0	0	0	5e-06	0	0	0	0	3
104	95	0	1.05108998	0	0	0	0	0	5e-06	0	0	0	0	3
105	96	0	1.06119662	0	0	0	0	0	5e-06	0	0	0	0	3
106	97	0	1.07130325	0	0	0	0	0	5e-06	0	0	0	0	3
107	98	0	1.08140988	0	0	0	0	0	5e-06	0	0	0	0	3
108	98	0	1.09151652	0	0	0	0	0	5e-06	0	0	0	0	3
109	99	0	1.10162315	0	0	0	0	0	5e-06	0	0	0	0	3
110	100	0	1.11172979	0	0	0	0	0	5e-06	0	0	0	0	3
111	101	0	1.12183642	0	0	0	0	0	5e-06	0	0	0	0	3
112	102	0	1.13194306	0	0	0	0	0	5e-06	0	0	0	0	3
113	103	0	1.14204969	0	0	0	0	0	5e-06	0	0	0	0	3
114	104	0	1.15215633	0	0	0	0	0	5e-06	0	0	0	0	3
115	105	0	1.16226296	0	0	0	0	0	5e-06	0	0	0	0	3
116	106	0	1.17236959	0	0	0	0	0	5e-06	0	0	0	0	3
117	107	0	1.18247623	0	0	0	0	0	5e-06	0	0	0	0	3
