Iteration	CPUTime	PhysTime	Travels	Value	AvValue	MinValue	MaxValue	Delta	Criteria	PrevAvRefValue	Progress	CriteriaType	CriteriaVarType	CriteriaPercentage
1	3	0	0.0123847119	5941.42377	5941.42377	5941.42377	5941.42377	0	0	0	0	0	0	3
2	3	0	0.0247694238	514.531547	3227.97766	514.531547	5941.42377	2713.44611	0	0	0	0	0	3
3	4	0	0.0371541357	245.082571	2233.6793	245.082571	5941.42377	3707.74448	0	0	0	0	0	3
4	4	0	0.0495388476	306.55585	1751.89844	245.082571	5941.42377	4189.52534	0	0	0	0	0	3
5	5	0	0.0619235595	220.220398	1445.56283	220.220398	5941.42377	4495.86094	0	0	0	0	0	3
6	5	0	0.0743082714	243.026756	1245.14015	220.220398	5941.42377	4696.28362	0	0	0	0	0	3
7	5	0	0.0866929833	180.015878	1092.97954	180.015878	5941.42377	4848.44423	0	0	0	0	0	3
8	6	0	0.0990776952	204.250612	981.888423	180.015878	5941.42377	4959.53535	0	0	0	0	0	3
9	6	0	0.111462407	157.629163	890.304061	157.629163	5941.42377	5051.11971	0	0	0	0	0	3
10	6	0	0.123847119	174.083649	818.68202	157.629163	5941.42377	5122.74175	0	0	0	0	0	3
11	7	0	0.136231831	135.58341	756.582146	135.58341	5941.42377	5184.84163	0	0	0	0	0	3
12	7	0	0.148616543	152.374482	706.231507	135.58341	5941.42377	5235.19226	0	0	0	0	0	3
13	8	0	0.161001255	127.766545	661.734203	127.766545	5941.42377	5279.68957	0	0	0	0	0	3
14	8	0	0.173385967	140.399198	624.495988	127.766545	5941.42377	5316.92778	0	0	0	0	0	3
15	8	0	0.185770678	122.598236	591.036138	122.598236	5941.42377	5350.38763	0	0	0	0	0	3
16	9	0	0.19815539	130.751376	562.26834	122.598236	5941.42377	5379.15543	0	0	0	0	0	3
17	9	0	0.210540102	119.27693	536.210022	119.27693	5941.42377	5405.21375	0	0	0	0	0	3
18	9	0	0.222924814	124.770949	513.352296	119.27693	5941.42377	5428.07148	0	0	0	0	0	3
19	10	0	0.235309526	116.318916	492.455802	116.318916	5941.42377	5448.96797	0	0	0	0	0	3
20	10	0	0.247694238	116.7625	473.671137	116.318916	5941.42377	5467.75264	0	0	0	0	0	3
21	11	0	0.26007895	116.880979	456.681129	116.318916	5941.42377	5484.74264	0	0	0	0	0	3
22	11	0	0.272463662	114.506661	441.127745	114.506661	5941.42377	5500.29603	0	0	0	0	0	3
23	11	0	0.284848374	116.535182	427.015024	114.506661	5941.42377	5514.40875	0	0	0	0	0	3
24	12	0	0.297233085	114.90684	414.010517	114.506661	5941.42377	5527.41326	0	0	0	0	0	3
25	12	0	0.309617797	114.687056	402.037578	114.506661	5941.42377	5539.38619	0	0	0	0	0	3
26	12	0	0.322002509	115.746717	391.026391	114.506661	5941.42377	5550.39738	0	0	0	0	0	3
27	13	0	0.334387221	116.699493	380.866136	114.506661	5941.42377	5560.55764	0	0	0	0	0	3
28	13	0	0.346771933	114.701573	371.360259	114.506661	5941.42377	5570.06351	0	0	0	0	0	3
29	14	0	0.359156645	116.590718	362.575102	114.506661	5941.42377	5578.84867	0	0	0	0	0	3
30	14	0	0.371541357	113.918787	354.286558	113.918787	5941.42377	5587.13721	0	0	0	0	0	3
31	14	0	0.383926069	113.462725	346.518047	113.462725	5941.42377	5594.90572	0	0	0	0	0	3
32	15	0	0.396310781	112.648883	339.209636	112.648883	5941.42377	5602.21414	0	0	0	0	0	3
33	15	0	0.408695493	114.358549	332.395967	112.648883	5941.42377	5609.02781	0	0	0	0	0	3
34	16	0	0.421080204	115.319531	326.011366	112.648883	5941.42377	5615.41241	0	0	0	0	0	3
35	16	0	0.433464916	116.557686	320.026975	112.648883	5941.42377	5621.3968	0	0	0	0	0	3
36	17	0	0.445849628	115.528833	314.346471	112.648883	5941.42377	5627.0773	0	0	0	0	0	3
37	17	0	0.45823434	115.059122	308.960326	112.648883	5941.42377	5632.46345	0	0	0	0	0	3
38	18	0	0.470619052	114.562836	303.844603	112.648883	5941.42377	5637.57917	0	0	0	0	0	3
39	18	0	0.483003764	114.9187	299.000349	112.648883	5941.42377	5642.42342	0	0	0	0	0	3
40	19	0	0.495388476	113.567096	294.364518	112.648883	5941.42377	5647.05925	0	0	0	0	0	3
41	19	0	0.507773188	113.234781	289.946719	112.648883	5941.42377	5651.47705	0	0	0	0	0	3
42	19	0	0.5201579	112.744496	147.78381	112.648883	514.531547	401.882664	0	0	0	0	0	3
43	20	0	0.532542611	112.972426	137.989685	112.648883	306.55585	193.906968	0	0	0	0	0	3
44	20	0	0.544927323	113.021726	134.768689	112.648883	306.55585	193.906968	0	0	0	0	0	3
45	21	0	0.557312035	113.261954	130.054204	112.648883	243.026756	130.377874	0	0	0	0	0	3
46	21	0	0.569696747	113.173753	127.44331	112.648883	243.026756	130.377874	0	0	0	0	0	3
47	21	0	0.582081459	113.45753	124.283085	112.648883	204.250612	91.601729	0	0	0	0	0	3
48	22	0	0.594466171	113.886288	122.670168	112.648883	204.250612	91.601729	0	0	0	0	0	3
49	22	0	0.606850883	114.300236	120.476256	112.648883	174.083649	61.4347668	0	0	0	0	0	3
50	23	0	0.619235595	113.947226	119.410843	112.648883	174.083649	61.4347668	0	0	0	0	0	3
51	23	0	0.631620307	113.551146	117.934441	112.648883	152.374482	39.7255996	0	0	0	0	0	3
52	23	0	0.644005019	113.767039	117.402334	112.648883	152.374482	39.7255996	0	0	0	0	0	3
53	24	0	0.65638973	114.218686	116.471705	112.648883	140.399198	27.7503154	0	0	0	0	0	3
54	24	0	0.668774442	113.425229	116.121917	112.648883	140.399198	27.7503154	0	0	0	0	0	3
55	25	0	0.681159154	114.313001	115.485668	112.648883	130.751376	18.1024934	0	0	0	0	0	3
56	25	0	0.693543866	113.745307	115.269743	112.648883	130.751376	18.1024934	0	0	0	0	0	3
57	25	0	0.705928578	114.570226	114.875081	112.648883	124.770949	12.1220659	0	0	0	0	0	3
58	26	0	0.71831329	113.472217	114.733502	112.648883	124.770949	12.1220659	0	0	0	0	0	3
59	26	0	0.730698002	113.494499	114.458467	112.648883	116.880979	4.23209666	0	0	0	0	0	3
60	26	0	0.743082714	113.597564	114.392093	112.648883	116.880979	4.23209666	0	0	0	0	0	3
61	27	0	0.755467426	113.235274	114.306063	112.648883	116.880979	4.23209666	0	0	0	0	0	3
62	27	0	0.767852137	112.966788	114.210595	112.648883	116.699493	4.05061019	0	0	0	0	0	3
63	28	0	0.780236849	113.406828	114.183769	112.648883	116.699493	4.05061019	0	0	0	0	0	3
64	28	0	0.792621561	113.529242	114.110454	112.648883	116.699493	4.05061019	0	0	0	0	0	3
65	28	0	0.805006273	113.626963	114.079237	112.648883	116.699493	4.05061019	0	0	0	0	0	3
66	29	0	0.817390985	112.925172	114.036264	112.648883	116.699493	4.05061019	0	0	0	0	0	3
67	29	0	0.829775697	112.82518	113.965007	112.648883	116.699493	4.05061019	0	0	0	0	0	3
68	30	0	0.842160409	112.377169	113.859585	112.377169	116.590718	4.21354988	0	0	0	0	0	3
69	30	0	0.854545121	112.390462	113.803216	112.377169	116.590718	4.21354988	0	0	0	0	0	3
70	30	0	0.866929833	111.378788	113.676096	111.378788	116.557686	5.17889758	0	0	0	0	0	3
71	31	0	0.879314545	111.578991	113.619028	111.378788	116.557686	5.17889758	0	0	0	0	0	3
72	31	0	0.891699256	111.514514	113.571511	111.378788	116.557686	5.17889758	0	0	0	0	0	3
73	31	0	0.904083968	112.307258	113.563178	111.378788	116.557686	5.17889758	0	0	0	0	0	3
74	32	0	0.91646868	112.683378	113.52232	111.378788	116.557686	5.17889758	0	0	0	0	0	3
75	32	0	0.928853392	113.32707	113.473724	111.378788	116.557686	5.17889758	0	0	0	0	0	3
76	33	0	0.941238104	113.537313	113.400056	111.378788	115.528833	4.15004477	0	0	0	0	0	3
77	33	0	0.953622816	113.368668	113.347369	111.378788	115.059122	3.68033357	0	0	0	0	0	3
78	33	0	0.966007528	112.784408	113.291888	111.378788	114.9187	3.53991232	0	0	0	0	0	3
79	34	0	0.97839224	113.019912	113.254256	111.378788	114.9187	3.53991232	0	0	0	0	0	3
80	34	0	0.990776952	113.21942	113.21281	111.378788	114.570226	3.19143802	0	0	0	0	0	3
81	34	0	1.00316166	113.252923	113.205148	111.378788	114.570226	3.19143802	5.85531187	0	100	0	0	3
