Iteration	CPUTime	PhysTime	Travels	Value	AvValue	MinValue	MaxValue	Delta	Criteria	PrevAvRefValue	Progress	CriteriaType	CriteriaVarType	CriteriaPercentage
1	3	0	0.012148357	-5429.1238	-5429.1238	-5429.1238	-5429.1238	0	0	0	0	0	0	3
2	4	0	0.024296714	-1200.54261	-3314.83321	-5429.1238	-1200.54261	2114.2906	0	0	0	0	0	3
3	5	0	0.036445071	-398.343454	-2342.66996	-5429.1238	-398.343454	3086.45385	0	0	0	0	0	3
4	5	0	0.0485934281	-351.011082	-1844.75524	-5429.1238	-351.011082	3584.36857	0	0	0	0	0	3
5	6	0	0.0607417851	-312.615528	-1538.3273	-5429.1238	-312.615528	3890.79651	0	0	0	0	0	3
6	7	0	0.0728901421	-312.107245	-1333.95729	-5429.1238	-312.107245	4095.16652	0	0	0	0	0	3
7	8	0	0.0850384991	-295.167567	-1185.55876	-5429.1238	-295.167567	4243.56505	0	0	0	0	0	3
8	8	0	0.0971868561	-300.489685	-1074.92512	-5429.1238	-295.167567	4354.19868	0	0	0	0	0	3
9	9	0	0.109335213	-265.573272	-984.997139	-5429.1238	-265.573272	4444.12666	0	0	0	0	0	3
10	10	0	0.12148357	-290.672824	-915.564707	-5429.1238	-265.573272	4513.5591	0	0	0	0	0	3
11	10	0	0.133631927	-284.66998	-858.210641	-5429.1238	-265.573272	4570.91316	0	0	0	0	0	3
12	11	0	0.145780284	-306.766832	-812.25699	-5429.1238	-265.573272	4616.86681	0	0	0	0	0	3
13	12	0	0.157928641	-304.67101	-773.211915	-5429.1238	-265.573272	4655.91189	0	0	0	0	0	3
14	12	0	0.170076998	-304.407084	-739.725856	-5429.1238	-265.573272	4689.39795	0	0	0	0	0	3
15	13	0	0.182225355	-307.753968	-710.92773	-5429.1238	-265.573272	4718.19607	0	0	0	0	0	3
16	14	0	0.194373712	-307.976879	-685.743302	-5429.1238	-265.573272	4743.3805	0	0	0	0	0	3
17	15	0	0.206522069	-318.704725	-664.152797	-5429.1238	-265.573272	4764.97101	0	0	0	0	0	3
18	15	0	0.218670426	-315.453115	-644.780593	-5429.1238	-265.573272	4784.34321	0	0	0	0	0	3
19	16	0	0.230818783	-327.467923	-628.079926	-5429.1238	-265.573272	4801.04388	0	0	0	0	0	3
20	17	0	0.24296714	-320.590012	-612.70543	-5429.1238	-265.573272	4816.41837	0	0	0	0	0	3
21	17	0	0.255115497	-328.489262	-599.171327	-5429.1238	-265.573272	4829.95248	0	0	0	0	0	3
22	18	0	0.267263854	-329.079687	-586.894434	-5429.1238	-265.573272	4842.22937	0	0	0	0	0	3
23	19	0	0.279412211	-329.174004	-575.689198	-5429.1238	-265.573272	4853.43461	0	0	0	0	0	3
24	20	0	0.291560568	-328.003802	-565.368973	-5429.1238	-265.573272	4863.75483	0	0	0	0	0	3
25	20	0	0.303708925	-326.320129	-555.807019	-5429.1238	-265.573272	4873.31678	0	0	0	0	0	3
26	21	0	0.315857282	-325.538747	-546.950547	-5429.1238	-265.573272	4882.17326	0	0	0	0	0	3
27	22	0	0.328005639	-328.861553	-538.873177	-5429.1238	-265.573272	4890.25063	0	0	0	0	0	3
28	23	0	0.340153996	-328.80258	-531.370656	-5429.1238	-265.573272	4897.75315	0	0	0	0	0	3
29	23	0	0.352302353	-330.423203	-524.441433	-5429.1238	-265.573272	4904.68237	0	0	0	0	0	3
30	24	0	0.36445071	-327.994139	-517.89319	-5429.1238	-265.573272	4911.23061	0	0	0	0	0	3
31	25	0	0.376599067	-331.313869	-511.874502	-5429.1238	-265.573272	4917.2493	0	0	0	0	0	3
32	26	0	0.388747425	-330.463704	-506.205415	-5429.1238	-265.573272	4922.91839	0	0	0	0	0	3
33	26	0	0.400895782	-331.050576	-500.897693	-5429.1238	-265.573272	4928.22611	0	0	0	0	0	3
34	27	0	0.413044139	-330.509262	-495.886268	-5429.1238	-265.573272	4933.23754	0	0	0	0	0	3
35	28	0	0.425192496	-332.939718	-491.230652	-5429.1238	-265.573272	4937.89315	0	0	0	0	0	3
36	29	0	0.437340853	-332.769708	-486.82896	-5429.1238	-265.573272	4942.29484	0	0	0	0	0	3
37	29	0	0.44948921	-333.529028	-482.685718	-5429.1238	-265.573272	4946.43809	0	0	0	0	0	3
38	30	0	0.461637567	-331.713437	-478.712763	-5429.1238	-265.573272	4950.41104	0	0	0	0	0	3
39	31	0	0.473785924	-333.361679	-474.985813	-5429.1238	-265.573272	4954.13799	0	0	0	0	0	3
40	32	0	0.485934281	-333.686241	-471.453323	-5429.1238	-265.573272	4957.67048	0	0	0	0	0	3
41	33	0	0.498082638	-336.029711	-468.150308	-5429.1238	-265.573272	4960.9735	0	0	0	0	0	3
42	34	0	0.510230995	-336.363997	-465.012539	-5429.1238	-265.573272	4964.11126	0	0	0	0	0	3
43	35	0	0.522379352	-336.441013	-343.758187	-1200.54261	-265.573272	934.969339	0	0	0	0	0	3
44	35	0	0.534527709	-334.462819	-323.137239	-398.343454	-265.573272	132.770182	0	0	0	0	0	3
45	36	0	0.546676066	-336.579749	-321.666675	-351.011082	-265.573272	85.4378092	0	0	0	0	0	3
46	37	0	0.558824423	-337.034594	-321.333901	-337.034594	-265.573272	71.461322	0	0	0	0	0	3
47	38	0	0.57097278	-339.031426	-321.962851	-339.031426	-265.573272	73.4581532	0	0	0	0	0	3
48	39	0	0.583121137	-338.252228	-322.585351	-339.031426	-265.573272	73.4581532	0	0	0	0	0	3
49	39	0	0.595269494	-339.297165	-323.636056	-339.297165	-265.573272	73.7238924	0	0	0	0	0	3
50	40	0	0.607417851	-339.110262	-324.555593	-339.297165	-265.573272	73.7238924	0	0	0	0	0	3
51	41	0	0.619566208	-339.380257	-326.312902	-339.380257	-284.66998	54.7102771	0	0	0	0	0	3
52	42	0	0.631714565	-338.686215	-327.456078	-339.380257	-284.66998	54.7102771	0	0	0	0	0	3
53	43	0	0.643862922	-338.960354	-328.748706	-339.380257	-304.407084	34.973173	0	0	0	0	0	3
54	43	0	0.656011279	-339.111598	-329.51882	-339.380257	-304.407084	34.973173	0	0	0	0	0	3
55	44	0	0.668159636	-339.489783	-330.347838	-339.489783	-304.407084	35.0826993	0	0	0	0	0	3
56	45	0	0.680307993	-339.643444	-331.186799	-339.643444	-307.753968	31.8894765	0	0	0	0	0	3
57	46	0	0.69245635	-340.256487	-331.960669	-340.256487	-307.976879	32.2796077	0	0	0	0	0	3
58	46	0	0.704604707	-339.205214	-332.7042	-340.256487	-315.453115	24.8033715	0	0	0	0	0	3
59	47	0	0.716753064	-339.916585	-333.209245	-340.256487	-315.453115	24.8033715	0	0	0	0	0	3
60	48	0	0.728901421	-339.350398	-333.778228	-340.256487	-320.590012	19.6664744	0	0	0	0	0	3
61	49	0	0.741049778	-340.347947	-334.084895	-340.347947	-320.590012	19.7579345	0	0	0	0	0	3
62	50	0	0.753198135	-339.85198	-334.543513	-340.347947	-325.538747	14.8091995	0	0	0	0	0	3
63	50	0	0.765346492	-341.475586	-334.852711	-341.475586	-325.538747	15.9368389	0	0	0	0	0	3
64	51	0	0.777494849	-340.483673	-335.124235	-341.475586	-325.538747	15.9368389	0	0	0	0	0	3
65	52	0	0.789643206	-341.483946	-335.417329	-341.483946	-325.538747	15.9451989	0	0	0	0	0	3
66	53	0	0.801791563	-340.247569	-335.708847	-341.483946	-325.538747	15.9451989	0	0	0	0	0	3
67	53	0	0.81393992	-340.433369	-336.044877	-341.483946	-325.538747	15.9451989	0	0	0	0	0	3
68	54	0	0.826088277	-339.771196	-336.383744	-341.483946	-327.994139	13.4898077	0	0	0	0	0	3
69	55	0	0.838236634	-340.952918	-336.671634	-341.483946	-327.994139	13.4898077	0	0	0	0	0	3
70	56	0	0.850384991	-340.984331	-336.961676	-341.483946	-327.994139	13.4898077	0	0	0	0	0	3
71	57	0	0.862533348	-342.545033	-337.250291	-342.545033	-327.994139	14.5508944	0	0	0	0	0	3
72	57	0	0.874681705	-343.013618	-337.607897	-343.013618	-330.463704	12.5499138	0	0	0	0	0	3
73	58	0	0.886830062	-343.041784	-337.887133	-343.041784	-330.463704	12.5780805	0	0	0	0	0	3
74	59	0	0.898978419	-342.132273	-338.164957	-343.041784	-330.509262	12.5325221	0	0	0	0	0	3
75	60	0	0.911126776	-342.866391	-338.446285	-343.041784	-330.509262	12.5325221	0	0	0	0	0	3
76	60	0	0.923275133	-341.300101	-338.70321	-343.041784	-331.713437	11.3283472	0	0	0	0	0	3
77	61	0	0.93542349	-341.170372	-338.899178	-343.041784	-331.713437	11.3283472	0	0	0	0	0	3
78	62	0	0.947571847	-339.481199	-339.058976	-343.041784	-331.713437	11.3283472	0	0	0	0	0	3
79	63	0	0.959720204	-339.938153	-339.211574	-343.041784	-331.713437	11.3283472	0	0	0	0	0	3
80	63	0	0.971868561	-338.844592	-339.381363	-343.041784	-333.361679	9.68010502	0	0	0	0	0	3
81	64	0	0.984016918	-338.300734	-339.49896	-343.041784	-333.686241	9.35554358	0	0	0	0	0	3
82	65	0	0.996165275	-337.712028	-339.594812	-343.041784	-334.462819	8.57896568	0	0	0	0	0	3
83	66	0	1.00831363	-338.711903	-339.658673	-343.041784	-334.462819	8.57896568	3.98310545	0	46.4	0	0	3
84	66	0	1.02046199	-338.891026	-339.718841	-343.041784	-334.462819	8.57896568	3.98310545	0	46.4	0	0	3
85	67	0	1.03261035	-339.382918	-339.788886	-343.041784	-334.462819	8.57896568	3.98310545	0	46.4	0	0	3
86	68	0	1.0447587	-338.370194	-339.881919	-343.041784	-336.579749	6.46203564	3.98310545	0	61.6	0	0	3
87	69	0	1.05690706	-339.41112	-339.949332	-343.041784	-337.034594	6.00718981	3.98310545	0	66.3	0	0	3
88	69	0	1.06905542	-338.751337	-339.990207	-343.041784	-337.712028	5.32975653	3.98310545	0	74.7	0	0	3
89	70	0	1.08120377	-339.862862	-340.010003	-343.041784	-337.712028	5.32975653	3.98310545	0	74.7	0	0	3
90	71	0	1.09335213	-339.166863	-340.03178	-343.041784	-337.712028	5.32975653	3.98310545	0	74.7	0	0	3
91	72	0	1.10550049	-339.678439	-340.040858	-343.041784	-337.712028	5.32975653	3.98310545	0	74.7	0	0	3
92	72	0	1.11764885	-338.195274	-340.019073	-343.041784	-337.712028	5.32975653	3.98310545	0	74.7	0	0	3
93	73	0	1.1297972	-339.462316	-340.021027	-343.041784	-337.712028	5.32975653	3.98310545	0	74.7	0	0	3
94	74	0	1.14194556	-338.858009	-340.025117	-343.041784	-337.712028	5.32975653	3.98310545	0	74.7	0	0	3
95	75	0	1.15409392	-339.874174	-340.046875	-343.041784	-337.712028	5.32975653	3.98310545	0	74.7	0	0	3
96	75	0	1.16624227	-339.467746	-340.055354	-343.041784	-337.712028	5.32975653	3.98310545	0	74.7	0	0	3
97	76	0	1.17839063	-341.253098	-340.097338	-343.041784	-337.712028	5.32975653	3.98310545	0	74.7	0	0	3
98	77	0	1.19053899	-340.962647	-340.128748	-343.041784	-337.712028	5.32975653	3.98310545	0	74.7	0	0	3
99	77	0	1.20268734	-341.953429	-340.169151	-343.041784	-337.712028	5.32975653	3.98310545	0	74.7	0	0	3
100	78	0	1.2148357	-341.332191	-340.219793	-343.041784	-337.712028	5.32975653	3.98310545	0	74.7	0	0	3
101	79	0	1.22698406	-341.483	-340.257089	-343.041784	-337.712028	5.32975653	3.98310545	0	74.7	0	0	3
102	80	0	1.23913242	-340.660206	-340.288275	-343.041784	-337.712028	5.32975653	3.98310545	0	74.7	0	0	3
103	81	0	1.25128077	-340.265165	-340.286304	-343.041784	-337.712028	5.32975653	3.98310545	0	74.7	0	0	3
104	82	0	1.26342913	-339.767224	-340.284286	-343.041784	-337.712028	5.32975653	3.98310545	0	74.7	0	0	3
105	82	0	1.27557749	-339.960203	-340.248205	-343.041784	-337.712028	5.16403993	3.98310545	0	77.1	0	0	3
106	83	0	1.28772584	-339.399666	-340.222396	-343.041784	-337.712028	4.87094606	3.98310545	0	81.7	0	0	3
107	84	0	1.2998742	-339.348211	-340.171545	-343.041784	-337.712028	4.5794278	3.98310545	0	86.9	0	0	3
108	85	0	1.31202256	-338.543908	-340.130981	-343.041784	-337.712028	4.24339828	3.98310545	0	93.8	0	0	3
109	85	0	1.32417091	-339.02311	-340.097404	-343.041784	-337.712028	3.90453045	3.98310545	0	100	0	0	3
110	86	0	1.33631927	-337.851282	-340.051692	-343.041784	-337.712028	3.61664081	3.98310545	0	100	0	0	3
111	87	0	1.34846763	-339.342437	-340.013347	-343.041784	-337.712028	3.32659911	3.98310545	0	100	0	0	3
112	87	0	1.36061599	-338.370838	-339.951121	-343.041784	-337.712028	3.03798411	3.98310545	0	100	0	0	3
113	88	0	1.37276434	-339.297926	-339.873809	-343.041784	-337.712028	2.68037747	3.98310545	0	100	0	0	3
