Iteration	CPUTime	PhysTime	Travels	Value	AvValue	MinValue	MaxValue	Delta	Criteria	PrevAvRefValue	Progress	CriteriaType	CriteriaVarType	CriteriaPercentage
1	3	0	0.012148357	3665.5245	3665.5245	3665.5245	3665.5245	0	0	0	0	0	0	3
2	4	0	0.024296714	335.055255	2000.28988	335.055255	3665.5245	1665.23462	0	0	0	0	0	3
3	5	0	0.036445071	31.0801928	1343.88665	31.0801928	3665.5245	2321.63785	0	0	0	0	0	3
4	5	0	0.0485934281	39.7317077	1017.84791	31.0801928	3665.5245	2647.67658	0	0	0	0	0	3
5	6	0	0.0607417851	10.3894345	816.356218	10.3894345	3665.5245	2849.16828	0	0	0	0	0	3
6	7	0	0.0728901421	11.7794944	682.260097	10.3894345	3665.5245	2983.2644	0	0	0	0	0	3
7	8	0	0.0850384991	-14.4619967	582.728369	-14.4619967	3665.5245	3082.79613	0	0	0	0	0	3
8	8	0	0.0971868561	-19.808754	507.411229	-19.808754	3665.5245	3158.11327	0	0	0	0	0	3
9	9	0	0.109335213	-40.6347898	446.517227	-40.6347898	3665.5245	3219.00727	0	0	0	0	0	3
10	10	0	0.12148357	-33.4713983	398.518364	-40.6347898	3665.5245	3267.00613	0	0	0	0	0	3
11	10	0	0.133631927	-33.3908718	359.253888	-40.6347898	3665.5245	3306.27061	0	0	0	0	0	3
12	11	0	0.145780284	-23.8401284	327.329387	-40.6347898	3665.5245	3338.19511	0	0	0	0	0	3
13	12	0	0.157928641	-33.5934796	299.56609	-40.6347898	3665.5245	3365.95841	0	0	0	0	0	3
14	12	0	0.170076998	-33.2055385	275.796688	-40.6347898	3665.5245	3389.72781	0	0	0	0	0	3
15	13	0	0.182225355	-34.9406096	255.080868	-40.6347898	3665.5245	3410.44363	0	0	0	0	0	3
16	14	0	0.194373712	-22.6011549	237.725741	-40.6347898	3665.5245	3427.79876	0	0	0	0	0	3
17	15	0	0.206522069	-25.0995113	222.265432	-40.6347898	3665.5245	3443.25907	0	0	0	0	0	3
18	15	0	0.218670426	-14.3710282	209.118962	-40.6347898	3665.5245	3456.40554	0	0	0	0	0	3
19	16	0	0.230818783	-21.5452881	196.978739	-40.6347898	3665.5245	3468.54576	0	0	0	0	0	3
20	17	0	0.24296714	-23.327746	185.963414	-40.6347898	3665.5245	3479.56108	0	0	0	0	0	3
21	17	0	0.255115497	-21.4186419	176.088078	-40.6347898	3665.5245	3489.43642	0	0	0	0	0	3
22	18	0	0.267263854	-28.0537028	166.808906	-40.6347898	3665.5245	3498.71559	0	0	0	0	0	3
23	19	0	0.279412211	-33.4393504	158.102461	-40.6347898	3665.5245	3507.42204	0	0	0	0	0	3
24	20	0	0.291560568	-32.0376822	150.179955	-40.6347898	3665.5245	3515.34454	0	0	0	0	0	3
25	20	0	0.303708925	-37.2220974	142.683873	-40.6347898	3665.5245	3522.84063	0	0	0	0	0	3
26	21	0	0.315857282	-32.903964	135.930494	-40.6347898	3665.5245	3529.594	0	0	0	0	0	3
27	22	0	0.328005639	-35.0227689	129.598892	-40.6347898	3665.5245	3535.92561	0	0	0	0	0	3
28	23	0	0.340153996	-33.3023406	123.780991	-40.6347898	3665.5245	3541.74351	0	0	0	0	0	3
29	23	0	0.352302353	-36.3471054	118.259332	-40.6347898	3665.5245	3547.26517	0	0	0	0	0	3
30	24	0	0.36445071	-33.1234649	113.213239	-40.6347898	3665.5245	3552.31126	0	0	0	0	0	3
31	25	0	0.376599067	-33.8714959	108.46857	-40.6347898	3665.5245	3557.05593	0	0	0	0	0	3
32	26	0	0.388747425	-33.1008926	104.044524	-40.6347898	3665.5245	3561.47997	0	0	0	0	0	3
33	26	0	0.400895782	-35.2848448	99.8224223	-40.6347898	3665.5245	3565.70208	0	0	0	0	0	3
34	27	0	0.413044139	-33.2585989	95.9082746	-40.6347898	3665.5245	3569.61622	0	0	0	0	0	3
35	28	0	0.425192496	-34.0052107	92.1964608	-40.6347898	3665.5245	3573.32804	0	0	0	0	0	3
36	29	0	0.437340853	-32.8651883	88.7225261	-40.6347898	3665.5245	3576.80197	0	0	0	0	0	3
37	29	0	0.44948921	-34.585762	85.3898696	-40.6347898	3665.5245	3580.13463	0	0	0	0	0	3
38	30	0	0.461637567	-34.7874766	82.2273079	-40.6347898	3665.5245	3583.29719	0	0	0	0	0	3
39	31	0	0.473785924	-35.2506833	79.2150517	-40.6347898	3665.5245	3586.30945	0	0	0	0	0	3
40	32	0	0.485934281	-32.6994384	76.4171894	-40.6347898	3665.5245	3589.10731	0	0	0	0	0	3
41	33	0	0.498082638	-33.2330069	73.7427944	-40.6347898	3665.5245	3591.7817	0	0	0	0	0	3
42	34	0	0.510230995	-32.9723822	71.2019569	-40.6347898	3665.5245	3594.32254	0	0	0	0	0	3
43	35	0	0.522379352	-33.9334939	-16.8803763	-40.6347898	335.055255	375.690045	0	0	0	0	0	3
44	35	0	0.534527709	-34.5055509	-25.6794431	-40.6347898	39.7317077	80.3664975	0	0	0	0	0	3
45	36	0	0.546676066	-34.5475476	-27.2420083	-40.6347898	39.7317077	80.3664975	0	0	0	0	0	3
46	37	0	0.558824423	-33.735113	-28.9912183	-40.6347898	11.7794944	52.4142841	0	0	0	0	0	3
47	38	0	0.57097278	-34.1901736	-30.0526376	-40.6347898	11.7794944	52.4142841	0	0	0	0	0	3
48	39	0	0.583121137	-33.9925611	-31.1424484	-40.6347898	-14.3710282	26.2637616	0	0	0	0	0	3
49	39	0	0.595269494	-34.662518	-31.6234132	-40.6347898	-14.3710282	26.2637616	0	0	0	0	0	3
50	40	0	0.607417851	-34.2075668	-31.9662421	-40.6347898	-14.3710282	26.2637616	0	0	0	0	0	3
51	41	0	0.619566208	-35.0876748	-31.8341679	-37.2220974	-14.3710282	22.8510693	0	0	0	0	0	3
52	42	0	0.631714565	-34.4908446	-31.8584405	-37.2220974	-14.3710282	22.8510693	0	0	0	0	0	3
53	43	0	0.643862922	-35.6827863	-31.9130099	-37.2220974	-14.3710282	22.8510693	0	0	0	0	0	3
54	43	0	0.656011279	-34.614391	-32.1695399	-37.2220974	-14.3710282	22.8510693	0	0	0	0	0	3
55	44	0	0.668159636	-35.1896352	-32.2075436	-37.2220974	-14.3710282	22.8510693	0	0	0	0	0	3
56	45	0	0.680307993	-34.400649	-32.2359986	-37.2220974	-14.3710282	22.8510693	0	0	0	0	0	3
57	46	0	0.69245635	-35.0590428	-32.2388185	-37.2220974	-14.3710282	22.8510693	0	0	0	0	0	3
58	46	0	0.704604707	-34.520779	-32.522619	-37.2220974	-14.3710282	22.8510693	0	0	0	0	0	3
59	47	0	0.716753064	-35.2612281	-32.7645647	-37.2220974	-14.3710282	22.8510693	0	0	0	0	0	3
60	48	0	0.728901421	-34.5983682	-33.246168	-37.2220974	-21.4186419	15.8034555	0	0	0	0	0	3
61	49	0	0.741049778	-34.6506827	-33.5582012	-37.2220974	-21.4186419	15.8034555	0	0	0	0	0	3
62	50	0	0.753198135	-33.7734645	-33.8069088	-37.2220974	-21.4186419	15.8034555	0	0	0	0	0	3
63	50	0	0.765346492	-34.6005059	-34.1207627	-37.2220974	-28.0537028	9.16839464	0	0	0	0	0	3
64	51	0	0.777494849	-34.0538088	-34.2636224	-37.2220974	-32.0376822	5.18441526	0	0	0	0	0	3
65	52	0	0.789643206	-34.5794551	-34.2907677	-37.2220974	-32.0376822	5.18441526	0	0	0	0	0	3
66	53	0	0.801791563	-34.1896669	-34.3420055	-37.2220974	-32.6994384	4.522659	0	0	0	0	0	3
67	53	0	0.81393992	-35.0290405	-34.2897898	-36.3471054	-32.6994384	3.64766695	0	0	0	0	0	3
68	54	0	0.826088277	-34.4330549	-34.3261967	-36.3471054	-32.6994384	3.64766695	0	0	0	0	0	3
69	55	0	0.838236634	-35.1891624	-34.3301585	-36.3471054	-32.6994384	3.64766695	0	0	0	0	0	3
70	56	0	0.850384991	-33.9229008	-34.3449337	-36.3471054	-32.6994384	3.64766695	0	0	0	0	0	3
71	57	0	0.862533348	-34.7699534	-34.3073825	-35.6827863	-32.6994384	2.98334784	0	0	0	0	0	3
72	57	0	0.874681705	-33.6989955	-34.3210856	-35.6827863	-32.6994384	2.98334784	0	0	0	0	0	3
73	58	0	0.886830062	-34.6092084	-34.3386502	-35.6827863	-32.6994384	2.98334784	0	0	0	0	0	3
74	59	0	0.898978419	-33.9155008	-34.3580456	-35.6827863	-32.6994384	2.98334784	0	0	0	0	0	3
75	60	0	0.911126776	-34.6414874	-34.3427276	-35.6827863	-32.6994384	2.98334784	0	0	0	0	0	3
76	60	0	0.923275133	-34.3649142	-34.3690684	-35.6827863	-32.6994384	2.98334784	0	0	0	0	0	3
77	61	0	0.93542349	-35.248679	-34.3986748	-35.6827863	-32.6994384	2.98334784	0	0	0	0	0	3
78	62	0	0.947571847	-34.7965298	-34.4446591	-35.6827863	-32.6994384	2.98334784	0	0	0	0	0	3
79	63	0	0.959720204	-35.3553952	-34.4629837	-35.6827863	-32.6994384	2.98334784	0	0	0	0	0	3
80	63	0	0.971868561	-34.5831689	-34.4581193	-35.6827863	-32.6994384	2.98334784	0	0	0	0	0	3
81	64	0	0.984016918	-36.0616365	-34.4774277	-36.0616365	-32.6994384	3.36219811	0	0	0	0	0	3
82	65	0	0.996165275	-35.4503042	-34.5429245	-36.0616365	-32.9723822	3.08925436	0	0	0	0	0	3
83	66	0	1.00831363	-35.9166661	-34.6068211	-36.0616365	-32.9723822	3.08925436	2.41099492	0	78	0	0	3
84	66	0	1.02046199	-34.5038447	-34.6432845	-36.0616365	-33.6989955	2.36264101	2.41099492	0	100	0	0	3
85	67	0	1.03261035	-35.344733	-34.6768855	-36.0616365	-33.6989955	2.36264101	2.41099492	0	100	0	0	3
86	68	0	1.0447587	-35.0835613	-34.6906476	-36.0616365	-33.6989955	2.36264101	2.41099492	0	100	0	0	3
87	69	0	1.05690706	-35.681869	-34.7176553	-36.0616365	-33.6989955	2.36264101	2.41099492	0	100	0	0	3
88	69	0	1.06905542	-34.7023412	-34.7406845	-36.0616365	-33.6989955	2.36264101	2.41099492	0	100	0	0	3
89	70	0	1.08120377	-35.157518	-34.7637165	-36.0616365	-33.6989955	2.36264101	2.41099492	0	100	0	0	3
90	71	0	1.09335213	-34.5638343	-34.7773183	-36.0616365	-33.6989955	2.36264101	2.41099492	0	100	0	0	3
91	72	0	1.10550049	-35.8572233	-34.8057636	-36.0616365	-33.6989955	2.36264101	2.41099492	0	100	0	0	3
92	72	0	1.11764885	-34.8045594	-34.8199777	-36.0616365	-33.6989955	2.36264101	2.41099492	0	100	0	0	3
93	73	0	1.1297972	-35.4995527	-34.8297843	-36.0616365	-33.6989955	2.36264101	2.41099492	0	100	0	0	3
94	74	0	1.14194556	-35.0908583	-34.8440704	-36.0616365	-33.6989955	2.36264101	2.41099492	0	100	0	0	3
95	75	0	1.15409392	-36.0110647	-34.8518865	-36.0616365	-33.6989955	2.36264101	2.41099492	0	100	0	0	3
96	75	0	1.16624227	-34.7613847	-34.8553864	-36.0616365	-33.6989955	2.36264101	2.41099492	0	100	0	0	3
97	76	0	1.17839063	-34.8909779	-34.8482755	-36.0616365	-33.6989955	2.36264101	2.41099492	0	100	0	0	3
98	77	0	1.19053899	-33.8394199	-34.8349129	-36.0616365	-33.6989955	2.36264101	2.41099492	0	100	0	0	3
99	77	0	1.20268734	-34.6095345	-34.8242103	-36.0616365	-33.6989955	2.33276735	2.41099492	0	100	0	0	3
100	78	0	1.2148357	-33.6296407	-34.8029928	-36.0616365	-33.6296407	2.09082171	2.41099492	0	100	0	0	3
101	79	0	1.22698406	-34.5488139	-34.7860305	-36.0616365	-33.6296407	1.60921838	2.41099492	0	100	0	0	3
102	80	0	1.23913242	-34.44875	-34.7824682	-36.0616365	-33.6296407	1.29718517	2.41099492	0	100	0	0	3
103	81	0	1.25128077	-35.6696882	-34.8067302	-36.0616365	-33.6296407	1.04847759	2.41099492	0	100	0	0	3
104	82	0	1.26342913	-34.4708995	-34.8233358	-36.0616365	-33.6296407	0.734623686	2.41099492	0	100	0	0	3
105	82	0	1.27557749	-35.2018079	-34.8376525	-36.0616365	-33.6296407	0.591764019	2.41099492	0	100	0	0	3
106	83	0	1.28772584	-34.5634049	-34.8497858	-36.0616365	-33.6296407	0.56559658	2.41099492	0	100	0	0	3
107	84	0	1.2998742	-35.6264415	-34.874714	-36.0616365	-33.6296407	0.584924193	2.41099492	0	100	0	0	3
108	85	0	1.31202256	-35.041489	-34.8949955	-36.0616365	-33.6296407	0.605205672	2.41099492	0	100	0	0	3
109	85	0	1.32417091	-35.8809856	-34.9152799	-36.0616365	-33.6296407	0.607897399	2.41099492	0	100	0	0	3
110	86	0	1.33631927	-35.1620276	-34.9326364	-36.0616365	-33.6296407	0.625253894	2.41099492	0	100	0	0	3
111	87	0	1.34846763	-35.5725653	-34.941765	-36.0616365	-33.6296407	0.634382534	2.41099492	0	100	0	0	3
112	87	0	1.36061599	-34.4801706	-34.9550334	-36.0616365	-33.6296407	0.647650861	2.41099492	0	100	0	0	3
113	88	0	1.37276434	-34.670712	-34.9526705	-36.0616365	-33.6296407	0.63394775	2.41099492	0	100	0	0	3
