Iteration	CPUTime	PhysTime	Travels	Value	AvValue	MinValue	MaxValue	Delta	Criteria	PrevAvRefValue	Progress	CriteriaType	CriteriaVarType	CriteriaPercentage
1	3	0	0.012148357	0	0	0	0	0	0	0	0	0	0	3
2	4	0	0.024296714	0	0	0	0	0	0	0	0	0	0	3
3	5	0	0.036445071	0	0	0	0	0	0	0	0	0	0	3
4	5	0	0.0485934281	0	0	0	0	0	0	0	0	0	0	3
5	6	0	0.0607417851	0	0	0	0	0	0	0	0	0	0	3
6	7	0	0.0728901421	0	0	0	0	0	0	0	0	0	0	3
7	8	0	0.0850384991	0	0	0	0	0	0	0	0	0	0	3
8	8	0	0.0971868561	0	0	0	0	0	0	0	0	0	0	3
9	9	0	0.109335213	0	0	0	0	0	0	0	0	0	0	3
10	10	0	0.12148357	0	0	0	0	0	0	0	0	0	0	3
11	10	0	0.133631927	0	0	0	0	0	0	0	0	0	0	3
12	11	0	0.145780284	0	0	0	0	0	0	0	0	0	0	3
13	12	0	0.157928641	0	0	0	0	0	0	0	0	0	0	3
14	12	0	0.170076998	0	0	0	0	0	0	0	0	0	0	3
15	13	0	0.182225355	0	0	0	0	0	0	0	0	0	0	3
16	14	0	0.194373712	0	0	0	0	0	0	0	0	0	0	3
17	15	0	0.206522069	0	0	0	0	0	0	0	0	0	0	3
18	15	0	0.218670426	0	0	0	0	0	0	0	0	0	0	3
19	16	0	0.230818783	0	0	0	0	0	0	0	0	0	0	3
20	17	0	0.24296714	0	0	0	0	0	0	0	0	0	0	3
21	17	0	0.255115497	0	0	0	0	0	0	0	0	0	0	3
22	18	0	0.267263854	0	0	0	0	0	0	0	0	0	0	3
23	19	0	0.279412211	0	0	0	0	0	0	0	0	0	0	3
24	20	0	0.291560568	0	0	0	0	0	0	0	0	0	0	3
25	20	0	0.303708925	0	0	0	0	0	0	0	0	0	0	3
26	21	0	0.315857282	0	0	0	0	0	0	0	0	0	0	3
27	22	0	0.328005639	0	0	0	0	0	0	0	0	0	0	3
28	23	0	0.340153996	0	0	0	0	0	0	0	0	0	0	3
29	23	0	0.352302353	0	0	0	0	0	0	0	0	0	0	3
30	24	0	0.36445071	0	0	0	0	0	0	0	0	0	0	3
31	25	0	0.376599067	0	0	0	0	0	0	0	0	0	0	3
32	26	0	0.388747425	0	0	0	0	0	0	0	0	0	0	3
33	26	0	0.400895782	0	0	0	0	0	0	0	0	0	0	3
34	27	0	0.413044139	0	0	0	0	0	0	0	0	0	0	3
35	28	0	0.425192496	0	0	0	0	0	0	0	0	0	0	3
36	29	0	0.437340853	0	0	0	0	0	0	0	0	0	0	3
37	29	0	0.44948921	0	0	0	0	0	0	0	0	0	0	3
38	30	0	0.461637567	0	0	0	0	0	0	0	0	0	0	3
39	31	0	0.473785924	0	0	0	0	0	0	0	0	0	0	3
40	32	0	0.485934281	0	0	0	0	0	0	0	0	0	0	3
41	33	0	0.498082638	0	0	0	0	0	0	0	0	0	0	3
42	34	0	0.510230995	0	0	0	0	0	0	0	0	0	0	3
43	35	0	0.522379352	0	0	0	0	0	0	0	0	0	0	3
44	35	0	0.534527709	0	0	0	0	0	0	0	0	0	0	3
45	36	0	0.546676066	0	0	0	0	0	0	0	0	0	0	3
46	37	0	0.558824423	0	0	0	0	0	0	0	0	0	0	3
47	38	0	0.57097278	0	0	0	0	0	0	0	0	0	0	3
48	39	0	0.583121137	0	0	0	0	0	0	0	0	0	0	3
49	39	0	0.595269494	0	0	0	0	0	0	0	0	0	0	3
50	40	0	0.607417851	0	0	0	0	0	0	0	0	0	0	3
51	41	0	0.619566208	0	0	0	0	0	0	0	0	0	0	3
52	42	0	0.631714565	0	0	0	0	0	0	0	0	0	0	3
53	43	0	0.643862922	0	0	0	0	0	0	0	0	0	0	3
54	43	0	0.656011279	0	0	0	0	0	0	0	0	0	0	3
55	44	0	0.668159636	0	0	0	0	0	0	0	0	0	0	3
56	45	0	0.680307993	0	0	0	0	0	0	0	0	0	0	3
57	46	0	0.69245635	0	0	0	0	0	0	0	0	0	0	3
58	46	0	0.704604707	0	0	0	0	0	0	0	0	0	0	3
59	47	0	0.716753064	0	0	0	0	0	0	0	0	0	0	3
60	48	0	0.728901421	0	0	0	0	0	0	0	0	0	0	3
61	49	0	0.741049778	0	0	0	0	0	0	0	0	0	0	3
62	50	0	0.753198135	0	0	0	0	0	0	0	0	0	0	3
63	50	0	0.765346492	0	0	0	0	0	0	0	0	0	0	3
64	51	0	0.777494849	0	0	0	0	0	0	0	0	0	0	3
65	52	0	0.789643206	0	0	0	0	0	0	0	0	0	0	3
66	53	0	0.801791563	0	0	0	0	0	0	0	0	0	0	3
67	53	0	0.81393992	0	0	0	0	0	0	0	0	0	0	3
68	54	0	0.826088277	0	0	0	0	0	0	0	0	0	0	3
69	55	0	0.838236634	0	0	0	0	0	0	0	0	0	0	3
70	56	0	0.850384991	0	0	0	0	0	0	0	0	0	0	3
71	57	0	0.862533348	0	0	0	0	0	0	0	0	0	0	3
72	57	0	0.874681705	0	0	0	0	0	0	0	0	0	0	3
73	58	0	0.886830062	0	0	0	0	0	0	0	0	0	0	3
74	59	0	0.898978419	0	0	0	0	0	0	0	0	0	0	3
75	60	0	0.911126776	0	0	0	0	0	0	0	0	0	0	3
76	60	0	0.923275133	0	0	0	0	0	0	0	0	0	0	3
77	61	0	0.93542349	0	0	0	0	0	0	0	0	0	0	3
78	62	0	0.947571847	0	0	0	0	0	0	0	0	0	0	3
79	63	0	0.959720204	0	0	0	0	0	0	0	0	0	0	3
80	63	0	0.971868561	0	0	0	0	0	0	0	0	0	0	3
81	64	0	0.984016918	0	0	0	0	0	0	0	0	0	0	3
82	65	0	0.996165275	0	0	0	0	0	0	0	0	0	0	3
83	66	0	1.00831363	0	0	0	0	0	0.001	0	0	0	0	3
84	66	0	1.02046199	0	0	0	0	0	0.001	0	0	0	0	3
85	67	0	1.03261035	0	0	0	0	0	0.001	0	0	0	0	3
86	68	0	1.0447587	0	0	0	0	0	0.001	0	0	0	0	3
87	69	0	1.05690706	0	0	0	0	0	0.001	0	0	0	0	3
88	69	0	1.06905542	0	0	0	0	0	0.001	0	0	0	0	3
89	70	0	1.08120377	0	0	0	0	0	0.001	0	0	0	0	3
90	71	0	1.09335213	0	0	0	0	0	0.001	0	0	0	0	3
91	72	0	1.10550049	0	0	0	0	0	0.001	0	0	0	0	3
92	72	0	1.11764885	0	0	0	0	0	0.001	0	0	0	0	3
93	73	0	1.1297972	0	0	0	0	0	0.001	0	0	0	0	3
94	74	0	1.14194556	0	0	0	0	0	0.001	0	0	0	0	3
95	75	0	1.15409392	0	0	0	0	0	0.001	0	0	0	0	3
96	75	0	1.16624227	0	0	0	0	0	0.001	0	0	0	0	3
97	76	0	1.17839063	0	0	0	0	0	0.001	0	0	0	0	3
98	77	0	1.19053899	0	0	0	0	0	0.001	0	0	0	0	3
99	77	0	1.20268734	0	0	0	0	0	0.001	0	0	0	0	3
100	78	0	1.2148357	0	0	0	0	0	0.001	0	0	0	0	3
101	79	0	1.22698406	0	0	0	0	0	0.001	0	0	0	0	3
102	80	0	1.23913242	0	0	0	0	0	0.001	0	0	0	0	3
103	81	0	1.25128077	0	0	0	0	0	0.001	0	0	0	0	3
104	82	0	1.26342913	0	0	0	0	0	0.001	0	0	0	0	3
105	82	0	1.27557749	0	0	0	0	0	0.001	0	0	0	0	3
106	83	0	1.28772584	0	0	0	0	0	0.001	0	0	0	0	3
107	84	0	1.2998742	0	0	0	0	0	0.001	0	0	0	0	3
108	85	0	1.31202256	0	0	0	0	0	0.001	0	0	0	0	3
109	85	0	1.32417091	0	0	0	0	0	0.001	0	0	0	0	3
110	86	0	1.33631927	0	0	0	0	0	0.001	0	0	0	0	3
111	87	0	1.34846763	0	0	0	0	0	0.001	0	0	0	0	3
112	87	0	1.36061599	0	0	0	0	0	0.001	0	0	0	0	3
113	88	0	1.37276434	0	0	0	0	0	0.001	0	0	0	0	3
