Iteration	CPUTime	PhysTime	Travels	Value	AvValue	MinValue	MaxValue	Delta	Criteria	PrevAvRefValue	Progress	CriteriaType	CriteriaVarType	CriteriaPercentage
1	2	0	0.0120156321	-2333.3068	-2333.3068	-2333.3068	-2333.3068	0	0	0	0	0	0	3
2	3	0	0.0240312642	-287.996057	-1310.65143	-2333.3068	-287.996057	1022.65537	0	0	0	0	0	3
3	3	0	0.0360468963	-128.465229	-916.589361	-2333.3068	-128.465229	1416.71744	0	0	0	0	0	3
4	3	0	0.0480625284	-54.3187824	-701.021716	-2333.3068	-54.3187824	1632.28508	0	0	0	0	0	3
5	4	0	0.0600781605	-81.726049	-577.162583	-2333.3068	-54.3187824	1756.14421	0	0	0	0	0	3
6	4	0	0.0720937926	-56.4307994	-490.373952	-2333.3068	-54.3187824	1842.93284	0	0	0	0	0	3
7	5	0	0.0841094248	-63.8160033	-429.437102	-2333.3068	-54.3187824	1903.86969	0	0	0	0	0	3
8	5	0	0.0961250569	-52.2334619	-382.286647	-2333.3068	-52.2334619	1951.02015	0	0	0	0	0	3
9	6	0	0.108140689	-54.7872019	-345.89782	-2333.3068	-52.2334619	1987.40898	0	0	0	0	0	3
10	6	0	0.120156321	-49.0131771	-316.209356	-2333.3068	-49.0131771	2017.09744	0	0	0	0	0	3
11	7	0	0.132171953	-50.0691519	-292.014792	-2333.3068	-49.0131771	2041.292	0	0	0	0	0	3
12	7	0	0.144187585	-47.5791753	-271.645157	-2333.3068	-47.5791753	2061.66164	0	0	0	0	0	3
13	8	0	0.156203217	-48.818932	-254.504678	-2333.3068	-47.5791753	2078.80212	0	0	0	0	0	3
14	8	0	0.16821885	-46.7911929	-239.668001	-2333.3068	-46.7911929	2093.6388	0	0	0	0	0	3
15	8	0	0.180234482	-47.2548142	-226.840455	-2333.3068	-46.7911929	2106.46634	0	0	0	0	0	3
16	9	0	0.192250114	-45.8145229	-215.526334	-2333.3068	-45.8145229	2117.78046	0	0	0	0	0	3
17	9	0	0.204265746	-45.2734633	-205.511459	-2333.3068	-45.2734633	2127.79534	0	0	0	0	0	3
18	9	0	0.216281378	-43.7820333	-196.526491	-2333.3068	-43.7820333	2136.78031	0	0	0	0	0	3
19	10	0	0.22829701	-43.6413927	-188.479907	-2333.3068	-43.6413927	2144.82689	0	0	0	0	0	3
20	10	0	0.240312642	-43.1378109	-181.212802	-2333.3068	-43.1378109	2152.09399	0	0	0	0	0	3
21	10	0	0.252328274	-42.8558361	-174.624375	-2333.3068	-42.8558361	2158.68242	0	0	0	0	0	3
22	11	0	0.264343906	-42.1776841	-168.604071	-2333.3068	-42.1776841	2164.70273	0	0	0	0	0	3
23	11	0	0.276359538	-41.9011853	-163.09525	-2333.3068	-41.9011853	2170.21155	0	0	0	0	0	3
24	12	0	0.288375171	-41.5839285	-158.032278	-2333.3068	-41.5839285	2175.27452	0	0	0	0	0	3
25	12	0	0.300390803	-41.4687149	-153.369736	-2333.3068	-41.4687149	2179.93706	0	0	0	0	0	3
26	13	0	0.312406435	-40.9996934	-149.047811	-2333.3068	-40.9996934	2184.25899	0	0	0	0	0	3
27	14	0	0.324422067	-40.4623075	-145.026126	-2333.3068	-40.4623075	2188.28067	0	0	0	0	0	3
28	14	0	0.336437699	-40.5411954	-141.294521	-2333.3068	-40.4623075	2192.01228	0	0	0	0	0	3
29	14	0	0.348453331	-40.2623997	-137.810655	-2333.3068	-40.2623997	2195.49614	0	0	0	0	0	3
30	15	0	0.360468963	-39.9414162	-134.548347	-2333.3068	-39.9414162	2198.75845	0	0	0	0	0	3
31	15	0	0.372484595	-39.7432472	-131.490118	-2333.3068	-39.7432472	2201.81668	0	0	0	0	0	3
32	15	0	0.384500227	-39.5659613	-128.617488	-2333.3068	-39.5659613	2204.68931	0	0	0	0	0	3
33	15	0	0.39651586	-39.4608881	-125.915773	-2333.3068	-39.4608881	2207.39102	0	0	0	0	0	3
34	16	0	0.408531492	-39.2123056	-123.365671	-2333.3068	-39.2123056	2209.94113	0	0	0	0	0	3
35	16	0	0.420547124	-38.9173273	-120.952861	-2333.3068	-38.9173273	2212.35394	0	0	0	0	0	3
36	16	0	0.432562756	-38.8012081	-118.670871	-2333.3068	-38.8012081	2214.63593	0	0	0	0	0	3
37	16	0	0.444578388	-38.7167594	-116.509949	-2333.3068	-38.7167594	2216.79685	0	0	0	0	0	3
38	17	0	0.45659402	-38.2038999	-114.449263	-2333.3068	-38.2038999	2218.85753	0	0	0	0	0	3
39	17	0	0.468609652	-38.2555521	-112.495578	-2333.3068	-38.2038999	2220.81122	0	0	0	0	0	3
40	17	0	0.480625284	-38.3432279	-110.64177	-2333.3068	-38.2038999	2222.66503	0	0	0	0	0	3
41	17	0	0.492640916	-38.1115129	-108.872739	-2333.3068	-38.1115129	2224.43406	0	0	0	0	0	3
42	18	0	0.504656549	-37.8165069	-107.180924	-2333.3068	-37.8165069	2226.12587	0	0	0	0	0	3
43	18	0	0.516672181	-37.5722528	-52.5205776	-287.996057	-37.5722528	250.423805	0	0	0	0	0	3
44	18	0	0.528687813	-37.5484373	-46.5575391	-128.465229	-37.5484373	90.9167914	0	0	0	0	0	3
45	19	0	0.540703445	-37.5966158	-44.3940007	-81.726049	-37.5484373	44.1776117	0	0	0	0	0	3
46	19	0	0.552719077	-37.6777002	-43.9977844	-81.726049	-37.5484373	44.1776117	0	0	0	0	0	3
47	19	0	0.564734709	-37.6765792	-42.9489875	-63.8160033	-37.5484373	26.267566	0	0	0	0	0	3
48	20	0	0.576750341	-37.7150223	-42.5033738	-63.8160033	-37.5484373	26.267566	0	0	0	0	0	3
49	20	0	0.588765973	-37.7294079	-41.8822644	-54.7872019	-37.5484373	17.2387646	0	0	0	0	0	3
50	20	0	0.600781605	-37.7151791	-41.536591	-54.7872019	-37.5484373	17.2387646	0	0	0	0	0	3
51	21	0	0.612797237	-37.7086981	-41.1299599	-50.0691519	-37.5484373	12.5207147	0	0	0	0	0	3
52	21	0	0.62481287	-37.7257818	-40.8612124	-50.0691519	-37.5484373	12.5207147	0	0	0	0	0	3
53	21	0	0.636828502	-37.7543665	-40.5680032	-48.818932	-37.5484373	11.2704948	0	0	0	0	0	3
54	21	0	0.648844134	-37.7576456	-40.3341573	-48.818932	-37.5484373	11.2704948	0	0	0	0	0	3
55	22	0	0.660859766	-37.7536754	-40.0706988	-47.2548142	-37.5484373	9.70637698	0	0	0	0	0	3
56	22	0	0.672875398	-37.5059591	-39.8496218	-47.2548142	-37.5059591	9.74885518	0	0	0	0	0	3
57	22	0	0.68489103	-37.568816	-39.6190028	-45.8145229	-37.5059591	8.30856389	0	0	0	0	0	3
58	23	0	0.696906662	-37.4533601	-39.4199275	-45.2734633	-37.4533601	7.82010317	0	0	0	0	0	3
59	23	0	0.708922294	-37.4744684	-39.2342371	-43.7820333	-37.4533601	6.32867311	0	0	0	0	0	3
60	23	0	0.720937926	-37.4047244	-39.0823965	-43.6413927	-37.4047244	6.2366683	0	0	0	0	0	3
61	24	0	0.732953559	-37.4946521	-38.9360455	-43.1378109	-37.4047244	5.73308651	0	0	0	0	0	3
62	24	0	0.744969191	-37.3558914	-38.7983807	-42.8558361	-37.3558914	5.49994474	0	0	0	0	0	3
63	24	0	0.756984823	-37.4415125	-38.6694683	-42.1776841	-37.3558914	4.82179272	0	0	0	0	0	3
64	25	0	0.769000455	-37.4069094	-38.5558784	-41.9011853	-37.3558914	4.54529394	0	0	0	0	0	3
65	25	0	0.781016087	-37.5069143	-38.4512529	-41.5839285	-37.3558914	4.22803713	0	0	0	0	0	3
66	25	0	0.793031719	-37.4706385	-38.3533174	-41.4687149	-37.3558914	4.11282352	0	0	0	0	0	3
67	25	0	0.805047351	-37.5162831	-38.2592119	-40.9996934	-37.3558914	3.64380206	0	0	0	0	0	3
68	26	0	0.817062983	-37.482589	-38.1754713	-40.5411954	-37.3558914	3.18530404	0	0	0	0	0	3
69	26	0	0.829078615	-37.5024165	-38.1049977	-40.5411954	-37.3558914	3.18530404	0	0	0	0	0	3
70	26	0	0.841094248	-37.4434486	-38.0312418	-40.2623997	-37.3558914	2.90650834	0	0	0	0	0	3
71	27	0	0.85310988	-37.4835923	-37.9650798	-39.9414162	-37.3558914	2.58552479	0	0	0	0	0	3
72	27	0	0.865125512	-37.4443353	-37.9056255	-39.7432472	-37.3558914	2.38735582	0	0	0	0	0	3
73	27	0	0.877141144	-37.5231703	-37.8527665	-39.5659613	-37.3558914	2.21006988	0	0	0	0	0	3
74	28	0	0.889156776	-37.4378731	-37.8020977	-39.4608881	-37.3558914	2.10499668	0	0	0	0	0	3
75	28	0	0.901172408	-37.5659046	-37.7569791	-39.2123056	-37.3558914	1.85641424	0	0	0	0	0	3
76	28	0	0.91318804	-37.5153965	-37.7165765	-38.9173273	-37.3558914	1.56143595	0	0	0	0	0	3
77	29	0	0.925203672	-37.5777447	-37.6846816	-38.8012081	-37.3558914	1.44531673	0	0	0	0	0	3
78	29	0	0.937219304	-37.4449898	-37.6523907	-38.7167594	-37.3558914	1.36086801	0	0	0	0	0	3
79	29	0	0.949234936	-37.5199395	-37.623895	-38.3432279	-37.3558914	0.987336533	0	0	0	0	0	3
80	29	0	0.961250569	-37.3909807	-37.6045398	-38.3432279	-37.3558914	0.987336533	0	0	0	0	0	3
81	30	0	0.973266201	-37.4612239	-37.5856272	-38.3432279	-37.3558914	0.987336533	0	0	0	0	0	3
82	30	0	0.985281833	-37.3745735	-37.562564	-38.1115129	-37.3558914	0.755621471	0	0	0	0	0	3
83	30	0	0.997297465	-37.5120207	-37.5482904	-37.8165069	-37.3558914	0.460615475	0	0	0	0	0	3
84	31	0	1.0093131	-37.4960091	-37.5406595	-37.7576456	-37.3558914	0.401754235	2.73328012	0	100	0	0	3
85	31	0	1.02132873	-37.4360562	-37.5374167	-37.7576456	-37.3558914	0.401754235	2.73328012	0	100	0	0	3
86	31	0	1.03334436	-37.486763	-37.5359483	-37.7576456	-37.3558914	0.401754235	2.73328012	0	100	0	0	3
87	32	0	1.04535999	-37.4794282	-37.5331581	-37.7576456	-37.3558914	0.401754235	2.73328012	0	100	0	0	3
88	32	0	1.05737563	-37.3501086	-37.5253583	-37.7576456	-37.3501086	0.40753702	2.73328012	0	100	0	0	3
89	32	0	1.06939126	-37.4877488	-37.5208624	-37.7576456	-37.3501086	0.40753702	2.73328012	0	100	0	0	3
90	33	0	1.08140689	-37.4877743	-37.5154517	-37.7576456	-37.3501086	0.40753702	2.73328012	0	100	0	0	3
91	33	0	1.09342252	-37.6231457	-37.5129216	-37.7576456	-37.3501086	0.40753702	2.73328012	0	100	0	0	3
92	33	0	1.10543815	-37.5248683	-37.5083904	-37.7576456	-37.3501086	0.40753702	2.73328012	0	100	0	0	3
93	33	0	1.11745379	-37.5974754	-37.5057423	-37.7576456	-37.3501086	0.40753702	2.73328012	0	100	0	0	3
94	34	0	1.12946942	-37.5333268	-37.50116	-37.7576456	-37.3501086	0.40753702	2.73328012	0	100	0	0	3
95	34	0	1.14148505	-37.5989282	-37.4974591	-37.7576456	-37.3501086	0.40753702	2.73328012	0	100	0	0	3
96	34	0	1.15350068	-37.3230535	-37.4871117	-37.7536754	-37.3230535	0.430621841	2.73328012	0	100	0	0	3
97	35	0	1.16551631	-37.3485391	-37.4774656	-37.6231457	-37.3230535	0.300092172	2.73328012	0	100	0	0	3
98	35	0	1.17753195	-37.3257098	-37.4731739	-37.6231457	-37.3230535	0.300092172	2.73328012	0	100	0	0	3
99	35	0	1.18954758	-37.3996115	-37.4691452	-37.6231457	-37.3230535	0.300092172	2.73328012	0	100	0	0	3
100	35	0	1.20156321	-37.3973671	-37.4678121	-37.6231457	-37.3230535	0.300092172	2.73328012	0	100	0	0	3
101	36	0	1.21357884	-37.5039863	-37.4685149	-37.6231457	-37.3230535	0.300092172	2.73328012	0	100	0	0	3
102	36	0	1.22559447	-37.4301511	-37.4691203	-37.6231457	-37.3230535	0.300092172	2.73328012	0	100	0	0	3
103	36	0	1.23761011	-37.472559	-37.4685942	-37.6231457	-37.3230535	0.300092172	2.73328012	0	100	0	0	3
104	37	0	1.24962574	-37.3232403	-37.4678168	-37.6231457	-37.3230535	0.300092172	2.73328012	0	100	0	0	3
105	37	0	1.26164137	-37.3542045	-37.4657381	-37.6231457	-37.3230535	0.300092172	2.73328012	0	100	0	0	3
106	37	0	1.273657	-37.3021386	-37.4632435	-37.6231457	-37.3021386	0.321007127	2.73328012	0	100	0	0	3
107	37	0	1.28567264	-37.3059002	-37.4584575	-37.6231457	-37.3021386	0.321007127	2.73328012	0	100	0	0	3
108	38	0	1.29768827	-37.2622347	-37.4534955	-37.6231457	-37.2622347	0.360910953	2.73328012	0	100	0	0	3
109	38	0	1.3097039	-37.3331118	-37.4491343	-37.6231457	-37.2622347	0.360910953	2.73328012	0	100	0	0	3
110	38	0	1.32171953	-37.2732437	-37.4441499	-37.6231457	-37.2622347	0.360910953	2.73328012	0	100	0	0	3
111	38	0	1.33373516	-37.2984342	-37.4392931	-37.6231457	-37.2622347	0.360910953	2.73328012	0	100	0	0	3
112	38	0	1.3457508	-37.2224678	-37.4340317	-37.6231457	-37.2224678	0.400677857	2.73328012	0	100	0	0	3
113	39	0	1.35776643	-37.3072854	-37.4298339	-37.6231457	-37.2224678	0.400677857	2.73328012	0	100	0	0	3
114	39	0	1.36978206	-37.3603631	-37.4278346	-37.6231457	-37.2224678	0.400677857	2.73328012	0	100	0	0	3
115	39	0	1.38179769	-37.4551575	-37.4262152	-37.6231457	-37.2224678	0.375882505	2.73328012	0	100	0	0	3
116	39	0	1.39381332	-37.416125	-37.4256974	-37.6231457	-37.2224678	0.331281664	2.73328012	0	100	0	0	3
117	40	0	1.40582896	-37.4945538	-37.4239986	-37.6231457	-37.2224678	0.292577892	2.73328012	0	100	0	0	3
118	40	0	1.41784459	-37.3695365	-37.4205257	-37.6231457	-37.2224678	0.264155926	2.73328012	0	100	0	0	3
119	40	0	1.42986022	-37.368321	-37.4155394	-37.6231457	-37.2224678	0.236851293	2.73328012	0	100	0	0	3
120	40	0	1.44187585	-37.2515541	-37.4109338	-37.6231457	-37.2224678	0.212961191	2.73328012	0	100	0	0	3
121	41	0	1.45389149	-37.2927808	-37.4055253	-37.6231457	-37.2224678	0.19901451	2.73328012	0	100	0	0	3
122	41	0	1.46590712	-37.1766203	-37.4004215	-37.6231457	-37.1766203	0.185205755	2.73328012	0	100	0	0	3
123	41	0	1.47792275	-37.084209	-37.3914449	-37.6231457	-37.084209	0.171119099	2.73328012	0	100	0	0	3
124	41	0	1.48993838	-37.0994668	-37.3848948	-37.6231457	-37.084209	0.163395636	2.73328012	0	100	0	0	3
125	41	0	1.50195401	-37.0571196	-37.3740638	-37.6231457	-37.0571196	0.166595716	2.73328012	0	100	0	0	3
126	42	0	1.51396965	-37.3458599	-37.3704888	-37.6231457	-37.0571196	0.166927922	2.73328012	0	100	0	0	3
127	42	0	1.52598528	-37.6770295	-37.3762263	-37.6770295	-37.0571196	0.165459487	2.73328012	0	100	0	0	3
128	42	0	1.53800091	-37.5028087	-37.3766083	-37.6770295	-37.0571196	0.162669308	2.73328012	0	100	0	0	3
129	42	0	1.55001654	-37.4986413	-37.3770658	-37.6770295	-37.0571196	0.15486951	2.73328012	0	100	0	0	3
