Iteration	CPUTime	PhysTime	Travels	Value	AvValue	MinValue	MaxValue	Delta	Criteria	PrevAvRefValue	Progress	CriteriaType	CriteriaVarType	CriteriaPercentage
1	2	0	0.0120156321	876.44505	876.44505	876.44505	876.44505	0	0	0	0	0	0	3
2	3	0	0.0240312642	80.1334835	478.289267	80.1334835	876.44505	398.155783	0	0	0	0	0	3
3	3	0	0.0360468963	27.881883	328.153472	27.881883	876.44505	548.291578	0	0	0	0	0	3
4	3	0	0.0480625284	34.8624417	254.830714	27.881883	876.44505	621.614335	0	0	0	0	0	3
5	4	0	0.0600781605	31.0585874	210.076289	27.881883	876.44505	666.368761	0	0	0	0	0	3
6	4	0	0.0720937926	31.9089703	180.381736	27.881883	876.44505	696.063314	0	0	0	0	0	3
7	5	0	0.0841094248	25.6368223	158.27532	25.6368223	876.44505	718.16973	0	0	0	0	0	3
8	5	0	0.0961250569	23.9955602	141.49035	23.9955602	876.44505	734.9547	0	0	0	0	0	3
9	6	0	0.108140689	17.6016542	127.724939	17.6016542	876.44505	748.72011	0	0	0	0	0	3
10	6	0	0.120156321	19.9919641	116.951642	17.6016542	876.44505	759.493408	0	0	0	0	0	3
11	7	0	0.132171953	14.4264562	107.63117	14.4264562	876.44505	768.813879	0	0	0	0	0	3
12	7	0	0.144187585	16.7629077	100.058815	14.4264562	876.44505	776.386235	0	0	0	0	0	3
13	8	0	0.156203217	16.4759502	93.6293639	14.4264562	876.44505	782.815686	0	0	0	0	0	3
14	8	0	0.16821885	16.9120519	88.1495559	14.4264562	876.44505	788.295494	0	0	0	0	0	3
15	8	0	0.180234482	17.6422378	83.449068	14.4264562	876.44505	792.995982	0	0	0	0	0	3
16	9	0	0.192250114	18.1767052	79.3695453	14.4264562	876.44505	797.075504	0	0	0	0	0	3
17	9	0	0.204265746	17.5590063	75.7336313	14.4264562	876.44505	800.711418	0	0	0	0	0	3
18	9	0	0.216281378	17.3678707	72.491089	14.4264562	876.44505	803.953961	0	0	0	0	0	3
19	10	0	0.22829701	19.1116726	69.6816461	14.4264562	876.44505	806.763403	0	0	0	0	0	3
20	10	0	0.240312642	18.8202177	67.1385746	14.4264562	876.44505	809.306475	0	0	0	0	0	3
21	10	0	0.252328274	19.8530298	64.886882	14.4264562	876.44505	811.558168	0	0	0	0	0	3
22	11	0	0.264343906	18.5504559	62.7806808	14.4264562	876.44505	813.664369	0	0	0	0	0	3
23	11	0	0.276359538	19.542666	60.9007671	14.4264562	876.44505	815.544282	0	0	0	0	0	3
24	12	0	0.288375171	18.8404212	59.1482527	14.4264562	876.44505	817.296797	0	0	0	0	0	3
25	12	0	0.300390803	19.7347479	57.5717125	14.4264562	876.44505	818.873337	0	0	0	0	0	3
26	13	0	0.312406435	19.0984003	56.0919698	14.4264562	876.44505	820.35308	0	0	0	0	0	3
27	14	0	0.324422067	21.2653826	54.8020962	14.4264562	876.44505	821.642953	0	0	0	0	0	3
28	14	0	0.336437699	21.5595892	53.6148638	14.4264562	876.44505	822.830186	0	0	0	0	0	3
29	14	0	0.348453331	20.3610407	52.4681802	14.4264562	876.44505	823.976869	0	0	0	0	0	3
30	15	0	0.360468963	21.7848781	51.4454035	14.4264562	876.44505	824.999646	0	0	0	0	0	3
31	15	0	0.372484595	20.7758746	50.4560638	14.4264562	876.44505	825.988986	0	0	0	0	0	3
32	15	0	0.384500227	22.3025966	49.576268	14.4264562	876.44505	826.868782	0	0	0	0	0	3
33	15	0	0.39651586	21.3877248	48.7220697	14.4264562	876.44505	827.72298	0	0	0	0	0	3
34	16	0	0.408531492	21.9842752	47.935664	14.4264562	876.44505	828.509386	0	0	0	0	0	3
35	16	0	0.420547124	21.2590545	47.1734751	14.4264562	876.44505	829.271574	0	0	0	0	0	3
36	16	0	0.432562756	22.4668556	46.4871802	14.4264562	876.44505	829.957869	0	0	0	0	0	3
37	16	0	0.444578388	22.6878489	45.843955	14.4264562	876.44505	830.601095	0	0	0	0	0	3
38	17	0	0.45659402	22.3671506	45.2261443	14.4264562	876.44505	831.218905	0	0	0	0	0	3
39	17	0	0.468609652	22.1267146	44.6338513	14.4264562	876.44505	831.811198	0	0	0	0	0	3
40	17	0	0.480625284	21.8946364	44.0653709	14.4264562	876.44505	832.379679	0	0	0	0	0	3
41	17	0	0.492640916	20.7479171	43.4966525	14.4264562	876.44505	832.948397	0	0	0	0	0	3
42	18	0	0.504656549	20.5845968	42.9511274	14.4264562	876.44505	833.493922	0	0	0	0	0	3
43	18	0	0.516672181	20.4868968	22.5711714	14.4264562	80.1334835	65.7070273	0	0	0	0	0	3
44	18	0	0.528687813	21.3026898	21.1704382	14.4264562	34.8624417	20.4359855	0	0	0	0	0	3
45	19	0	0.540703445	20.9079538	21.0043922	14.4264562	34.8624417	20.4359855	0	0	0	0	0	3
46	19	0	0.552719077	21.8431025	20.694408	14.4264562	31.9089703	17.4825141	0	0	0	0	0	3
47	19	0	0.564734709	21.5752104	20.4686133	14.4264562	31.9089703	17.4825141	0	0	0	0	0	3
48	20	0	0.576750341	22.1472016	20.2361902	14.4264562	25.6368223	11.2103661	0	0	0	0	0	3
49	20	0	0.588765973	21.9663058	20.148797	14.4264562	23.9955602	9.56910401	0	0	0	0	0	3
50	20	0	0.600781605	22.5884493	20.1152943	14.4264562	22.6878489	8.2613927	0	0	0	0	0	3
51	21	0	0.612797237	22.348227	20.228308	14.4264562	22.6878489	8.2613927	0	0	0	0	0	3
52	21	0	0.62481287	22.7089551	20.2929982	14.4264562	22.7089551	8.28249888	0	0	0	0	0	3
53	21	0	0.636828502	22.5498809	20.4864131	16.4759502	22.7089551	6.23300485	0	0	0	0	0	3
54	21	0	0.648844134	23.0175729	20.6353337	16.4759502	23.0175729	6.54162265	0	0	0	0	0	3
55	22	0	0.660859766	22.6133087	20.7814613	16.9120519	23.0175729	6.10552096	0	0	0	0	0	3
56	22	0	0.672875398	22.5232193	20.9150605	17.3678707	23.0175729	5.64970223	0	0	0	0	0	3
57	22	0	0.68489103	22.8219732	21.0383875	17.3678707	23.0175729	5.64970223	0	0	0	0	0	3
58	23	0	0.696906662	22.5349465	21.1421552	17.3678707	23.0175729	5.64970223	0	0	0	0	0	3
59	23	0	0.708922294	22.9860472	21.2713704	17.3678707	23.0175729	5.64970223	0	0	0	0	0	3
60	23	0	0.720937926	23.0093132	21.4056905	18.5504559	23.0175729	4.46711697	0	0	0	0	0	3
61	24	0	0.732953559	23.2218461	21.5035518	18.5504559	23.2218461	4.67139016	0	0	0	0	0	3
62	24	0	0.744969191	22.9232318	21.6012426	18.5504559	23.2218461	4.67139016	0	0	0	0	0	3
63	24	0	0.756984823	22.8872269	21.6734854	18.5504559	23.2218461	4.67139016	0	0	0	0	0	3
64	25	0	0.769000455	22.6859331	21.7719491	18.8404212	23.2218461	4.38142489	0	0	0	0	0	3
65	25	0	0.781016087	23.3160159	21.8617908	18.8404212	23.3160159	4.4755947	0	0	0	0	0	3
66	25	0	0.793031719	22.7740781	21.9554493	19.0984003	23.3160159	4.2176156	0	0	0	0	0	3
67	25	0	0.805047351	23.6408373	22.0484514	19.0984003	23.6408373	4.54243702	0	0	0	0	0	3
68	26	0	0.817062983	23.0612355	22.1428046	20.3610407	23.6408373	3.27979663	0	0	0	0	0	3
69	26	0	0.829078615	23.5531054	22.1972742	20.3610407	23.6408373	3.27979663	0	0	0	0	0	3
70	26	0	0.841094248	23.1475964	22.2350839	20.3610407	23.6408373	3.27979663	0	0	0	0	0	3
71	27	0	0.85310988	23.4567784	22.308792	20.4868968	23.6408373	3.15394054	0	0	0	0	0	3
72	27	0	0.865125512	23.315459	22.3452344	20.4868968	23.6408373	3.15394054	0	0	0	0	0	3
73	27	0	0.877141144	23.423006	22.4082613	20.4868968	23.6408373	3.15394054	0	0	0	0	0	3
74	28	0	0.889156776	23.3141856	22.4323468	20.4868968	23.6408373	3.15394054	0	0	0	0	0	3
75	28	0	0.901172408	23.3133785	22.4781957	20.4868968	23.6408373	3.15394054	0	0	0	0	0	3
76	28	0	0.91318804	23.3520081	22.5107607	20.4868968	23.6408373	3.15394054	0	0	0	0	0	3
77	29	0	0.925203672	23.2326251	22.5577505	20.4868968	23.6408373	3.15394054	0	0	0	0	0	3
78	29	0	0.937219304	23.0648638	22.5719888	20.4868968	23.6408373	3.15394054	0	0	0	0	0	3
79	29	0	0.949234936	23.4079489	22.589134	20.4868968	23.6408373	3.15394054	0	0	0	0	0	3
80	29	0	0.961250569	23.5604821	22.6175467	20.4868968	23.6408373	3.15394054	0	0	0	0	0	3
81	30	0	0.973266201	23.7148728	22.65536	20.4868968	23.7148728	3.227976	0	0	0	0	0	3
82	30	0	0.985281833	23.9395425	22.7040482	20.4868968	23.9395425	3.45264572	0	0	0	0	0	3
83	30	0	0.997297465	23.974719	22.7808768	20.4868968	23.974719	3.48782221	0	0	0	0	0	3
84	31	0	1.0093131	23.9127018	22.8601174	20.4868968	23.974719	2.7448231	0.613079565	0	22.3	0	0	3
85	31	0	1.02132873	23.8220755	22.9395264	20.9079538	23.974719	2.82423212	0.613079565	0	21.7	0	0	3
86	31	0	1.03334436	23.7438133	22.9976484	20.9079538	23.974719	2.8823541	0.613079565	0	21.2	0	0	3
87	32	0	1.04535999	24.0170914	23.0716755	21.5752104	24.0170914	2.44188101	0.613079565	0	25.1	0	0	3
88	32	0	1.05737563	23.7989319	23.1182429	21.5752104	24.0170914	2.44188101	0.613079565	0	25.1	0	0	3
89	32	0	1.06939126	23.9373299	23.1744838	21.9663058	24.0170914	2.05078561	0.613079565	0	29.8	0	0	3
90	33	0	1.08140689	23.8814803	23.2157762	21.9663058	24.0170914	2.05078561	0.613079565	0	29.8	0	0	3
91	33	0	1.09342252	23.497388	23.2522305	22.348227	24.0170914	1.6688644	0.613079565	0	36.7	0	0	3
92	33	0	1.10543815	23.0135386	23.2623517	22.348227	24.0170914	1.6688644	0.613079565	0	36.7	0	0	3
93	33	0	1.11745379	23.0894926	23.2800009	22.5232193	24.0170914	1.49387204	0.613079565	0	41	0	0	3
94	34	0	1.12946942	23.1639081	23.2908331	22.5232193	24.0170914	1.49387204	0.613079565	0	41	0	0	3
95	34	0	1.14148505	23.3577263	23.3100675	22.5232193	24.0170914	1.49387204	0.613079565	0	41	0	0	3
96	34	0	1.15350068	23.4923515	23.3213718	22.5232193	24.0170914	1.49387204	0.613079565	0	41	0	0	3
97	35	0	1.16551631	23.883442	23.351613	22.5232193	24.0170914	1.49387204	0.613079565	0	41	0	0	3
98	35	0	1.17753195	23.9217476	23.3849113	22.5349465	24.0170914	1.4821449	0.613079565	0	41.3	0	0	3
99	35	0	1.18954758	23.8882827	23.4102996	22.5349465	24.0170914	1.4821449	0.613079565	0	41.3	0	0	3
100	35	0	1.20156321	23.5812052	23.4352106	22.6859331	24.0170914	1.33115832	0.613079565	0	46	0	0	3
101	36	0	1.21357884	23.5674013	23.4490523	22.6859331	24.0170914	1.33115832	0.613079565	0	46	0	0	3
102	36	0	1.22559447	22.8825231	23.4460335	22.6859331	24.0170914	1.33115832	0.613079565	0	46	0	0	3
103	36	0	1.23761011	22.774037	23.4353714	22.6859331	24.0170914	1.33115832	0.613079565	0	46	0	0	3
104	37	0	1.24962574	23.2627388	23.4434549	22.6859331	24.0170914	1.33115832	0.613079565	0	46	0	0	3
105	37	0	1.26164137	23.3780871	23.455142	22.6859331	24.0170914	1.33115832	0.613079565	0	46	0	0	3
106	37	0	1.273657	23.4455589	23.4732284	22.774037	24.0170914	1.24305434	0.613079565	0	49.3	0	0	3
107	37	0	1.28567264	23.7267038	23.4830067	22.774037	24.0170914	1.24305434	0.613079565	0	49.3	0	0	3
108	38	0	1.29768827	23.8306119	23.5081622	22.774037	24.0170914	1.24305434	0.613079565	0	49.3	0	0	3
109	38	0	1.3097039	23.6584383	23.5085813	22.774037	24.0170914	1.24305434	0.613079565	0	49.3	0	0	3
110	38	0	1.32171953	23.3658518	23.5158341	22.774037	24.0170914	1.24305434	0.613079565	0	49.3	0	0	3
111	38	0	1.33373516	23.6175021	23.5173673	22.774037	24.0170914	1.24305434	0.613079565	0	49.3	0	0	3
112	38	0	1.3457508	23.9396443	23.5362256	22.774037	24.0170914	1.22743363	0.613079565	0	49.9	0	0	3
113	39	0	1.35776643	24.1600925	23.5529712	22.774037	24.1600925	1.2077368	0.613079565	0	50.7	0	0	3
114	39	0	1.36978206	24.400749	23.5788114	22.774037	24.400749	1.1705501	0.613079565	0	52.3	0	0	3
115	39	0	1.38179769	24.2124286	23.5976072	22.774037	24.400749	1.16526042	0.613079565	0	52.6	0	0	3
116	39	0	1.39381332	24.1843113	23.6183245	22.774037	24.400749	1.1401288	0.613079565	0	53.7	0	0	3
117	40	0	1.40582896	23.6304479	23.6258737	22.774037	24.400749	1.115113	0.613079565	0	54.9	0	0	3
118	40	0	1.41784459	23.1621882	23.6213542	22.774037	24.400749	1.06812323	0.613079565	0	57.3	0	0	3
119	40	0	1.42986022	23.5756883	23.6295224	22.774037	24.400749	1.05753359	0.613079565	0	57.9	0	0	3
120	40	0	1.44187585	23.8803373	23.6489384	22.774037	24.400749	1.05980438	0.613079565	0	57.8	0	0	3
121	41	0	1.45389149	23.6385828	23.6544297	22.774037	24.400749	1.03688301	0.613079565	0	59.1	0	0	3
122	41	0	1.46590712	24.0780496	23.6667527	22.774037	24.400749	1.01139276	0.613079565	0	60.6	0	0	3
123	41	0	1.47792275	23.6579848	23.6653983	22.774037	24.400749	0.96270452	0.613079565	0	63.6	0	0	3
124	41	0	1.48993838	24.5599192	23.6801691	22.774037	24.5599192	0.899292301	0.613079565	0	68.1	0	0	3
125	41	0	1.50195401	24.0653961	23.6823281	22.774037	24.5599192	0.822210683	0.613079565	0	74.5	0	0	3
126	42	0	1.51396965	24.2921597	23.6913628	22.774037	24.5599192	0.751836376	0.613079565	0	81.5	0	0	3
127	42	0	1.52598528	23.5298989	23.6844062	22.774037	24.5599192	0.693714389	0.613079565	0	88.3	0	0	3
128	42	0	1.53800091	23.3105257	23.6740899	22.774037	24.5599192	0.619687305	0.613079565	0	98.9	0	0	3
129	42	0	1.55001654	23.122353	23.6527866	22.774037	24.5599192	0.573119939	0.613079565	0	100	0	0	3
