Iteration	CPUTime	PhysTime	Travels	Value	AvValue	MinValue	MaxValue	Delta	Criteria	PrevAvRefValue	Progress	CriteriaType	CriteriaVarType	CriteriaPercentage
1	2	0	0.0120156321	0	0	0	0	0	0	0	0	0	0	3
2	3	0	0.0240312642	0	0	0	0	0	0	0	0	0	0	3
3	3	0	0.0360468963	0	0	0	0	0	0	0	0	0	0	3
4	3	0	0.0480625284	0	0	0	0	0	0	0	0	0	0	3
5	4	0	0.0600781605	0	0	0	0	0	0	0	0	0	0	3
6	4	0	0.0720937926	0	0	0	0	0	0	0	0	0	0	3
7	5	0	0.0841094248	0	0	0	0	0	0	0	0	0	0	3
8	5	0	0.0961250569	0	0	0	0	0	0	0	0	0	0	3
9	6	0	0.108140689	0	0	0	0	0	0	0	0	0	0	3
10	6	0	0.120156321	0	0	0	0	0	0	0	0	0	0	3
11	7	0	0.132171953	0	0	0	0	0	0	0	0	0	0	3
12	7	0	0.144187585	0	0	0	0	0	0	0	0	0	0	3
13	8	0	0.156203217	0	0	0	0	0	0	0	0	0	0	3
14	8	0	0.16821885	0	0	0	0	0	0	0	0	0	0	3
15	8	0	0.180234482	0	0	0	0	0	0	0	0	0	0	3
16	9	0	0.192250114	0	0	0	0	0	0	0	0	0	0	3
17	9	0	0.204265746	0	0	0	0	0	0	0	0	0	0	3
18	9	0	0.216281378	0	0	0	0	0	0	0	0	0	0	3
19	10	0	0.22829701	0	0	0	0	0	0	0	0	0	0	3
20	10	0	0.240312642	0	0	0	0	0	0	0	0	0	0	3
21	10	0	0.252328274	0	0	0	0	0	0	0	0	0	0	3
22	11	0	0.264343906	0	0	0	0	0	0	0	0	0	0	3
23	11	0	0.276359538	0	0	0	0	0	0	0	0	0	0	3
24	12	0	0.288375171	0	0	0	0	0	0	0	0	0	0	3
25	12	0	0.300390803	0	0	0	0	0	0	0	0	0	0	3
26	13	0	0.312406435	0	0	0	0	0	0	0	0	0	0	3
27	14	0	0.324422067	0	0	0	0	0	0	0	0	0	0	3
28	14	0	0.336437699	0	0	0	0	0	0	0	0	0	0	3
29	14	0	0.348453331	0	0	0	0	0	0	0	0	0	0	3
30	15	0	0.360468963	0	0	0	0	0	0	0	0	0	0	3
31	15	0	0.372484595	0	0	0	0	0	0	0	0	0	0	3
32	15	0	0.384500227	0	0	0	0	0	0	0	0	0	0	3
33	15	0	0.39651586	0	0	0	0	0	0	0	0	0	0	3
34	16	0	0.408531492	0	0	0	0	0	0	0	0	0	0	3
35	16	0	0.420547124	0	0	0	0	0	0	0	0	0	0	3
36	16	0	0.432562756	0	0	0	0	0	0	0	0	0	0	3
37	16	0	0.444578388	0	0	0	0	0	0	0	0	0	0	3
38	17	0	0.45659402	0	0	0	0	0	0	0	0	0	0	3
39	17	0	0.468609652	0	0	0	0	0	0	0	0	0	0	3
40	17	0	0.480625284	0	0	0	0	0	0	0	0	0	0	3
41	17	0	0.492640916	0	0	0	0	0	0	0	0	0	0	3
42	18	0	0.504656549	0	0	0	0	0	0	0	0	0	0	3
43	18	0	0.516672181	0	0	0	0	0	0	0	0	0	0	3
44	18	0	0.528687813	0	0	0	0	0	0	0	0	0	0	3
45	19	0	0.540703445	0	0	0	0	0	0	0	0	0	0	3
46	19	0	0.552719077	0	0	0	0	0	0	0	0	0	0	3
47	19	0	0.564734709	0	0	0	0	0	0	0	0	0	0	3
48	20	0	0.576750341	0	0	0	0	0	0	0	0	0	0	3
49	20	0	0.588765973	0	0	0	0	0	0	0	0	0	0	3
50	20	0	0.600781605	0	0	0	0	0	0	0	0	0	0	3
51	21	0	0.612797237	0	0	0	0	0	0	0	0	0	0	3
52	21	0	0.62481287	0	0	0	0	0	0	0	0	0	0	3
53	21	0	0.636828502	0	0	0	0	0	0	0	0	0	0	3
54	21	0	0.648844134	0	0	0	0	0	0	0	0	0	0	3
55	22	0	0.660859766	0	0	0	0	0	0	0	0	0	0	3
56	22	0	0.672875398	0	0	0	0	0	0	0	0	0	0	3
57	22	0	0.68489103	0	0	0	0	0	0	0	0	0	0	3
58	23	0	0.696906662	0	0	0	0	0	0	0	0	0	0	3
59	23	0	0.708922294	0	0	0	0	0	0	0	0	0	0	3
60	23	0	0.720937926	0	0	0	0	0	0	0	0	0	0	3
61	24	0	0.732953559	0	0	0	0	0	0	0	0	0	0	3
62	24	0	0.744969191	0	0	0	0	0	0	0	0	0	0	3
63	24	0	0.756984823	0	0	0	0	0	0	0	0	0	0	3
64	25	0	0.769000455	0	0	0	0	0	0	0	0	0	0	3
65	25	0	0.781016087	0	0	0	0	0	0	0	0	0	0	3
66	25	0	0.793031719	0	0	0	0	0	0	0	0	0	0	3
67	25	0	0.805047351	0	0	0	0	0	0	0	0	0	0	3
68	26	0	0.817062983	0	0	0	0	0	0	0	0	0	0	3
69	26	0	0.829078615	0	0	0	0	0	0	0	0	0	0	3
70	26	0	0.841094248	0	0	0	0	0	0	0	0	0	0	3
71	27	0	0.85310988	0	0	0	0	0	0	0	0	0	0	3
72	27	0	0.865125512	0	0	0	0	0	0	0	0	0	0	3
73	27	0	0.877141144	0	0	0	0	0	0	0	0	0	0	3
74	28	0	0.889156776	0	0	0	0	0	0	0	0	0	0	3
75	28	0	0.901172408	0	0	0	0	0	0	0	0	0	0	3
76	28	0	0.91318804	0	0	0	0	0	0	0	0	0	0	3
77	29	0	0.925203672	0	0	0	0	0	0	0	0	0	0	3
78	29	0	0.937219304	0	0	0	0	0	0	0	0	0	0	3
79	29	0	0.949234936	0	0	0	0	0	0	0	0	0	0	3
80	29	0	0.961250569	0	0	0	0	0	0	0	0	0	0	3
81	30	0	0.973266201	0	0	0	0	0	0	0	0	0	0	3
82	30	0	0.985281833	0	0	0	0	0	0	0	0	0	0	3
83	30	0	0.997297465	0	0	0	0	0	0	0	0	0	0	3
84	31	0	1.0093131	0	0	0	0	0	0.001	0	0	0	0	3
85	31	0	1.02132873	0	0	0	0	0	0.001	0	0	0	0	3
86	31	0	1.03334436	0	0	0	0	0	0.001	0	0	0	0	3
87	32	0	1.04535999	0	0	0	0	0	0.001	0	0	0	0	3
88	32	0	1.05737563	0	0	0	0	0	0.001	0	0	0	0	3
89	32	0	1.06939126	0	0	0	0	0	0.001	0	0	0	0	3
90	33	0	1.08140689	0	0	0	0	0	0.001	0	0	0	0	3
91	33	0	1.09342252	0	0	0	0	0	0.001	0	0	0	0	3
92	33	0	1.10543815	0	0	0	0	0	0.001	0	0	0	0	3
93	33	0	1.11745379	0	0	0	0	0	0.001	0	0	0	0	3
94	34	0	1.12946942	0	0	0	0	0	0.001	0	0	0	0	3
95	34	0	1.14148505	0	0	0	0	0	0.001	0	0	0	0	3
96	34	0	1.15350068	0	0	0	0	0	0.001	0	0	0	0	3
97	35	0	1.16551631	0	0	0	0	0	0.001	0	0	0	0	3
98	35	0	1.17753195	0	0	0	0	0	0.001	0	0	0	0	3
99	35	0	1.18954758	0	0	0	0	0	0.001	0	0	0	0	3
100	35	0	1.20156321	0	0	0	0	0	0.001	0	0	0	0	3
101	36	0	1.21357884	0	0	0	0	0	0.001	0	0	0	0	3
102	36	0	1.22559447	0	0	0	0	0	0.001	0	0	0	0	3
103	36	0	1.23761011	0	0	0	0	0	0.001	0	0	0	0	3
104	37	0	1.24962574	0	0	0	0	0	0.001	0	0	0	0	3
105	37	0	1.26164137	0	0	0	0	0	0.001	0	0	0	0	3
106	37	0	1.273657	0	0	0	0	0	0.001	0	0	0	0	3
107	37	0	1.28567264	0	0	0	0	0	0.001	0	0	0	0	3
108	38	0	1.29768827	0	0	0	0	0	0.001	0	0	0	0	3
109	38	0	1.3097039	0	0	0	0	0	0.001	0	0	0	0	3
110	38	0	1.32171953	0	0	0	0	0	0.001	0	0	0	0	3
111	38	0	1.33373516	0	0	0	0	0	0.001	0	0	0	0	3
112	38	0	1.3457508	0	0	0	0	0	0.001	0	0	0	0	3
113	39	0	1.35776643	0	0	0	0	0	0.001	0	0	0	0	3
114	39	0	1.36978206	0	0	0	0	0	0.001	0	0	0	0	3
115	39	0	1.38179769	0	0	0	0	0	0.001	0	0	0	0	3
116	39	0	1.39381332	0	0	0	0	0	0.001	0	0	0	0	3
117	40	0	1.40582896	0	0	0	0	0	0.001	0	0	0	0	3
118	40	0	1.41784459	0	0	0	0	0	0.001	0	0	0	0	3
119	40	0	1.42986022	0	0	0	0	0	0.001	0	0	0	0	3
120	40	0	1.44187585	0	0	0	0	0	0.001	0	0	0	0	3
121	41	0	1.45389149	0	0	0	0	0	0.001	0	0	0	0	3
122	41	0	1.46590712	0	0	0	0	0	0.001	0	0	0	0	3
123	41	0	1.47792275	0	0	0	0	0	0.001	0	0	0	0	3
124	41	0	1.48993838	0	0	0	0	0	0.001	0	0	0	0	3
125	41	0	1.50195401	0	0	0	0	0	0.001	0	0	0	0	3
126	42	0	1.51396965	0	0	0	0	0	0.001	0	0	0	0	3
127	42	0	1.52598528	0	0	0	0	0	0.001	0	0	0	0	3
128	42	0	1.53800091	0	0	0	0	0	0.001	0	0	0	0	3
129	42	0	1.55001654	0	0	0	0	0	0.001	0	0	0	0	3
