Iteration	CPUTime	PhysTime	Travels	Value	AvValue	MinValue	MaxValue	Delta	Criteria	PrevAvRefValue	Progress	CriteriaType	CriteriaVarType	CriteriaPercentage
1	6	0	0.0120110221	1058.21391	1058.21391	1058.21391	1058.21391	0	0	0	0	0	0	3
2	7	0	0.0240220442	-121.774268	468.21982	-121.774268	1058.21391	589.994088	0	0	0	0	0	3
3	7	0	0.0360330664	-46.8397706	296.53329	-121.774268	1058.21391	761.680619	0	0	0	0	0	3
4	8	0	0.0480440885	-45.0520284	211.13696	-121.774268	1058.21391	847.076948	0	0	0	0	0	3
5	9	0	0.0600551106	-47.2794924	159.45367	-121.774268	1058.21391	898.760239	0	0	0	0	0	3
6	10	0	0.0720661327	-72.3256575	120.823782	-121.774268	1058.21391	937.390127	0	0	0	0	0	3
7	11	0	0.0840771548	-78.6913898	92.3216146	-121.774268	1058.21391	965.892294	0	0	0	0	0	3
8	12	0	0.0960881769	-89.1336085	69.6397117	-121.774268	1058.21391	988.574197	0	0	0	0	0	3
9	13	0	0.108099199	-89.5759597	51.9490815	-121.774268	1058.21391	1006.26483	0	0	0	0	0	3
10	14	0	0.120110221	-94.1265527	37.3415181	-121.774268	1058.21391	1020.87239	0	0	0	0	0	3
11	14	0	0.132121243	-101.623085	24.7083724	-121.774268	1058.21391	1033.50554	0	0	0	0	0	3
12	16	0	0.144132265	-96.4959822	14.6080095	-121.774268	1058.21391	1043.6059	0	0	0	0	0	3
13	16	0	0.156143288	-98.4992971	5.90744745	-121.774268	1058.21391	1052.30646	0	0	0	0	0	3
14	17	0	0.16815431	-99.58279	-1.62756951	-121.774268	1058.21391	1059.84148	0	0	0	0	0	3
15	18	0	0.180165332	-95.8041956	-7.90601125	-121.774268	1058.21391	1066.11992	0	0	0	0	0	3
16	19	0	0.192176354	-100.389121	-13.6862056	-121.774268	1058.21391	1071.90011	0	0	0	0	0	3
17	20	0	0.204187376	-93.4359697	-18.3773682	-121.774268	1058.21391	1076.59128	0	0	0	0	0	3
18	21	0	0.216198398	-96.3148341	-22.7072274	-121.774268	1058.21391	1080.92114	0	0	0	0	0	3
19	21	0	0.22820942	-92.7460125	-26.3934792	-121.774268	1058.21391	1084.60739	0	0	0	0	0	3
20	22	0	0.240220442	-95.8890404	-29.8682573	-121.774268	1058.21391	1088.08217	0	0	0	0	0	3
21	23	0	0.252231464	-94.4577477	-32.9439473	-121.774268	1058.21391	1091.15786	0	0	0	0	0	3
22	24	0	0.264242487	-94.0130888	-35.7198174	-121.774268	1058.21391	1093.93373	0	0	0	0	0	3
23	25	0	0.276253509	-94.0519804	-38.2559984	-121.774268	1058.21391	1096.46991	0	0	0	0	0	3
24	26	0	0.288264531	-93.8171754	-40.5710474	-121.774268	1058.21391	1098.78496	0	0	0	0	0	3
25	27	0	0.300275553	-93.8466854	-42.7020729	-121.774268	1058.21391	1100.91598	0	0	0	0	0	3
26	28	0	0.312286575	-92.83942	-44.6304325	-121.774268	1058.21391	1102.84434	0	0	0	0	0	3
27	29	0	0.324297597	-92.8081359	-46.4147918	-121.774268	1058.21391	1104.6287	0	0	0	0	0	3
28	30	0	0.336308619	-91.9665728	-48.0416412	-121.774268	1058.21391	1106.25555	0	0	0	0	0	3
29	30	0	0.348319641	-92.4294634	-49.5722557	-121.774268	1058.21391	1107.78616	0	0	0	0	0	3
30	31	0	0.360330664	-91.9196007	-50.9838339	-121.774268	1058.21391	1109.19774	0	0	0	0	0	3
31	32	0	0.372341686	-92.3418935	-52.3179648	-121.774268	1058.21391	1110.53187	0	0	0	0	0	3
32	33	0	0.384352708	-92.2018566	-53.5643365	-121.774268	1058.21391	1111.77825	0	0	0	0	0	3
33	34	0	0.39636373	-92.2496607	-54.736619	-121.774268	1058.21391	1112.95053	0	0	0	0	0	3
34	35	0	0.408374752	-91.5558277	-55.8195369	-121.774268	1058.21391	1114.03345	0	0	0	0	0	3
35	36	0	0.420385774	-91.3694236	-56.835248	-121.774268	1058.21391	1115.04916	0	0	0	0	0	3
36	37	0	0.432396796	-91.2783469	-57.7920007	-121.774268	1058.21391	1116.00591	0	0	0	0	0	3
37	38	0	0.444407818	-91.1156738	-58.6926405	-121.774268	1058.21391	1116.90655	0	0	0	0	0	3
38	39	0	0.45641884	-90.9947169	-59.5426952	-121.774268	1058.21391	1117.7566	0	0	0	0	0	3
39	40	0	0.468429863	-90.7343977	-60.3424824	-121.774268	1058.21391	1118.55639	0	0	0	0	0	3
40	41	0	0.480440885	-91.0944769	-61.1112823	-121.774268	1058.21391	1119.32519	0	0	0	0	0	3
41	42	0	0.492451907	-90.969706	-61.8395365	-121.774268	1058.21391	1120.05345	0	0	0	0	0	3
42	43	0	0.504462929	-90.8492773	-62.5302446	-121.774268	1058.21391	1120.74415	0	0	0	0	0	3
43	44	0	0.516473951	-90.9402797	-89.8910586	-121.774268	-45.0520284	76.7222396	0	0	0	0	0	3
44	45	0	0.528484973	-90.7865392	-89.1532556	-101.623085	-45.0520284	56.5710565	0	0	0	0	0	3
45	46	0	0.540495995	-90.6047721	-90.1952794	-101.623085	-45.0520284	56.5710565	0	0	0	0	0	3
46	47	0	0.552507017	-90.2803278	-91.2721437	-101.623085	-47.2794924	54.3435925	0	0	0	0	0	3
47	48	0	0.56451804	-90.1888345	-92.2937947	-101.623085	-72.3256575	29.2974275	0	0	0	0	0	3
48	48	0	0.576529062	-89.7555214	-92.7087914	-101.623085	-78.6913898	22.9316951	0	0	0	0	0	3
49	49	0	0.588540084	-89.9105379	-92.975914	-101.623085	-89.1336085	12.4894764	0	0	0	0	0	3
50	50	0	0.600551106	-89.6280603	-92.9876867	-101.623085	-89.5759597	12.0471252	0	0	0	0	0	3
51	51	0	0.612562128	-89.8140449	-92.9933554	-101.623085	-89.6280603	11.9950246	0	0	0	0	0	3
52	52	0	0.62457315	-89.6366698	-92.8864534	-101.623085	-89.6280603	11.9950246	0	0	0	0	0	3
53	53	0	0.636584172	-89.9919333	-92.6095212	-100.389121	-89.6280603	10.7610603	0	0	0	0	0	3
54	54	0	0.648595194	-89.9627479	-92.453968	-100.389121	-89.6280603	10.7610603	0	0	0	0	0	3
55	55	0	0.660606216	-90.1834809	-92.2559724	-100.389121	-89.6280603	10.7610603	0	0	0	0	0	3
56	56	0	0.672617239	-90.3545312	-92.0362519	-100.389121	-89.6280603	10.7610603	0	0	0	0	0	3
57	57	0	0.684628261	-90.3721864	-91.9069184	-100.389121	-89.6280603	10.7610603	0	0	0	0	0	3
58	58	0	0.696639283	-90.5824755	-91.6734268	-96.3148341	-89.6280603	6.68677382	0	0	0	0	0	3
59	59	0	0.708650305	-90.216362	-91.5967695	-96.3148341	-89.6280603	6.68677382	0	0	0	0	0	3
60	60	0	0.720661327	-90.4260794	-91.4565611	-95.8890404	-89.6280603	6.26098009	0	0	0	0	0	3
61	61	0	0.732672349	-90.0880237	-91.3932756	-95.8890404	-89.6280603	6.26098009	0	0	0	0	0	3
62	62	0	0.744683371	-90.2428384	-91.2588422	-94.4577477	-89.6280603	4.82968744	0	0	0	0	0	3
63	63	0	0.756694393	-90.0541582	-91.1539949	-94.0519804	-89.6280603	4.42392005	0	0	0	0	0	3
64	64	0	0.768705416	-90.2379903	-91.0641116	-94.0519804	-89.6280603	4.42392005	0	0	0	0	0	3
65	65	0	0.780716438	-90.1933883	-90.9722403	-93.8466854	-89.6280603	4.21862509	0	0	0	0	0	3
66	66	0	0.79272746	-90.3912533	-90.8906708	-93.8466854	-89.6280603	4.21862509	0	0	0	0	0	3
67	67	0	0.804738482	-90.4669646	-90.8102012	-92.83942	-89.6280603	3.21135968	0	0	0	0	0	3
68	68	0	0.816749504	-90.8554439	-90.7629637	-92.8081359	-89.6280603	3.18007557	0	0	0	0	0	3
69	69	0	0.828760526	-90.4995488	-90.7079973	-92.4294634	-89.6280603	2.80140307	0	0	0	0	0	3
70	70	0	0.840771548	-91.0769645	-90.6868162	-92.4294634	-89.6280603	2.80140307	0	0	0	0	0	3
71	71	0	0.85278257	-90.641018	-90.6442342	-92.3418935	-89.6280603	2.71383314	0	0	0	0	0	3
72	72	0	0.864793592	-90.9100403	-90.620197	-92.3418935	-89.6280603	2.71383314	0	0	0	0	0	3
73	73	0	0.876804615	-90.5250398	-90.5769386	-92.2496607	-89.6280603	2.62160042	0	0	0	0	0	3
74	74	0	0.888815637	-90.6442942	-90.5398538	-92.2496607	-89.6280603	2.62160042	0	0	0	0	0	3
75	75	0	0.900826659	-90.1541806	-90.4899614	-91.5558277	-89.6280603	1.92776742	0	0	0	0	0	3
76	76	0	0.912837681	-90.4982061	-90.4647799	-91.3694236	-89.6280603	1.74136331	0	0	0	0	0	3
77	77	0	0.924848703	-90.1228166	-90.4350988	-91.2783469	-89.6280603	1.65028658	0	0	0	0	0	3
78	78	0	0.936859725	-90.2506391	-90.4106296	-91.1156738	-89.6280603	1.48761349	0	0	0	0	0	3
79	79	0	0.948870747	-89.9202343	-90.3821667	-91.0944769	-89.6280603	1.46641661	0	0	0	0	0	3
80	80	0	0.960881769	-90.3394203	-90.3665644	-91.0944769	-89.6280603	1.46641661	0	0	0	0	0	3
81	81	0	0.972892792	-89.9163955	-90.3470882	-91.0944769	-89.6280603	1.46641661	0	0	0	0	0	3
82	81	0	0.984903814	-90.4222722	-90.3310833	-91.0769645	-89.6280603	1.44890415	0	0	0	0	0	3
83	82	0	0.996914836	-90.2141131	-90.313093	-91.0769645	-89.6280603	1.44890415	0	0	0	0	0	3
84	83	0	1.00892586	-90.6483889	-90.3083099	-91.0769645	-89.6280603	1.44890415	1.69713169	0	100	0	0	3
85	84	0	1.02093688	-90.5853109	-90.2998583	-91.0769645	-89.6280603	1.44890415	1.69713169	0	100	0	0	3
86	85	0	1.0329479	-90.8158422	-90.300556	-91.0769645	-89.6280603	1.44890415	1.69713169	0	100	0	0	3
87	86	0	1.04495892	-90.5727259	-90.299793	-91.0769645	-89.6280603	1.44890415	1.69713169	0	100	0	0	3
88	87	0	1.05696995	-90.9461833	-90.3156467	-91.0769645	-89.6280603	1.44890415	1.69713169	0	100	0	0	3
89	88	0	1.06898097	-90.5055324	-90.3231871	-91.0769645	-89.6280603	1.44890415	1.69713169	0	100	0	0	3
90	89	0	1.08099199	-90.6326956	-90.3440722	-91.0769645	-89.6280603	1.44890415	1.69713169	0	100	0	0	3
91	90	0	1.09300301	-90.2044536	-90.3510702	-91.0769645	-89.6280603	1.44890415	1.69713169	0	100	0	0	3
92	91	0	1.10501403	-90.3781867	-90.3689304	-91.0769645	-89.6366698	1.44029468	1.69713169	0	100	0	0	3
93	92	0	1.11702506	-89.9195746	-90.371443	-91.0769645	-89.6366698	1.44029468	1.69713169	0	100	0	0	3
94	93	0	1.12903608	-90.1602939	-90.3839102	-91.0769645	-89.9163955	1.16056899	1.69713169	0	100	0	0	3
95	94	0	1.1410471	-89.8994813	-90.381709	-91.0769645	-89.8994813	1.17748319	1.69713169	0	100	0	0	3
96	95	0	1.15305812	-90.1752361	-90.3867682	-91.0769645	-89.8994813	1.17748319	1.69713169	0	100	0	0	3
97	96	0	1.16506915	-90.1110158	-90.3850429	-91.0769645	-89.8994813	1.17748319	1.69713169	0	100	0	0	3
98	97	0	1.17708017	-90.3221116	-90.384271	-91.0769645	-89.8994813	1.17748319	1.69713169	0	100	0	0	3
99	98	0	1.18909119	-90.4460469	-90.3860295	-91.0769645	-89.8994813	1.17748319	1.69713169	0	100	0	0	3
100	98	0	1.20110221	-90.7957408	-90.3911073	-91.0769645	-89.8994813	1.17748319	1.69713169	0	100	0	0	3
101	100	0	1.21311323	-90.8588524	-90.4064047	-91.0769645	-89.8994813	1.15676809	1.69713169	0	100	0	0	3
102	101	0	1.22512426	-91.1055576	-90.4225827	-91.1055576	-89.8994813	1.09348265	1.69713169	0	100	0	0	3
103	102	0	1.23713528	-91.0466614	-90.4454074	-91.1055576	-89.8994813	0.959049265	1.69713169	0	100	0	0	3
104	103	0	1.2491463	-91.1142852	-90.4661562	-91.1142852	-89.8994813	0.854201895	1.69713169	0	100	0	0	3
105	104	0	1.26115732	-90.8477898	-90.4850522	-91.1142852	-89.8994813	0.764318599	1.69713169	0	100	0	0	3
106	105	0	1.27316834	-90.8762374	-90.5002485	-91.1142852	-89.8994813	0.672447359	1.69713169	0	100	0	0	3
107	106	0	1.28517937	-90.5655621	-90.5091098	-91.1142852	-89.8994813	0.590877785	1.69713169	0	100	0	0	3
108	107	0	1.29719039	-90.5961016	-90.5139871	-91.1142852	-89.8994813	0.510408242	1.69713169	0	100	0	0	3
109	108	0	1.30920141	-90.3588143	-90.5114121	-91.1142852	-89.8994813	0.463170717	1.69713169	0	100	0	0	3
110	109	0	1.32121243	-90.3907365	-90.5003477	-91.1142852	-89.8994813	0.408204358	1.69713169	0	100	0	0	3
111	110	0	1.33322346	-90.2053093	-90.493342	-91.1142852	-89.8994813	0.387023207	1.69713169	0	100	0	0	3
112	111	0	1.34523448	-90.4223678	-90.4777563	-91.1142852	-89.8994813	0.344441175	1.69713169	0	100	0	0	3
113	112	0	1.3572455	-90.4590207	-90.4734231	-91.1142852	-89.8994813	0.320404022	1.69713169	0	100	0	0	3
114	113	0	1.36925652	-90.6280233	-90.4667084	-91.1142852	-89.8994813	0.277145602	1.69713169	0	100	0	0	3
115	114	0	1.38126754	-90.7467796	-90.4719879	-91.1142852	-89.8994813	0.240060782	1.69713169	0	100	0	0	3
116	115	0	1.39327857	-90.8674574	-90.4773013	-91.1142852	-89.8994813	0.214194159	1.69713169	0	100	0	0	3
117	116	0	1.40528959	-90.8012426	-90.4927075	-91.1142852	-89.8994813	0.214194159	1.69713169	0	100	0	0	3
118	117	0	1.41730061	-91.1097976	-90.5072692	-91.1142852	-89.8994813	0.214194159	1.69713169	0	100	0	0	3
119	118	0	1.42931163	-91.017691	-90.5285758	-91.1142852	-89.8994813	0.228782796	1.69713169	0	100	0	0	3
120	119	0	1.44132265	-90.9689736	-90.545679	-91.1142852	-89.8994813	0.245885997	1.69713169	0	100	0	0	3
121	120	0	1.45333368	-90.6158914	-90.5622422	-91.1142852	-89.8994813	0.26244926	1.69713169	0	100	0	0	3
122	120	0	1.4653447	-90.7794331	-90.5727187	-91.1142852	-89.8994813	0.272925754	1.69713169	0	100	0	0	3
123	121	0	1.47735572	-90.2869402	-90.5815412	-91.1142852	-89.8994813	0.281748246	1.69713169	0	100	0	0	3
