Iteration	CPUTime	PhysTime	Travels	Value	AvValue	MinValue	MaxValue	Delta	Criteria	PrevAvRefValue	Progress	CriteriaType	CriteriaVarType	CriteriaPercentage
1	6	0	0.0120110221	101326.407	101326.407	101326.407	101326.407	0	0	0	0	0	0	3
2	7	0	0.0240220442	101324.934	101325.67	101324.934	101326.407	0.736685987	0	0	0	0	0	3
3	7	0	0.0360330664	101325.12	101325.487	101324.934	101326.407	0.920175109	0	0	0	0	0	3
4	8	0	0.0480440885	101325.05	101325.378	101324.934	101326.407	1.02944355	0	0	0	0	0	3
5	9	0	0.0600551106	101325.061	101325.314	101324.934	101326.407	1.09276581	0	0	0	0	0	3
6	10	0	0.0720661327	101325.041	101325.269	101324.934	101326.407	1.13841117	0	0	0	0	0	3
7	11	0	0.0840771548	101325.069	101325.24	101324.934	101326.407	1.16696156	0	0	0	0	0	3
8	12	0	0.0960881769	101325.043	101325.216	101324.934	101326.407	1.19166564	0	0	0	0	0	3
9	13	0	0.108099199	101325.067	101325.199	101324.934	101326.407	1.2081862	0	0	0	0	0	3
10	14	0	0.120110221	101325.04	101325.183	101324.934	101326.407	1.22411981	0	0	0	0	0	3
11	14	0	0.132121243	101325.063	101325.172	101324.934	101326.407	1.23505432	0	0	0	0	0	3
12	16	0	0.144132265	101325.037	101325.161	101324.934	101326.407	1.24632275	0	0	0	0	0	3
13	16	0	0.156143288	101325.059	101325.153	101324.934	101326.407	1.25414991	0	0	0	0	0	3
14	17	0	0.16815431	101325.033	101325.144	101324.934	101326.407	1.26272568	0	0	0	0	0	3
15	18	0	0.180165332	101325.053	101325.138	101324.934	101326.407	1.26882805	0	0	0	0	0	3
16	19	0	0.192176354	101325.032	101325.132	101324.934	101326.407	1.27550453	0	0	0	0	0	3
17	20	0	0.204187376	101325.041	101325.126	101324.934	101326.407	1.28083319	0	0	0	0	0	3
18	21	0	0.216198398	101325.03	101325.121	101324.934	101326.407	1.28618302	0	0	0	0	0	3
19	21	0	0.22820942	101325.037	101325.117	101324.934	101326.407	1.29058048	0	0	0	0	0	3
20	22	0	0.240220442	101325.032	101325.112	101324.934	101326.407	1.29483186	0	0	0	0	0	3
21	23	0	0.252231464	101325.037	101325.109	101324.934	101326.407	1.29843597	0	0	0	0	0	3
22	24	0	0.264242487	101325.036	101325.105	101324.934	101326.407	1.30173572	0	0	0	0	0	3
23	25	0	0.276253509	101325.037	101325.102	101324.934	101326.407	1.3047317	0	0	0	0	0	3
24	26	0	0.288264531	101325.035	101325.1	101324.934	101326.407	1.30754787	0	0	0	0	0	3
25	27	0	0.300275553	101325.033	101325.097	101324.934	101326.407	1.31020127	0	0	0	0	0	3
26	28	0	0.312286575	101325.03	101325.094	101324.934	101326.407	1.31276763	0	0	0	0	0	3
27	29	0	0.324297597	101325.022	101325.092	101324.934	101326.407	1.31545088	0	0	0	0	0	3
28	30	0	0.336308619	101325.012	101325.089	101324.934	101326.407	1.31831056	0	0	0	0	0	3
29	30	0	0.348319641	101325.003	101325.086	101324.934	101326.407	1.32126456	0	0	0	0	0	3
30	31	0	0.360330664	101324.997	101325.083	101324.934	101326.407	1.32421287	0	0	0	0	0	3
31	32	0	0.372341686	101324.993	101325.08	101324.934	101326.407	1.32713029	0	0	0	0	0	3
32	33	0	0.384352708	101324.989	101325.077	101324.934	101326.407	1.32996089	0	0	0	0	0	3
33	34	0	0.39636373	101324.988	101325.075	101324.934	101326.407	1.33265599	0	0	0	0	0	3
34	35	0	0.408374752	101324.988	101325.072	101324.934	101326.407	1.33518791	0	0	0	0	0	3
35	36	0	0.420385774	101324.991	101325.07	101324.934	101326.407	1.33751474	0	0	0	0	0	3
36	37	0	0.432396796	101324.994	101325.068	101324.934	101326.407	1.33961192	0	0	0	0	0	3
37	38	0	0.444407818	101324.998	101325.066	101324.934	101326.407	1.34149418	0	0	0	0	0	3
38	39	0	0.45641884	101325.001	101325.064	101324.934	101326.407	1.34319742	0	0	0	0	0	3
39	40	0	0.468429863	101325.004	101325.062	101324.934	101326.407	1.3447479	0	0	0	0	0	3
40	41	0	0.480440885	101325.005	101325.061	101324.934	101326.407	1.34619337	0	0	0	0	0	3
41	42	0	0.492451907	101325.005	101325.06	101324.934	101326.407	1.34755471	0	0	0	0	0	3
42	43	0	0.504462929	101325.004	101325.058	101324.934	101326.407	1.34886953	0	0	0	0	0	3
43	44	0	0.516473951	101325.004	101325.025	101324.934	101325.12	0.186218619	0	0	0	0	0	3
44	45	0	0.528484973	101325.004	101325.027	101324.988	101325.12	0.131745828	0	0	0	0	0	3
45	46	0	0.540495995	101325.003	101325.024	101324.988	101325.069	0.0806352933	0	0	0	0	0	3
46	47	0	0.552507017	101325.002	101325.023	101324.988	101325.069	0.0806352933	0	0	0	0	0	3
47	48	0	0.56451804	101325.003	101325.021	101324.988	101325.069	0.0806352933	0	0	0	0	0	3
48	48	0	0.576529062	101325.003	101325.02	101324.988	101325.069	0.0806352933	0	0	0	0	0	3
49	49	0	0.588540084	101325.004	101325.019	101324.988	101325.067	0.0785485188	0	0	0	0	0	3
50	50	0	0.600551106	101325.004	101325.018	101324.988	101325.067	0.0785485188	0	0	0	0	0	3
51	51	0	0.612562128	101325.005	101325.016	101324.988	101325.063	0.0744997586	0	0	0	0	0	3
52	52	0	0.62457315	101325.005	101325.016	101324.988	101325.063	0.0744997586	0	0	0	0	0	3
53	53	0	0.636584172	101325.005	101325.014	101324.988	101325.059	0.0708233081	0	0	0	0	0	3
54	54	0	0.648595194	101325.006	101325.014	101324.988	101325.059	0.0708233081	0	0	0	0	0	3
55	55	0	0.660606216	101325.005	101325.012	101324.988	101325.053	0.064637954	0	0	0	0	0	3
56	56	0	0.672617239	101325.004	101325.012	101324.988	101325.053	0.064637954	0	0	0	0	0	3
57	57	0	0.684628261	101325.004	101325.01	101324.988	101325.041	0.0528075917	0	0	0	0	0	3
58	58	0	0.696639283	101325.003	101325.01	101324.988	101325.041	0.0528075917	0	0	0	0	0	3
59	59	0	0.708650305	101325.002	101325.009	101324.988	101325.037	0.0491644705	0	0	0	0	0	3
60	60	0	0.720661327	101325.003	101325.008	101324.988	101325.037	0.0491644705	0	0	0	0	0	3
61	61	0	0.732672349	101325.003	101325.007	101324.988	101325.037	0.0483810865	0	0	0	0	0	3
62	62	0	0.744683371	101325.004	101325.007	101324.988	101325.037	0.0483810865	0	0	0	0	0	3
63	63	0	0.756694393	101325.004	101325.006	101324.988	101325.037	0.0482559311	0	0	0	0	0	3
64	64	0	0.768705416	101325.005	101325.005	101324.988	101325.037	0.0482559311	0	0	0	0	0	3
65	65	0	0.780716438	101325.005	101325.004	101324.988	101325.035	0.046579349	0	0	0	0	0	3
66	66	0	0.79272746	101325.005	101325.004	101324.988	101325.033	0.0450163768	0	0	0	0	0	3
67	67	0	0.804738482	101325.005	101325.003	101324.988	101325.03	0.0419725631	0	0	0	0	0	3
68	68	0	0.816749504	101325.004	101325.002	101324.988	101325.022	0.0336838913	0	0	0	0	0	3
69	69	0	0.828760526	101325.004	101325.002	101324.988	101325.012	0.023377198	0	0	0	0	0	3
70	70	0	0.840771548	101325.003	101325.002	101324.988	101325.006	0.0172290804	0	0	0	0	0	3
71	71	0	0.85278257	101325.003	101325.002	101324.988	101325.006	0.0172290804	0	0	0	0	0	3
72	72	0	0.864793592	101325.002	101325.002	101324.988	101325.006	0.0172290804	0	0	0	0	0	3
73	73	0	0.876804615	101325.003	101325.002	101324.988	101325.006	0.0172290804	0	0	0	0	0	3
74	74	0	0.888815637	101325.003	101325.002	101324.988	101325.006	0.0172290804	0	0	0	0	0	3
75	75	0	0.900826659	101325.003	101325.003	101324.988	101325.006	0.0170713495	0	0	0	0	0	3
76	76	0	0.912837681	101325.004	101325.003	101324.991	101325.006	0.0149566706	0	0	0	0	0	3
77	77	0	0.924848703	101325.004	101325.003	101324.994	101325.006	0.0113433624	0	0	0	0	0	3
78	78	0	0.936859725	101325.005	101325.004	101324.998	101325.006	0.00758516967	0	0	0	0	0	3
79	79	0	0.948870747	101325.005	101325.004	101325.001	101325.006	0.00454740413	0	0	0	0	0	3
80	80	0	0.960881769	101325.005	101325.004	101325.002	101325.006	0.00312951319	0	0	0	0	0	3
81	81	0	0.972892792	101325.004	101325.004	101325.002	101325.006	0.00312951319	0	0	0	0	0	3
82	81	0	0.984903814	101325.005	101325.004	101325.002	101325.006	0.00312951319	0	0	0	0	0	3
83	82	0	0.996914836	101325.004	101325.004	101325.002	101325.006	0.00312951319	0	0	0	0	0	3
84	83	0	1.00892586	101325.004	101325.004	101325.002	101325.006	0.00312951319	0.00395237483	0	0	0	0	3
85	84	0	1.02093688	101325.004	101325.004	101325.002	101325.006	0.00312951319	0.00395237483	0	0	0	0	3
86	85	0	1.0329479	101325.003	101325.004	101325.002	101325.006	0.00312951319	0.00395237483	0	0	0	0	3
87	86	0	1.04495892	101325.003	101325.004	101325.002	101325.006	0.00312951319	0.00395237483	0	0	0	0	3
88	87	0	1.05696995	101325.003	101325.004	101325.002	101325.006	0.00312951319	0.00395237483	0	0	0	0	3
89	88	0	1.06898097	101325.003	101325.004	101325.002	101325.006	0.00312951319	0.00395237483	0	0	0	0	3
90	89	0	1.08099199	101325.003	101325.004	101325.002	101325.006	0.00312951319	0.00395237483	0	0	0	0	3
91	90	0	1.09300301	101325.004	101325.004	101325.002	101325.006	0.00312951319	0.00395237483	0	0	0	0	3
92	91	0	1.10501403	101325.004	101325.004	101325.002	101325.006	0.00312951319	0.00395237483	0	0	0	0	3
93	92	0	1.11702506	101325.005	101325.004	101325.002	101325.006	0.00312951319	0.00395237483	0	0	0	0	3
94	93	0	1.12903608	101325.005	101325.004	101325.002	101325.006	0.00312951319	0.00395237483	0	0	0	0	3
95	94	0	1.1410471	101325.005	101325.004	101325.002	101325.006	0.00312951319	0.00395237483	0	0	0	0	3
96	95	0	1.15305812	101325.005	101325.004	101325.002	101325.005	0.00294278306	0.00395237483	0	0	0	0	3
97	96	0	1.16506915	101325.005	101325.004	101325.002	101325.005	0.00294278306	0.00395237483	0	0	0	0	3
98	97	0	1.17708017	101325.005	101325.004	101325.002	101325.005	0.00294278306	0.00395237483	0	0	0	0	3
99	98	0	1.18909119	101325.005	101325.004	101325.002	101325.005	0.00294278306	0.00395237483	0	0	0	0	3
100	98	0	1.20110221	101325.005	101325.004	101325.002	101325.005	0.00294278306	0.00395237483	0	0	0	0	3
101	100	0	1.21311323	101325.004	101325.004	101325.002	101325.005	0.00294278306	0.00395237483	0	0	0	0	3
102	101	0	1.22512426	101325.003	101325.004	101325.002	101325.005	0.00294278306	0.00395237483	0	0	0	0	3
103	102	0	1.23713528	101325.004	101325.004	101325.002	101325.005	0.00294278306	0.00395237483	0	0	0	0	3
104	103	0	1.2491463	101325.003	101325.004	101325.002	101325.005	0.00294278306	0.00395237483	0	0	0	0	3
105	104	0	1.26115732	101325.003	101325.004	101325.002	101325.005	0.00294278306	0.00395237483	0	0	0	0	3
106	105	0	1.27316834	101325.003	101325.004	101325.002	101325.005	0.00263281225	0.00395237483	0	0	0	0	3
107	106	0	1.28517937	101325.004	101325.004	101325.002	101325.005	0.00227190641	0.00395237483	0	0	0	0	3
108	107	0	1.29719039	101325.004	101325.004	101325.002	101325.005	0.00227190641	0.00395237483	0	0	0	0	3
109	108	0	1.30920141	101325.005	101325.004	101325.002	101325.005	0.00227190641	0.00395237483	0	0	0	0	3
110	109	0	1.32121243	101325.006	101325.004	101325.002	101325.006	0.00227190641	0.00395237483	0	0	0	0	3
111	110	0	1.33322346	101325.006	101325.004	101325.002	101325.006	0.00227190641	0.00395237483	0	0	0	0	3
112	111	0	1.34523448	101325.006	101325.004	101325.002	101325.006	0.00230021602	0.00395237483	0	0	0	0	3
113	112	0	1.3572455	101325.006	101325.004	101325.002	101325.006	0.00226199902	0.00395237483	0	0	0	0	3
114	113	0	1.36925652	101325.006	101325.004	101325.003	101325.006	0.00211423497	0.00395237483	0	0	0	0	3
115	114	0	1.38126754	101325.006	101325.004	101325.003	101325.006	0.00188273322	0.00395237483	0	0	0	0	3
116	115	0	1.39327857	101325.005	101325.004	101325.003	101325.006	0.00159921501	0.00395237483	0	0	0	0	3
117	116	0	1.40528959	101325.004	101325.004	101325.003	101325.006	0.00125621184	0.00395237483	0	0	0	0	3
118	117	0	1.41730061	101325.004	101325.004	101325.003	101325.006	0.000930423805	0.00395237483	0	0	0	0	3
119	118	0	1.42931163	101325.004	101325.004	101325.003	101325.006	0.000681700272	0.00395237483	0	0	0	0	3
120	119	0	1.44132265	101325.004	101325.004	101325.003	101325.006	0.000513403589	0.00395237483	0	0	0	0	3
121	120	0	1.45333368	101325.004	101325.004	101325.003	101325.006	0.000498924448	0.00395237483	0	0	0	0	3
122	120	0	1.4653447	101325.004	101325.004	101325.003	101325.006	0.000498924448	0.00395237483	0	0	0	0	3
123	121	0	1.47735572	101325.006	101325.004	101325.003	101325.006	0.000498924448	0.00395237483	0	0	0	0	3
