Iteration	CPUTime	PhysTime	Travels	Value	AvValue	MinValue	MaxValue	Delta	Criteria	PrevAvRefValue	Progress	CriteriaType	CriteriaVarType	CriteriaPercentage
1	3	0	0.0120018786	101326.279	101326.279	101326.279	101326.279	0	0	0	0	0	0	3
2	4	0	0.0240037573	101324.968	101325.623	101324.968	101326.279	0.655877585	0	0	0	0	0	3
3	4	0	0.0360056359	101325.099	101325.448	101324.968	101326.279	0.830814807	0	0	0	0	0	3
4	5	0	0.0480075146	101325.041	101325.347	101324.968	101326.279	0.932777713	0	0	0	0	0	3
5	6	0	0.0600093932	101325.057	101325.289	101324.968	101326.279	0.990746271	0	0	0	0	0	3
6	7	0	0.0720112719	101325.034	101325.246	101324.968	101326.279	1.03314085	0	0	0	0	0	3
7	7	0	0.0840131505	101325.062	101325.22	101324.968	101326.279	1.0593918	0	0	0	0	0	3
8	8	0	0.0960150292	101325.039	101325.197	101324.968	101326.279	1.0819986	0	0	0	0	0	3
9	9	0	0.108016908	101325.062	101325.182	101324.968	101326.279	1.09706262	0	0	0	0	0	3
10	10	0	0.120018786	101325.033	101325.167	101324.968	101326.279	1.11199593	0	0	0	0	0	3
11	10	0	0.132020665	101325.055	101325.157	101324.968	101326.279	1.12218086	0	0	0	0	0	3
12	11	0	0.144022544	101325.03	101325.147	101324.968	101326.279	1.13278908	0	0	0	0	0	3
13	12	0	0.156024422	101325.049	101325.139	101324.968	101326.279	1.14027237	0	0	0	0	0	3
14	13	0	0.168026301	101325.026	101325.131	101324.968	101326.279	1.14831677	0	0	0	0	0	3
15	13	0	0.18002818	101325.04	101325.125	101324.968	101326.279	1.15438444	0	0	0	0	0	3
16	14	0	0.192030058	101325.022	101325.119	101324.968	101326.279	1.16078739	0	0	0	0	0	3
17	15	0	0.204031937	101325.029	101325.113	101324.968	101326.279	1.16602541	0	0	0	0	0	3
18	16	0	0.216033816	101325.015	101325.108	101324.968	101326.279	1.17149816	0	0	0	0	0	3
19	16	0	0.228035694	101325.023	101325.103	101324.968	101326.279	1.17595481	0	0	0	0	0	3
20	17	0	0.240037573	101325.014	101325.099	101324.968	101326.279	1.18040704	0	0	0	0	0	3
21	18	0	0.252039452	101325.022	101325.095	101324.968	101326.279	1.18406918	0	0	0	0	0	3
22	19	0	0.26404133	101325.018	101325.092	101324.968	101326.279	1.18756978	0	0	0	0	0	3
23	19	0	0.276043209	101325.017	101325.088	101324.968	101326.279	1.19082201	0	0	0	0	0	3
24	20	0	0.288045088	101325.014	101325.085	101324.968	101326.279	1.1939424	0	0	0	0	0	3
25	21	0	0.300046966	101325.009	101325.082	101324.968	101326.279	1.19701149	0	0	0	0	0	3
26	22	0	0.312048845	101325.003	101325.079	101324.968	101326.279	1.200057	0	0	0	0	0	3
27	22	0	0.324050724	101324.997	101325.076	101324.968	101326.279	1.2031183	0	0	0	0	0	3
28	23	0	0.336052602	101324.987	101325.073	101324.968	101326.279	1.20631168	0	0	0	0	0	3
29	24	0	0.348054481	101324.98	101325.07	101324.968	101326.279	1.2095248	0	0	0	0	0	3
30	25	0	0.360056359	101324.974	101325.067	101324.968	101326.279	1.21272748	0	0	0	0	0	3
31	25	0	0.372058238	101324.971	101325.064	101324.968	101326.279	1.2158024	0	0	0	0	0	3
32	26	0	0.384060117	101324.969	101325.061	101324.968	101326.279	1.2187656	0	0	0	0	0	3
33	27	0	0.396061995	101324.969	101325.058	101324.968	101326.279	1.22155452	0	0	0	0	0	3
34	28	0	0.408063874	101324.969	101325.055	101324.968	101326.279	1.22415373	0	0	0	0	0	3
35	28	0	0.420065753	101324.971	101325.053	101324.968	101326.279	1.22654604	0	0	0	0	0	3
36	29	0	0.432067631	101324.974	101325.051	101324.968	101326.279	1.22873475	0	0	0	0	0	3
37	30	0	0.44406951	101324.977	101325.049	101324.968	101326.279	1.23072521	0	0	0	0	0	3
38	31	0	0.456071389	101324.979	101325.047	101324.968	101326.279	1.23254409	0	0	0	0	0	3
39	32	0	0.468073267	101324.981	101325.045	101324.968	101326.279	1.23422075	0	0	0	0	0	3
40	32	0	0.480075146	101324.983	101325.044	101324.968	101326.279	1.23577089	0	0	0	0	0	3
41	33	0	0.492077025	101324.984	101325.042	101324.968	101326.279	1.23723134	0	0	0	0	0	3
42	34	0	0.504078903	101324.984	101325.041	101324.968	101326.279	1.23860274	0	0	0	0	0	3
43	35	0	0.516080782	101324.985	101325.01	101324.968	101325.099	0.131065921	0	0	0	0	0	3
44	36	0	0.528082661	101324.984	101325.01	101324.969	101325.099	0.130110694	0	0	0	0	0	3
45	37	0	0.540084539	101324.983	101325.008	101324.969	101325.062	0.0939024508	0	0	0	0	0	3
46	37	0	0.552086418	101324.983	101325.006	101324.969	101325.062	0.0939024508	0	0	0	0	0	3
47	38	0	0.564088296	101324.982	101325.004	101324.969	101325.062	0.0939024508	0	0	0	0	0	3
48	39	0	0.576090175	101324.983	101325.003	101324.969	101325.062	0.0939024508	0	0	0	0	0	3
49	40	0	0.588092054	101324.983	101325.001	101324.969	101325.062	0.0932250983	0	0	0	0	0	3
50	41	0	0.600093932	101324.983	101325	101324.969	101325.062	0.0932250983	0	0	0	0	0	3
51	41	0	0.612095811	101324.983	101324.998	101324.969	101325.055	0.0867698009	0	0	0	0	0	3
52	42	0	0.62409769	101324.983	101324.997	101324.969	101325.055	0.0867698009	0	0	0	0	0	3
53	43	0	0.636099568	101324.983	101324.995	101324.969	101325.049	0.0807280845	0	0	0	0	0	3
54	44	0	0.648101447	101324.983	101324.994	101324.969	101325.049	0.0807280845	0	0	0	0	0	3
55	45	0	0.660103326	101324.983	101324.992	101324.969	101325.04	0.0714681227	0	0	0	0	0	3
56	45	0	0.672105204	101324.984	101324.991	101324.969	101325.04	0.0714681227	0	0	0	0	0	3
57	46	0	0.684107083	101324.984	101324.99	101324.969	101325.029	0.0609661622	0	0	0	0	0	3
58	47	0	0.696108962	101324.984	101324.989	101324.969	101325.029	0.0609661622	0	0	0	0	0	3
59	48	0	0.70811084	101324.983	101324.988	101324.969	101325.023	0.0546255751	0	0	0	0	0	3
60	49	0	0.720112719	101324.983	101324.987	101324.969	101325.023	0.0546255751	0	0	0	0	0	3
61	49	0	0.732114598	101324.983	101324.986	101324.969	101325.022	0.053487972	0	0	0	0	0	3
62	50	0	0.744116476	101324.984	101324.986	101324.969	101325.022	0.053487972	0	0	0	0	0	3
63	51	0	0.756118355	101324.984	101324.985	101324.969	101325.018	0.049717516	0	0	0	0	0	3
64	52	0	0.768120234	101324.984	101324.984	101324.969	101325.017	0.0484289738	0	0	0	0	0	3
65	52	0	0.780122112	101324.984	101324.983	101324.969	101325.014	0.0450885804	0	0	0	0	0	3
66	53	0	0.792123991	101324.983	101324.982	101324.969	101325.009	0.0401301323	0	0	0	0	0	3
67	54	0	0.804125869	101324.983	101324.982	101324.969	101325.003	0.0346052305	0	0	0	0	0	3
68	55	0	0.816127748	101324.983	101324.981	101324.969	101324.997	0.0280877203	0	0	0	0	0	3
69	56	0	0.828129627	101324.982	101324.981	101324.969	101324.987	0.0182671609	0	0	0	0	0	3
70	56	0	0.840131505	101324.982	101324.981	101324.969	101324.985	0.016032582	0	0	0	0	0	3
71	57	0	0.852133384	101324.982	101324.981	101324.969	101324.985	0.016032582	0	0	0	0	0	3
72	58	0	0.864135263	101324.982	101324.981	101324.969	101324.985	0.016032582	0	0	0	0	0	3
73	59	0	0.876137141	101324.982	101324.981	101324.969	101324.985	0.016032582	0	0	0	0	0	3
74	59	0	0.88813902	101324.981	101324.982	101324.969	101324.985	0.016032582	0	0	0	0	0	3
75	60	0	0.900140899	101324.982	101324.982	101324.969	101324.985	0.0151602767	0	0	0	0	0	3
76	61	0	0.912142777	101324.983	101324.982	101324.971	101324.985	0.0131173061	0	0	0	0	0	3
77	62	0	0.924144656	101324.984	101324.983	101324.974	101324.985	0.0105720208	0	0	0	0	0	3
78	62	0	0.936146535	101324.984	101324.983	101324.977	101324.985	0.00761432077	0	0	0	0	0	3
79	63	0	0.948148413	101324.985	101324.983	101324.979	101324.985	0.00547430971	0	0	0	0	0	3
80	64	0	0.960150292	101324.985	101324.983	101324.981	101324.985	0.00360344148	0	0	0	0	0	3
81	65	0	0.972152171	101324.985	101324.983	101324.981	101324.985	0.00360344148	0	0	0	0	0	3
82	66	0	0.984154049	101324.984	101324.983	101324.981	101324.985	0.00360344148	0	0	0	0	0	3
83	66	0	0.996155928	101324.984	101324.983	101324.981	101324.985	0.00360344148	0	0	0	0	0	3
84	67	0	1.00815781	101324.982	101324.983	101324.981	101324.985	0.00360344148	0.00390332083	0	0	0	0	3
85	68	0	1.02015969	101324.983	101324.983	101324.981	101324.985	0.00360344148	0.00390332083	0	0	0	0	3
86	68	0	1.03216156	101324.982	101324.983	101324.981	101324.985	0.00360344148	0.00390332083	0	0	0	0	3
87	69	0	1.04416344	101324.983	101324.983	101324.981	101324.985	0.00360344148	0.00390332083	0	0	0	0	3
88	70	0	1.05616532	101324.982	101324.983	101324.981	101324.985	0.00360344148	0.00390332083	0	0	0	0	3
89	71	0	1.0681672	101324.983	101324.983	101324.981	101324.985	0.00360344148	0.00390332083	0	0	0	0	3
90	72	0	1.08016908	101324.982	101324.983	101324.981	101324.985	0.00360344148	0.00390332083	0	0	0	0	3
91	72	0	1.09217096	101324.983	101324.983	101324.981	101324.985	0.00360344148	0.00390332083	0	0	0	0	3
92	73	0	1.10417284	101324.982	101324.983	101324.981	101324.985	0.00360344148	0.00390332083	0	0	0	0	3
93	74	0	1.11617471	101324.983	101324.983	101324.981	101324.985	0.00360344148	0.00390332083	0	0	0	0	3
94	74	0	1.12817659	101324.982	101324.983	101324.981	101324.985	0.00360344148	0.00390332083	0	0	0	0	3
95	75	0	1.14017847	101324.984	101324.983	101324.981	101324.985	0.00360344148	0.00390332083	0	0	0	0	3
96	76	0	1.15218035	101324.984	101324.983	101324.981	101324.985	0.00360344148	0.00390332083	0	0	0	0	3
97	77	0	1.16418223	101324.984	101324.983	101324.981	101324.985	0.00360344148	0.00390332083	0	0	0	0	3
98	78	0	1.17618411	101324.983	101324.983	101324.981	101324.985	0.00360344148	0.00390332083	0	0	0	0	3
99	78	0	1.18818599	101324.983	101324.983	101324.981	101324.985	0.00360344148	0.00390332083	0	0	0	0	3
100	79	0	1.20018786	101324.982	101324.983	101324.981	101324.985	0.00360344148	0.00390332083	0	0	0	0	3
101	81	0	1.21218974	101324.983	101324.983	101324.981	101324.985	0.00360344148	0.00390332083	0	0	0	0	3
102	82	0	1.22419162	101324.982	101324.983	101324.981	101324.985	0.00360344148	0.00390332083	0	0	0	0	3
103	83	0	1.2361935	101324.982	101324.983	101324.981	101324.985	0.00360344148	0.00390332083	0	0	0	0	3
104	83	0	1.24819538	101324.982	101324.983	101324.981	101324.985	0.00360344148	0.00390332083	0	0	0	0	3
105	84	0	1.26019726	101324.983	101324.983	101324.981	101324.985	0.0030319449	0.00390332083	0	0	0	0	3
106	85	0	1.27219914	101324.983	101324.983	101324.981	101324.985	0.00241347845	0.00390332083	0	0	0	0	3
107	86	0	1.28420102	101324.983	101324.983	101324.981	101324.985	0.00241347845	0.00390332083	0	0	0	0	3
108	87	0	1.29620289	101324.983	101324.983	101324.981	101324.985	0.00241347845	0.00390332083	0	0	0	0	3
109	88	0	1.30820477	101324.984	101324.983	101324.981	101324.985	0.00241347845	0.00390332083	0	0	0	0	3
110	88	0	1.32020665	101324.983	101324.983	101324.981	101324.985	0.00241347845	0.00390332083	0	0	0	0	3
111	89	0	1.33220853	101324.984	101324.983	101324.981	101324.985	0.00241347845	0.00390332083	0	0	0	0	3
112	90	0	1.34421041	101324.982	101324.983	101324.981	101324.985	0.00235651238	0.00390332083	0	0	0	0	3
113	91	0	1.35621229	101324.983	101324.983	101324.981	101324.985	0.00216244526	0.00390332083	0	0	0	0	3
114	92	0	1.36821417	101324.982	101324.983	101324.981	101324.985	0.00191676318	0.00390332083	0	0	0	0	3
115	93	0	1.38021604	101324.983	101324.983	101324.981	101324.985	0.0016155077	0.00390332083	0	0	0	0	3
116	93	0	1.39221792	101324.981	101324.983	101324.981	101324.985	0.00129108569	0.00390332083	0	0	0	0	3
117	94	0	1.4042198	101324.983	101324.983	101324.981	101324.985	0.000961799728	0.00390332083	0	0	0	0	3
