Iteration	CPUTime	PhysTime	Travels	Value	AvValue	MinValue	MaxValue	Delta	Criteria	PrevAvRefValue	Progress	CriteriaType	CriteriaVarType	CriteriaPercentage
1	4	0	0.0101104769	101328.514	101328.514	101328.514	101328.514	0	0	0	0	0	0	3
2	4	0	0.0202209537	101325.079	101326.797	101325.079	101328.514	1.71750903	0	0	0	0	0	3
3	5	0	0.0303314306	101325.254	101326.282	101325.079	101328.514	2.23177763	0	0	0	0	0	3
4	6	0	0.0404419074	101325.081	101325.982	101325.079	101328.514	2.53215622	0	0	0	0	0	3
5	7	0	0.0505523843	101325.178	101325.821	101325.079	101328.514	2.69294077	0	0	0	0	0	3
6	7	0	0.0606628611	101325.098	101325.701	101325.079	101328.514	2.81342044	0	0	0	0	0	3
7	8	0	0.070773338	101325.164	101325.624	101325.079	101328.514	2.89010424	0	0	0	0	0	3
8	9	0	0.0808838148	101325.123	101325.561	101325.079	101328.514	2.95280052	0	0	0	0	0	3
9	9	0	0.0909942917	101325.165	101325.517	101325.079	101328.514	2.9968762	0	0	0	0	0	3
10	10	0	0.101104769	101325.131	101325.479	101325.079	101328.514	3.03548003	0	0	0	0	0	3
11	11	0	0.111215245	101325.157	101325.449	101325.079	101328.514	3.06471097	0	0	0	0	0	3
12	11	0	0.121325722	101325.134	101325.423	101325.079	101328.514	3.09099874	0	0	0	0	0	3
13	12	0	0.131436199	101325.141	101325.401	101325.079	101328.514	3.11273335	0	0	0	0	0	3
14	13	0	0.141546676	101325.125	101325.382	101325.079	101328.514	3.13251517	0	0	0	0	0	3
15	13	0	0.151657153	101325.126	101325.365	101325.079	101328.514	3.14952657	0	0	0	0	0	3
16	14	0	0.16176763	101325.117	101325.349	101325.079	101328.514	3.16501794	0	0	0	0	0	3
17	15	0	0.171878106	101325.116	101325.335	101325.079	101328.514	3.178744	0	0	0	0	0	3
18	16	0	0.181988583	101325.107	101325.323	101325.079	101328.514	3.19142578	0	0	0	0	0	3
19	16	0	0.19209906	101325.109	101325.312	101325.079	101328.514	3.202671	0	0	0	0	0	3
20	17	0	0.202209537	101325.11	101325.301	101325.079	101328.514	3.21272523	0	0	0	0	0	3
21	18	0	0.212320014	101325.104	101325.292	101325.079	101328.514	3.22210963	0	0	0	0	0	3
22	19	0	0.222430491	101325.095	101325.283	101325.079	101328.514	3.23105478	0	0	0	0	0	3
23	19	0	0.232540968	101325.091	101325.275	101325.079	101328.514	3.2393965	0	0	0	0	0	3
24	20	0	0.242651444	101325.088	101325.267	101325.079	101328.514	3.24718222	0	0	0	0	0	3
25	21	0	0.252761921	101325.087	101325.26	101325.079	101328.514	3.25437962	0	0	0	0	0	3
26	22	0	0.262872398	101325.09	101325.253	101325.079	101328.514	3.2609241	0	0	0	0	0	3
27	23	0	0.272982875	101325.09	101325.247	101325.079	101328.514	3.26695587	0	0	0	0	0	3
28	24	0	0.283093352	101325.088	101325.242	101325.079	101328.514	3.27264479	0	0	0	0	0	3
29	25	0	0.293203829	101325.086	101325.236	101325.079	101328.514	3.27799687	0	0	0	0	0	3
30	26	0	0.303314306	101325.084	101325.231	101325.079	101328.514	3.28307985	0	0	0	0	0	3
31	27	0	0.313424782	101325.08	101325.226	101325.079	101328.514	3.28796124	0	0	0	0	0	3
32	27	0	0.323535259	101325.073	101325.221	101325.073	101328.514	3.2927387	0	0	0	0	0	3
33	28	0	0.333645736	101325.068	101325.217	101325.068	101328.514	3.29738101	0	0	0	0	0	3
34	29	0	0.343756213	101325.062	101325.212	101325.062	101328.514	3.30193395	0	0	0	0	0	3
35	30	0	0.35386669	101325.056	101325.208	101325.056	101328.514	3.30640019	0	0	0	0	0	3
36	31	0	0.363977167	101325.05	101325.203	101325.05	101328.514	3.31077199	0	0	0	0	0	3
37	31	0	0.374087644	101325.048	101325.199	101325.048	101328.514	3.31496787	0	0	0	0	0	3
38	32	0	0.38419812	101325.046	101325.195	101325.046	101328.514	3.31899395	0	0	0	0	0	3
39	33	0	0.394308597	101325.047	101325.191	101325.046	101328.514	3.32278259	0	0	0	0	0	3
40	34	0	0.404419074	101325.049	101325.188	101325.046	101328.514	3.32633954	0	0	0	0	0	3
41	35	0	0.414529551	101325.053	101325.185	101325.046	101328.514	3.32963235	0	0	0	0	0	3
42	36	0	0.424640028	101325.055	101325.181	101325.046	101328.514	3.33271409	0	0	0	0	0	3
43	36	0	0.434750505	101325.055	101325.179	101325.046	101328.514	3.33564645	0	0	0	0	0	3
44	37	0	0.444860981	101325.056	101325.176	101325.046	101328.514	3.33842028	0	0	0	0	0	3
45	38	0	0.454971458	101325.057	101325.173	101325.046	101328.514	3.34106162	0	0	0	0	0	3
46	39	0	0.465081935	101325.052	101325.17	101325.046	101328.514	3.34368694	0	0	0	0	0	3
47	40	0	0.475192412	101325.051	101325.168	101325.046	101328.514	3.34622513	0	0	0	0	0	3
48	40	0	0.485302889	101325.051	101325.166	101325.046	101328.514	3.34866564	0	0	0	0	0	3
49	41	0	0.495413366	101325.051	101325.163	101325.046	101328.514	3.35100824	0	0	0	0	0	3
50	42	0	0.505523843	101325.052	101325.161	101325.046	101328.514	3.3532382	0	0	0	0	0	3
51	43	0	0.515634319	101325.051	101325.092	101325.046	101325.254	0.207644148	0	0	0	0	0	3
52	44	0	0.525744796	101325.051	101325.091	101325.046	101325.254	0.207644148	0	0	0	0	0	3
53	44	0	0.535855273	101325.054	101325.087	101325.046	101325.178	0.131880002	0	0	0	0	0	3
54	45	0	0.54596575	101325.056	101325.087	101325.046	101325.178	0.131880002	0	0	0	0	0	3
55	46	0	0.556076227	101325.058	101325.084	101325.046	101325.165	0.118477281	0	0	0	0	0	3
56	47	0	0.566186704	101325.056	101325.083	101325.046	101325.165	0.118477281	0	0	0	0	0	3
57	48	0	0.576297181	101325.054	101325.081	101325.046	101325.165	0.118477281	0	0	0	0	0	3
58	48	0	0.586407657	101325.051	101325.08	101325.046	101325.165	0.118477281	0	0	0	0	0	3
59	49	0	0.596518134	101325.05	101325.077	101325.046	101325.157	0.110938544	0	0	0	0	0	3
60	50	0	0.606628611	101325.05	101325.076	101325.046	101325.157	0.110938544	0	0	0	0	0	3
61	51	0	0.616739088	101325.051	101325.074	101325.046	101325.141	0.0944102089	0	0	0	0	0	3
62	52	0	0.626849565	101325.05	101325.072	101325.046	101325.141	0.0944102089	0	0	0	0	0	3
63	52	0	0.636960042	101325.052	101325.07	101325.046	101325.126	0.0802728715	0	0	0	0	0	3
64	53	0	0.647070519	101325.054	101325.069	101325.046	101325.126	0.0802728715	0	0	0	0	0	3
65	54	0	0.657180995	101325.055	101325.067	101325.046	101325.117	0.070570495	0	0	0	0	0	3
66	55	0	0.667291472	101325.054	101325.066	101325.046	101325.116	0.069598016	0	0	0	0	0	3
67	56	0	0.677401949	101325.054	101325.065	101325.046	101325.11	0.0642033322	0	0	0	0	0	3
68	56	0	0.687512426	101325.053	101325.064	101325.046	101325.11	0.0642033322	0	0	0	0	0	3
69	57	0	0.697622903	101325.052	101325.063	101325.046	101325.11	0.0642033322	0	0	0	0	0	3
70	58	0	0.70773338	101325.05	101325.061	101325.046	101325.104	0.0581613863	0	0	0	0	0	3
71	59	0	0.717843856	101325.05	101325.06	101325.046	101325.095	0.0490559697	0	0	0	0	0	3
72	60	0	0.727954333	101325.049	101325.059	101325.046	101325.091	0.0450447272	0	0	0	0	0	3
73	61	0	0.73806481	101325.049	101325.059	101325.046	101325.09	0.044177076	0	0	0	0	0	3
74	62	0	0.748175287	101325.05	101325.058	101325.046	101325.09	0.044177076	0	0	0	0	0	3
75	62	0	0.758285764	101325.052	101325.057	101325.046	101325.09	0.044177076	0	0	0	0	0	3
76	63	0	0.768396241	101325.053	101325.056	101325.046	101325.09	0.044177076	0	0	0	0	0	3
77	64	0	0.778506718	101325.055	101325.056	101325.046	101325.088	0.0417132733	0	0	0	0	0	3
78	65	0	0.788617194	101325.053	101325.055	101325.046	101325.086	0.0401040475	0	0	0	0	0	3
79	65	0	0.798727671	101325.052	101325.054	101325.046	101325.084	0.0374726116	0	0	0	0	0	3
80	66	0	0.808838148	101325.051	101325.054	101325.046	101325.08	0.0335561076	0	0	0	0	0	3
81	67	0	0.818948625	101325.05	101325.053	101325.046	101325.073	0.0271189597	0	0	0	0	0	3
82	68	0	0.829059102	101325.049	101325.053	101325.046	101325.068	0.0220238843	0	0	0	0	0	3
83	68	0	0.839169579	101325.049	101325.052	101325.046	101325.062	0.0157780067	0	0	0	0	0	3
84	69	0	0.849280056	101325.048	101325.052	101325.046	101325.058	0.0114308955	0	0	0	0	0	3
85	70	0	0.859390532	101325.049	101325.052	101325.046	101325.058	0.0114308955	0	0	0	0	0	3
86	71	0	0.869501009	101325.05	101325.052	101325.046	101325.058	0.0114308955	0	0	0	0	0	3
87	72	0	0.879611486	101325.051	101325.052	101325.046	101325.058	0.0114308955	0	0	0	0	0	3
88	72	0	0.889721963	101325.05	101325.052	101325.047	101325.058	0.0102226849	0	0	0	0	0	3
89	73	0	0.89983244	101325.051	101325.052	101325.048	101325.058	0.00982080154	0	0	0	0	0	3
90	74	0	0.909942917	101325.051	101325.052	101325.048	101325.058	0.00982080154	0	0	0	0	0	3
91	75	0	0.920053394	101325.052	101325.052	101325.048	101325.058	0.00982080154	0	0	0	0	0	3
92	75	0	0.93016387	101325.053	101325.052	101325.048	101325.058	0.00982080154	0	0	0	0	0	3
93	76	0	0.940274347	101325.054	101325.052	101325.048	101325.058	0.00982080154	0	0	0	0	0	3
94	77	0	0.950384824	101325.051	101325.052	101325.048	101325.058	0.00982080154	0	0	0	0	0	3
95	78	0	0.960495301	101325.05	101325.052	101325.048	101325.058	0.00982080154	0	0	0	0	0	3
96	78	0	0.970605778	101325.049	101325.052	101325.048	101325.058	0.00982080154	0	0	0	0	0	3
97	79	0	0.980716255	101325.049	101325.052	101325.048	101325.058	0.00982080154	0	0	0	0	0	3
98	80	0	0.990826731	101325.05	101325.052	101325.048	101325.058	0.00982080154	0	0	0	0	0	3
99	81	0	1.00093721	101325.051	101325.052	101325.048	101325.058	0.00982080154	0.00622932444	0	0	0	0	3
100	82	0	1.01104769	101325.051	101325.052	101325.048	101325.058	0.00982080154	0.00622932444	0	0	0	0	3
101	83	0	1.02115816	101325.051	101325.052	101325.048	101325.058	0.00982080154	0.00622932444	0	0	0	0	3
102	84	0	1.03126864	101325.05	101325.052	101325.048	101325.058	0.00982080154	0.00622932444	0	0	0	0	3
103	85	0	1.04137912	101325.052	101325.052	101325.048	101325.058	0.00982080154	0.00622932444	0	0	0	0	3
104	86	0	1.05148959	101325.052	101325.051	101325.048	101325.058	0.00982080154	0.00622932444	0	0	0	0	3
105	86	0	1.06160007	101325.051	101325.051	101325.048	101325.056	0.00850236489	0.00622932444	0	0	0	0	3
106	87	0	1.07171055	101325.051	101325.051	101325.048	101325.055	0.00689130201	0.00622932444	0	0	0	0	3
107	88	0	1.08182102	101325.05	101325.051	101325.048	101325.055	0.00689130201	0.00622932444	0	0	0	0	3
108	89	0	1.0919315	101325.049	101325.051	101325.048	101325.055	0.00689130201	0.00622932444	0	0	0	0	3
109	90	0	1.10204198	101325.049	101325.051	101325.048	101325.055	0.00689130201	0.00622932444	0	0	0	0	3
110	91	0	1.11215245	101325.05	101325.051	101325.048	101325.055	0.00689130201	0.00622932444	0	0	0	0	3
111	92	0	1.12226293	101325.05	101325.051	101325.048	101325.055	0.00689130201	0.00622932444	0	0	0	0	3
112	93	0	1.13237341	101325.05	101325.051	101325.048	101325.055	0.00689130201	0.00622932444	0	0	0	0	3
113	94	0	1.14248388	101325.051	101325.051	101325.048	101325.055	0.00689130201	0.00622932444	0	0	0	0	3
114	95	0	1.15259436	101325.052	101325.051	101325.048	101325.055	0.00689130201	0.00622932444	0	0	0	0	3
115	96	0	1.16270484	101325.053	101325.051	101325.048	101325.055	0.00682520412	0.00622932444	0	0	0	0	3
116	97	0	1.17281531	101325.053	101325.051	101325.048	101325.055	0.00682520412	0.00622932444	0	0	0	0	3
117	98	0	1.18292579	101325.052	101325.051	101325.048	101325.055	0.00682520412	0.00622932444	0	0	0	0	3
118	99	0	1.19303627	101325.051	101325.051	101325.048	101325.055	0.00682520412	0.00622932444	0	0	0	0	3
119	100	0	1.20314675	101325.049	101325.051	101325.048	101325.055	0.00682520412	0.00622932444	0	0	0	0	3
120	101	0	1.21325722	101325.048	101325.051	101325.048	101325.055	0.00695862139	0.00622932444	0	0	0	0	3
121	102	0	1.2233677	101325.047	101325.051	101325.047	101325.055	0.00766374213	0.00622932444	0	0	0	0	3
122	103	0	1.23347818	101325.049	101325.051	101325.047	101325.055	0.00766374213	0.00622932444	0	0	0	0	3
123	104	0	1.24358865	101325.051	101325.051	101325.047	101325.055	0.00719727311	0.00622932444	0	0	0	0	3
124	105	0	1.25369913	101325.054	101325.051	101325.047	101325.055	0.00649755237	0.00622932444	0	0	0	0	3
125	106	0	1.26380961	101325.056	101325.051	101325.047	101325.056	0.00577274422	0.00622932444	0	0	0	0	3
126	107	0	1.27392008	101325.055	101325.051	101325.047	101325.056	0.00505790867	0.00622932444	0	0	0	0	3
127	108	0	1.28403056	101325.052	101325.051	101325.047	101325.056	0.00436345357	0.00622932444	0	0	0	0	3
