Iteration	CPUTime	PhysTime	Travels	Value	AvValue	MinValue	MaxValue	Delta	Criteria	PrevAvRefValue	Progress	CriteriaType	CriteriaVarType	CriteriaPercentage
1	4	0	0.011905887	-1552.5364	-1552.5364	-1552.5364	-1552.5364	0	0	0	0	0	0	3
2	5	0	0.0238117739	-277.664473	-915.100438	-1552.5364	-277.664473	637.435965	0	0	0	0	0	3
3	6	0	0.0357176609	-45.5256878	-625.242188	-1552.5364	-45.5256878	927.294215	0	0	0	0	0	3
4	7	0	0.0476235478	69.3911156	-451.583862	-1552.5364	69.3911156	1100.95254	0	0	0	0	0	3
5	8	0	0.0595294348	-158.758302	-393.01875	-1552.5364	69.3911156	1159.51765	0	0	0	0	0	3
6	9	0	0.0714353217	-39.2621743	-334.059321	-1552.5364	69.3911156	1218.47708	0	0	0	0	0	3
7	10	0	0.0833412087	-157.206062	-308.79457	-1552.5364	69.3911156	1243.74183	0	0	0	0	0	3
8	10	0	0.0952470956	-64.6118556	-278.27173	-1552.5364	69.3911156	1274.26467	0	0	0	0	0	3
9	11	0	0.107152983	-140.942333	-263.012908	-1552.5364	69.3911156	1289.5235	0	0	0	0	0	3
10	12	0	0.11905887	-77.7093925	-244.482557	-1552.5364	69.3911156	1308.05385	0	0	0	0	0	3
11	13	0	0.130964756	-123.227704	-233.459388	-1552.5364	69.3911156	1319.07702	0	0	0	0	0	3
12	14	0	0.142870643	-95.7936624	-221.987244	-1552.5364	69.3911156	1330.54916	0	0	0	0	0	3
13	15	0	0.15477653	-115.178009	-213.771149	-1552.5364	69.3911156	1338.76525	0	0	0	0	0	3
14	16	0	0.166682417	-100.525478	-205.682173	-1552.5364	69.3911156	1346.85423	0	0	0	0	0	3
15	16	0	0.178588304	-108.855462	-199.227059	-1552.5364	69.3911156	1353.30934	0	0	0	0	0	3
16	17	0	0.190494191	-104.038099	-193.277749	-1552.5364	69.3911156	1359.25865	0	0	0	0	0	3
17	18	0	0.202400078	-104.205893	-188.038228	-1552.5364	69.3911156	1364.49818	0	0	0	0	0	3
18	19	0	0.214305965	-106.366666	-183.500919	-1552.5364	69.3911156	1369.03548	0	0	0	0	0	3
19	20	0	0.226211852	-104.932124	-179.365719	-1552.5364	69.3911156	1373.17068	0	0	0	0	0	3
20	20	0	0.238117739	-107.447369	-175.769802	-1552.5364	69.3911156	1376.7666	0	0	0	0	0	3
21	21	0	0.250023626	-105.373388	-172.417592	-1552.5364	69.3911156	1380.11881	0	0	0	0	0	3
22	22	0	0.261929513	-106.649538	-169.428135	-1552.5364	69.3911156	1383.10827	0	0	0	0	0	3
23	23	0	0.2738354	-105.179575	-166.634719	-1552.5364	69.3911156	1385.90168	0	0	0	0	0	3
24	24	0	0.285741287	-107.211056	-164.158733	-1552.5364	69.3911156	1388.37767	0	0	0	0	0	3
25	24	0	0.297647174	-106.025388	-161.833399	-1552.5364	69.3911156	1390.703	0	0	0	0	0	3
26	25	0	0.309553061	-106.224594	-159.694599	-1552.5364	69.3911156	1392.8418	0	0	0	0	0	3
27	26	0	0.321458948	-105.362209	-157.682288	-1552.5364	69.3911156	1394.85412	0	0	0	0	0	3
28	27	0	0.333364835	-106.427863	-155.851773	-1552.5364	69.3911156	1396.68463	0	0	0	0	0	3
29	28	0	0.345270722	-105.203027	-154.105265	-1552.5364	69.3911156	1398.43114	0	0	0	0	0	3
30	29	0	0.357176609	-105.160269	-152.473765	-1552.5364	69.3911156	1400.06264	0	0	0	0	0	3
31	29	0	0.369082495	-103.066816	-150.879992	-1552.5364	69.3911156	1401.65641	0	0	0	0	0	3
32	30	0	0.380988382	-103.625102	-149.403277	-1552.5364	69.3911156	1403.13313	0	0	0	0	0	3
33	31	0	0.392894269	-101.857524	-147.962497	-1552.5364	69.3911156	1404.57391	0	0	0	0	0	3
34	32	0	0.404800156	-102.152381	-146.61514	-1552.5364	69.3911156	1405.92126	0	0	0	0	0	3
35	33	0	0.416706043	-101.26671	-145.319471	-1552.5364	69.3911156	1407.21693	0	0	0	0	0	3
36	34	0	0.42861193	-101.645102	-144.106294	-1552.5364	69.3911156	1408.43011	0	0	0	0	0	3
37	34	0	0.440517817	-100.392181	-142.924831	-1552.5364	69.3911156	1409.61157	0	0	0	0	0	3
38	35	0	0.452423704	-100.41417	-141.80613	-1552.5364	69.3911156	1410.73027	0	0	0	0	0	3
39	36	0	0.464329591	-99.0789504	-140.710561	-1552.5364	69.3911156	1411.82584	0	0	0	0	0	3
40	37	0	0.476235478	-99.6355042	-139.683685	-1552.5364	69.3911156	1412.85272	0	0	0	0	0	3
41	38	0	0.488141365	-99.2935773	-138.69856	-1552.5364	69.3911156	1413.83784	0	0	0	0	0	3
42	39	0	0.500047252	-100.111781	-137.779827	-1552.5364	69.3911156	1414.75658	0	0	0	0	0	3
43	40	0	0.511953139	-99.7240708	-103.189057	-277.664473	69.3911156	347.055589	0	0	0	0	0	3
44	41	0	0.523859026	-100.199846	-98.9637091	-158.758302	69.3911156	228.149417	0	0	0	0	0	3
45	42	0	0.535764913	-98.627091	-100.228028	-158.758302	69.3911156	228.149417	0	0	0	0	0	3
46	42	0	0.5476708	-98.6408515	-104.228789	-158.758302	-39.2621743	119.496128	0	0	0	0	0	3
47	43	0	0.559576687	-97.6598636	-102.774065	-157.206062	-39.2621743	117.943887	0	0	0	0	0	3
48	44	0	0.571482574	-97.5666144	-104.162266	-157.206062	-64.6118556	92.594206	0	0	0	0	0	3
49	45	0	0.583388461	-97.2381449	-102.734458	-140.942333	-64.6118556	76.3304772	0	0	0	0	0	3
50	46	0	0.595294348	-97.9125349	-103.527331	-140.942333	-77.7093925	63.2329403	0	0	0	0	0	3
51	47	0	0.607200234	-97.4252036	-102.491209	-123.227704	-77.7093925	45.5183112	0	0	0	0	0	3
52	48	0	0.619106121	-97.9776281	-102.973786	-123.227704	-95.7936624	27.4340413	0	0	0	0	0	3
53	49	0	0.631012008	-97.5928067	-102.363432	-115.178009	-95.7936624	19.3843469	0	0	0	0	0	3
54	50	0	0.642917895	-98.0751936	-102.417754	-115.178009	-97.2381449	17.9398643	0	0	0	0	0	3
55	50	0	0.654823782	-97.6300323	-101.999945	-108.855462	-97.2381449	11.6173166	0	0	0	0	0	3
56	51	0	0.666729669	-98.065601	-101.941376	-108.855462	-97.2381449	11.6173166	0	0	0	0	0	3
57	52	0	0.678635556	-97.574756	-101.672788	-107.447369	-97.2381449	10.2092245	0	0	0	0	0	3
58	53	0	0.690541443	-98.0353056	-101.529864	-107.447369	-97.2381449	10.2092245	0	0	0	0	0	3
59	54	0	0.70244733	-97.7312546	-101.375706	-107.447369	-97.2381449	10.2092245	0	0	0	0	0	3
60	55	0	0.714353217	-98.1829148	-101.180855	-107.447369	-97.2381449	10.2092245	0	0	0	0	0	3
61	56	0	0.726259104	-98.4007775	-101.025347	-107.447369	-97.2381449	10.2092245	0	0	0	0	0	3
62	57	0	0.738164991	-99.3774297	-100.833205	-107.211056	-97.2381449	9.97291102	0	0	0	0	0	3
63	58	0	0.750070878	-100.336513	-100.71328	-107.211056	-97.2381449	9.97291102	0	0	0	0	0	3
64	58	0	0.761976765	-101.516855	-100.591073	-107.211056	-97.2381449	9.97291102	0	0	0	0	0	3
65	59	0	0.773882652	-101.404712	-100.501195	-107.211056	-97.2381449	9.97291102	0	0	0	0	0	3
66	60	0	0.785788539	-101.748023	-100.371123	-106.427863	-97.2381449	9.189718	0	0	0	0	0	3
67	61	0	0.797694426	-101.496264	-100.263287	-106.427863	-97.2381449	9.189718	0	0	0	0	0	3
68	62	0	0.809600313	-102.257194	-100.168825	-106.427863	-97.2381449	9.189718	0	0	0	0	0	3
69	63	0	0.8215062	-102.151991	-100.092391	-106.427863	-97.2381449	9.189718	0	0	0	0	0	3
70	64	0	0.833412087	-101.941194	-99.9855658	-105.203027	-97.2381449	7.96488245	0	0	0	0	0	3
71	65	0	0.845317973	-101.01185	-99.8857758	-105.160269	-97.2381449	7.92212458	0	0	0	0	0	3
72	66	0	0.85722386	-101.236765	-99.7923591	-103.625102	-97.2381449	6.38695672	0	0	0	0	0	3
73	67	0	0.869129747	-100.441986	-99.7298631	-103.625102	-97.2381449	6.38695672	0	0	0	0	0	3
74	67	0	0.881035634	-100.785782	-99.6622603	-102.257194	-97.2381449	5.01904862	0	0	0	0	0	3
75	68	0	0.892941521	-100.766388	-99.6362808	-102.257194	-97.2381449	5.01904862	0	0	0	0	0	3
76	69	0	0.904847408	-101.31637	-99.6163758	-102.257194	-97.2381449	5.01904862	0	0	0	0	0	3
77	70	0	0.916753295	-101.394147	-99.61941	-102.257194	-97.2381449	5.01904862	0	0	0	0	0	3
78	71	0	0.928659182	-101.921916	-99.6260008	-102.257194	-97.2381449	5.01904862	0	0	0	0	0	3
79	72	0	0.940565069	-101.985106	-99.6639276	-102.257194	-97.2381449	5.01904862	0	0	0	0	0	3
80	73	0	0.952470956	-102.305641	-99.7089626	-102.305641	-97.2381449	5.06749586	0	0	0	0	0	3
81	74	0	0.964376843	-102.121336	-99.7814004	-102.305641	-97.2381449	5.06749586	0	0	0	0	0	3
82	74	0	0.97628273	-102.331507	-99.8455909	-102.331507	-97.2381449	5.09336212	0	0	0	0	0	3
83	75	0	0.988188617	-101.951468	-99.908874	-102.331507	-97.2381449	5.09336212	0	0	0	0	0	3
84	76	0	1.0000945	-102.149568	-99.9573927	-102.331507	-97.2381449	5.09336212	6.84448252	0	100	0	0	3
85	77	0	1.01200039	-101.805564	-100.006952	-102.331507	-97.2381449	5.09336212	6.84448252	0	100	0	0	3
86	78	0	1.02390628	-102.145884	-100.053286	-102.331507	-97.2381449	4.61241356	6.84448252	0	100	0	0	3
87	79	0	1.03581216	-102.301971	-100.140784	-102.331507	-97.2381449	4.61241356	6.84448252	0	100	0	0	3
88	80	0	1.04771805	-103.146183	-100.248053	-103.146183	-97.2381449	4.54588979	6.84448252	0	100	0	0	3
89	81	0	1.05962394	-103.575929	-100.388912	-103.575929	-97.2381449	4.54588979	6.84448252	0	100	0	0	3
90	82	0	1.07152983	-104.176999	-100.546302	-104.176999	-97.2381449	3.91095557	6.84448252	0	100	0	0	3
91	83	0	1.08343571	-104.153697	-100.710958	-104.176999	-97.4252036	3.91095557	6.84448252	0	100	0	0	3
92	84	0	1.0953416	-104.309083	-100.863257	-104.309083	-97.4252036	3.35741049	6.84448252	0	100	0	0	3
93	85	0	1.10724749	-103.856535	-101.016384	-104.309083	-97.574756	3.35741049	6.84448252	0	100	0	0	3
94	85	0	1.11915337	-103.808642	-101.155217	-104.309083	-97.574756	2.80137797	6.84448252	0	100	0	0	3
95	86	0	1.13105926	-103.446077	-101.294581	-104.309083	-97.574756	2.80137797	6.84448252	0	100	0	0	3
96	87	0	1.14296515	-103.503254	-101.423821	-104.309083	-97.574756	2.38356899	6.84448252	0	100	0	0	3
97	88	0	1.15487103	-103.328616	-101.559501	-104.309083	-97.574756	2.32500048	6.84448252	0	100	0	0	3
98	89	0	1.16677692	-103.544933	-101.689961	-104.309083	-97.574756	2.07358567	6.84448252	0	100	0	0	3
99	90	0	1.17868281	-103.477312	-101.830499	-104.309083	-97.7312546	2.21412271	6.84448252	0	100	0	0	3
100	91	0	1.1905887	-103.966402	-101.971715	-104.309083	-97.7312546	2.35533928	6.84448252	0	100	0	0	3
101	92	0	1.20249458	-104.036009	-102.121828	-104.309083	-98.1829148	2.50545249	6.84448252	0	100	0	0	3
102	93	0	1.21440047	-104.292361	-102.267291	-104.309083	-98.4007775	2.65091549	6.84448252	0	100	0	0	3
