Iteration	CPUTime	PhysTime	Travels	Value	AvValue	MinValue	MaxValue	Delta	Criteria	PrevAvRefValue	Progress	CriteriaType	CriteriaVarType	CriteriaPercentage
1	1	0	0.0120156321	937.50179	937.50179	937.50179	937.50179	0	0	0	0	0	0	3
2	2	0	0.0240312642	116.113393	526.807591	116.113393	937.50179	410.694198	0	0	0	0	0	3
3	2	0	0.0360468963	46.3686506	366.661278	46.3686506	937.50179	570.840512	0	0	0	0	0	3
4	2	0	0.0480625284	4.80295111	276.196696	4.80295111	937.50179	661.305094	0	0	0	0	0	3
5	2	0	0.0600781605	-3.01335164	220.354687	-3.01335164	937.50179	717.147103	0	0	0	0	0	3
6	2	0	0.0720937926	-18.8285405	180.490815	-18.8285405	937.50179	757.010974	0	0	0	0	0	3
7	2	0	0.0841094248	-13.4286043	152.788041	-18.8285405	937.50179	784.713749	0	0	0	0	0	3
8	3	0	0.0961250569	-24.4002374	130.639506	-24.4002374	937.50179	806.862283	0	0	0	0	0	3
9	3	0	0.108140689	-14.1272887	114.554307	-24.4002374	937.50179	822.947483	0	0	0	0	0	3
10	3	0	0.120156321	-25.6725433	100.531622	-25.6725433	937.50179	836.970168	0	0	0	0	0	3
11	3	0	0.132171953	-15.2072724	90.0099042	-25.6725433	937.50179	847.491886	0	0	0	0	0	3
12	3	0	0.144187585	-23.5976474	80.5426082	-25.6725433	937.50179	856.959182	0	0	0	0	0	3
13	4	0	0.156203217	-13.6007206	73.3008137	-25.6725433	937.50179	864.200976	0	0	0	0	0	3
14	4	0	0.16821885	-16.9015947	66.8577845	-25.6725433	937.50179	870.644005	0	0	0	0	0	3
15	4	0	0.180234482	-13.2602188	61.5165843	-25.6725433	937.50179	875.985205	0	0	0	0	0	3
16	4	0	0.192250114	-15.3558847	56.712055	-25.6725433	937.50179	880.789735	0	0	0	0	0	3
17	4	0	0.204265746	-10.9536651	52.7317185	-25.6725433	937.50179	884.770071	0	0	0	0	0	3
18	5	0	0.216281378	-12.1807214	49.1254719	-25.6725433	937.50179	888.376318	0	0	0	0	0	3
19	5	0	0.22829701	-11.2211581	45.9493334	-25.6725433	937.50179	891.552456	0	0	0	0	0	3
20	5	0	0.240312642	-11.745479	43.0645928	-25.6725433	937.50179	894.437197	0	0	0	0	0	3
21	5	0	0.252328274	-12.3778445	40.4244768	-25.6725433	937.50179	897.077313	0	0	0	0	0	3
22	5	0	0.264343906	-8.30573754	38.209467	-25.6725433	937.50179	899.292323	0	0	0	0	0	3
23	6	0	0.276359538	-9.60961935	36.1303763	-25.6725433	937.50179	901.371413	0	0	0	0	0	3
24	6	0	0.288375171	-7.71379804	34.3035357	-25.6725433	937.50179	903.198254	0	0	0	0	0	3
25	6	0	0.300390803	-6.57007157	32.6685914	-25.6725433	937.50179	904.833198	0	0	0	0	0	3
26	6	0	0.312406435	-3.94243582	31.260475	-25.6725433	937.50179	906.241315	0	0	0	0	0	3
27	7	0	0.324422067	-7.39978156	29.8286136	-25.6725433	937.50179	907.673176	0	0	0	0	0	3
28	7	0	0.336437699	-8.85158248	28.4471781	-25.6725433	937.50179	909.054612	0	0	0	0	0	3
29	7	0	0.348453331	-6.3410879	27.2475827	-25.6725433	937.50179	910.254207	0	0	0	0	0	3
30	7	0	0.360468963	-8.20031586	26.0659861	-25.6725433	937.50179	911.435804	0	0	0	0	0	3
31	7	0	0.372484595	-6.98460921	24.9998378	-25.6725433	937.50179	912.501952	0	0	0	0	0	3
32	8	0	0.384500227	-9.29812745	23.9280264	-25.6725433	937.50179	913.573763	0	0	0	0	0	3
33	8	0	0.39651586	-8.07843602	22.9581336	-25.6725433	937.50179	914.543656	0	0	0	0	0	3
34	8	0	0.408531492	-8.39268623	22.0360507	-25.6725433	937.50179	915.465739	0	0	0	0	0	3
35	8	0	0.420547124	-6.9938466	21.206625	-25.6725433	937.50179	916.295165	0	0	0	0	0	3
36	9	0	0.432562756	-8.29770439	20.3870603	-25.6725433	937.50179	917.114729	0	0	0	0	0	3
37	9	0	0.444578388	-9.48138593	19.579805	-25.6725433	937.50179	917.921985	0	0	0	0	0	3
38	9	0	0.45659402	-9.32361622	18.8191887	-25.6725433	937.50179	918.682601	0	0	0	0	0	3
39	9	0	0.468609652	-9.23653334	18.0998112	-25.6725433	937.50179	919.401979	0	0	0	0	0	3
40	10	0	0.480625284	-8.47929781	17.4353335	-25.6725433	937.50179	920.066456	0	0	0	0	0	3
41	10	0	0.492640916	-5.88459167	16.8665548	-25.6725433	937.50179	920.635235	0	0	0	0	0	3
42	10	0	0.504656549	-5.18465795	16.3415259	-25.6725433	937.50179	921.160264	0	0	0	0	0	3
43	10	0	0.516672181	-4.24278486	-6.08096394	-25.6725433	116.113393	141.785936	0	0	0	0	0	3
44	11	0	0.528687813	-4.87210901	-8.96157113	-25.6725433	46.3686506	72.041194	0	0	0	0	0	3
45	11	0	0.540703445	-3.7966041	-10.155982	-25.6725433	4.80295111	30.4754944	0	0	0	0	0	3
46	11	0	0.552719077	-4.61307643	-10.3801731	-25.6725433	-3.01335164	22.6591917	0	0	0	0	0	3
47	11	0	0.564734709	-4.50183556	-10.4156132	-25.6725433	-3.7966041	21.8759392	0	0	0	0	0	3
48	12	0	0.576750341	-5.04846213	-10.0875161	-25.6725433	-3.7966041	21.8759392	0	0	0	0	0	3
49	12	0	0.588765973	-5.23508944	-9.89243239	-25.6725433	-3.7966041	21.8759392	0	0	0	0	0	3
50	12	0	0.600781605	-6.11886916	-9.45716172	-25.6725433	-3.7966041	21.8759392	0	0	0	0	0	3
51	12	0	0.612797237	-6.01742852	-9.26406981	-25.6725433	-3.7966041	21.8759392	0	0	0	0	0	3
52	12	0	0.62481287	-6.51621504	-8.80796676	-23.5976474	-3.7966041	19.8010433	0	0	0	0	0	3
53	13	0	0.636828502	-6.33601125	-8.59674625	-23.5976474	-3.7966041	19.8010433	0	0	0	0	0	3
54	13	0	0.648844134	-6.93044964	-8.19990821	-16.9015947	-3.7966041	13.1049906	0	0	0	0	0	3
55	13	0	0.660859766	-6.5517856	-8.03207643	-16.9015947	-3.7966041	13.1049906	0	0	0	0	0	3
56	13	0	0.672875398	-6.00492963	-7.77263202	-15.3558847	-3.7966041	11.5592806	0	0	0	0	0	3
57	14	0	0.68489103	-6.6981864	-7.61639315	-15.3558847	-3.7966041	11.5592806	0	0	0	0	0	3
58	14	0	0.696906662	-5.9768635	-7.39308313	-12.3778445	-3.7966041	8.58124037	0	0	0	0	0	3
59	14	0	0.708922294	-6.81541143	-7.29455328	-12.3778445	-3.7966041	8.58124037	0	0	0	0	0	3
60	14	0	0.720937926	-6.87032031	-7.16811516	-12.3778445	-3.7966041	8.58124037	0	0	0	0	0	3
61	15	0	0.732953559	-7.45883757	-7.0785361	-12.3778445	-3.7966041	8.58124037	0	0	0	0	0	3
62	15	0	0.744969191	-6.91815586	-6.96359983	-12.3778445	-3.7966041	8.58124037	0	0	0	0	0	3
63	15	0	0.756984823	-7.16725915	-6.83953827	-9.60961935	-3.7966041	5.81301525	0	0	0	0	0	3
64	15	0	0.769000455	-6.65888826	-6.80032758	-9.60961935	-3.7966041	5.81301525	0	0	0	0	0	3
65	16	0	0.781016087	-7.58823705	-6.75219943	-9.48138593	-3.7966041	5.68478182	0	0	0	0	0	3
66	16	0	0.793031719	-6.80283315	-6.73050979	-9.48138593	-3.7966041	5.68478182	0	0	0	0	0	3
67	16	0	0.805047351	-7.97449679	-6.76394848	-9.48138593	-3.7966041	5.68478182	0	0	0	0	0	3
68	16	0	0.817062983	-7.22274561	-6.8420511	-9.48138593	-3.7966041	5.68478182	0	0	0	0	0	3
69	16	0	0.829078615	-7.8826846	-6.85354879	-9.48138593	-3.7966041	5.68478182	0	0	0	0	0	3
70	17	0	0.841094248	-7.35896432	-6.81801026	-9.48138593	-3.7966041	5.68478182	0	0	0	0	0	3
71	17	0	0.85310988	-7.63558827	-6.8488317	-9.48138593	-3.7966041	5.68478182	0	0	0	0	0	3
72	17	0	0.865125512	-7.37707839	-6.82923081	-9.48138593	-3.7966041	5.68478182	0	0	0	0	0	3
73	17	0	0.877141144	-7.35360527	-6.83801643	-9.48138593	-3.7966041	5.68478182	0	0	0	0	0	3
74	18	0	0.889156776	-6.95710074	-6.78227769	-9.48138593	-3.7966041	5.68478182	0	0	0	0	0	3
75	18	0	0.901172408	-6.66334172	-6.74858497	-9.48138593	-3.7966041	5.68478182	0	0	0	0	0	3
76	18	0	0.91318804	-6.54015644	-6.70447712	-9.48138593	-3.7966041	5.68478182	0	0	0	0	0	3
77	18	0	0.925203672	-6.04966812	-6.68199668	-9.48138593	-3.7966041	5.68478182	0	0	0	0	0	3
78	19	0	0.937219304	-5.51650794	-6.61577772	-9.48138593	-3.7966041	5.68478182	0	0	0	0	0	3
79	19	0	0.949234936	-5.82949689	-6.52882798	-9.32361622	-3.7966041	5.52701212	0	0	0	0	0	3
80	19	0	0.961250569	-6.07483101	-6.45147595	-9.23653334	-3.7966041	5.43992923	0	0	0	0	0	3
81	19	0	0.973266201	-6.40745815	-6.38411702	-8.47929781	-3.7966041	4.68269371	0	0	0	0	0	3
82	19	0	0.985281833	-6.8907913	-6.34629543	-7.97449679	-3.7966041	4.17789268	0	0	0	0	0	3
83	20	0	0.997297465	-6.94565062	-6.37155874	-7.97449679	-3.7966041	4.17789268	0	0	0	0	0	3
84	20	0	1.0093131	-7.0130676	-6.41509231	-7.97449679	-3.7966041	4.17789268	2.16123582	0	51.7	0	0	3
85	20	0	1.02132873	-6.71856167	-6.47403937	-7.97449679	-3.7966041	4.06931775	2.16123582	0	53.1	0	0	3
86	20	0	1.03334436	-6.47156974	-6.51212177	-7.97449679	-3.7966041	4.06931775	2.16123582	0	53.1	0	0	3
87	21	0	1.04535999	-6.49068725	-6.57626661	-7.97449679	-4.50183556	3.47266122	2.16123582	0	62.2	0	0	3
88	21	0	1.05737563	-6.75094404	-6.62716822	-7.97449679	-4.50183556	3.47266122	2.16123582	0	62.2	0	0	3
89	21	0	1.06939126	-6.86177103	-6.68335716	-7.97449679	-5.04846213	2.92603465	2.16123582	0	73.8	0	0	3
90	21	0	1.08140689	-7.86787275	-6.75048598	-7.97449679	-5.23508944	2.73940735	2.16123582	0	78.8	0	0	3
91	22	0	1.09342252	-6.72332619	-6.78592019	-7.97449679	-5.51650794	2.45798885	2.16123582	0	87.9	0	0	3
92	22	0	1.10543815	-6.17670554	-6.78729725	-7.97449679	-5.51650794	2.45798885	2.16123582	0	87.9	0	0	3
93	22	0	1.11745379	-5.66869514	-6.77899407	-7.97449679	-5.51650794	2.45798885	2.16123582	0	87.9	0	0	3
94	22	0	1.12946942	-6.1260733	-6.76970498	-7.97449679	-5.51650794	2.25045082	2.16123582	0	96	0	0	3
95	22	0	1.14148505	-5.8518843	-6.75817815	-7.97449679	-5.51650794	1.85361278	2.16123582	0	100	0	0	3
96	23	0	1.15350068	-6.48536023	-6.74758078	-7.97449679	-5.51650794	1.68578099	2.16123582	0	100	0	0	3
97	23	0	1.16551631	-7.14667345	-6.76174478	-7.97449679	-5.51650794	1.42633659	2.16123582	0	100	0	0	3
98	23	0	1.17753195	-7.98031688	-6.80877781	-7.98031688	-5.51650794	1.27009772	2.16123582	0	100	0	0	3
99	23	0	1.18954758	-7.95225576	-6.8386366	-7.98031688	-5.51650794	1.04678769	2.16123582	0	100	0	0	3
100	24	0	1.20156321	-7.63438294	-6.87810135	-7.98031688	-5.51650794	0.948257843	2.16123582	0	100	0	0	3
101	24	0	1.21357884	-7.07315682	-6.88423815	-7.98031688	-5.51650794	0.821819723	2.16123582	0	100	0	0	3
102	24	0	1.22559447	-6.55515916	-6.87673431	-7.98031688	-5.51650794	0.732240662	2.16123582	0	100	0	0	3
103	25	0	1.23761011	-4.92123604	-6.81631523	-7.98031688	-4.92123604	0.617304396	2.16123582	0	100	0	0	3
104	25	0	1.24962574	-5.66437082	-6.7864632	-7.98031688	-4.92123604	0.537942712	2.16123582	0	100	0	0	3
105	25	0	1.26164137	-5.47216654	-6.74610385	-7.98031688	-4.92123604	0.537942712	2.16123582	0	100	0	0	3
106	25	0	1.273657	-6.57724846	-6.74416005	-7.98031688	-4.92123604	0.537942712	2.16123582	0	100	0	0	3
107	26	0	1.28567264	-6.53945153	-6.71918896	-7.98031688	-4.92123604	0.537942712	2.16123582	0	100	0	0	3
108	26	0	1.29768827	-6.54444863	-6.71303695	-7.98031688	-4.92123604	0.537942712	2.16123582	0	100	0	0	3
109	26	0	1.3097039	-7.38860231	-6.69908708	-7.98031688	-4.92123604	0.537942712	2.16123582	0	100	0	0	3
110	26	0	1.32171953	-7.88194806	-6.71478238	-7.98031688	-4.92123604	0.537942712	2.16123582	0	100	0	0	3
111	27	0	1.33373516	-7.32344206	-6.70146708	-7.98031688	-4.92123604	0.537942712	2.16123582	0	100	0	0	3
112	27	0	1.3457508	-7.85968231	-6.71338894	-7.98031688	-4.92123604	0.537942712	2.16123582	0	100	0	0	3
113	27	0	1.35776643	-5.88654548	-6.67174506	-7.98031688	-4.92123604	0.537942712	2.16123582	0	100	0	0	3
114	27	0	1.36978206	-5.56218241	-6.62853325	-7.98031688	-4.92123604	0.537942712	2.16123582	0	100	0	0	3
115	27	0	1.38179769	-5.58945723	-6.58652973	-7.98031688	-4.92123604	0.537942712	2.16123582	0	100	0	0	3
116	28	0	1.39381332	-6.06808829	-6.56536277	-7.98031688	-4.92123604	0.537942712	2.16123582	0	100	0	0	3
117	28	0	1.40582896	-5.29935642	-6.53288692	-7.98031688	-4.92123604	0.537942712	2.16123582	0	100	0	0	3
118	28	0	1.41784459	-5.94336674	-6.51867765	-7.98031688	-4.92123604	0.537942712	2.16123582	0	100	0	0	3
119	28	0	1.42986022	-6.56466879	-6.53093957	-7.98031688	-4.92123604	0.537942712	2.16123582	0	100	0	0	3
120	28	0	1.44187585	-7.69797554	-6.58287927	-7.98031688	-4.92123604	0.537942712	2.16123582	0	100	0	0	3
121	29	0	1.45389149	-6.69123066	-6.60339674	-7.98031688	-4.92123604	0.537942712	2.16123582	0	100	0	0	3
122	29	0	1.46590712	-7.13751244	-6.62869868	-7.98031688	-4.92123604	0.537942712	2.16123582	0	100	0	0	3
123	29	0	1.47792275	-6.98419511	-6.64243051	-7.98031688	-4.92123604	0.537942712	2.16123582	0	100	0	0	3
124	29	0	1.48993838	-7.08168362	-6.64697557	-7.98031688	-4.92123604	0.512679404	2.16123582	0	100	0	0	3
125	30	0	1.50195401	-4.87235707	-6.59761144	-7.98031688	-4.87235707	0.469145841	2.16123582	0	100	0	0	3
126	30	0	1.51396965	-5.05422539	-6.55097234	-7.98031688	-4.87235707	0.410198774	2.16123582	0	100	0	0	3
127	30	0	1.52598528	-4.58300453	-6.50012574	-7.98031688	-4.58300453	0.384112408	2.16123582	0	100	0	0	3
