Iteration	CPUTime	PhysTime	Travels	Value	AvValue	MinValue	MaxValue	Delta	Criteria	PrevAvRefValue	Progress	CriteriaType	CriteriaVarType	CriteriaPercentage
1	3	0	0.0123851511	6481.79318	6481.79318	6481.79318	6481.79318	0	0	0	0	0	0	3
2	3	0	0.0247703021	589.473153	3535.63317	589.473153	6481.79318	2946.16002	0	0	0	0	0	3
3	4	0	0.0371554532	252.974153	2441.4135	252.974153	6481.79318	4040.37969	0	0	0	0	0	3
4	5	0	0.0495406043	313.020618	1909.31528	252.974153	6481.79318	4572.47791	0	0	0	0	0	3
5	5	0	0.0619257554	218.217473	1571.09572	218.217473	6481.79318	4910.69747	0	0	0	0	0	3
6	6	0	0.0743109064	241.096265	1349.42914	218.217473	6481.79318	5132.36404	0	0	0	0	0	3
7	6	0	0.0866960575	179.734415	1182.32989	179.734415	6481.79318	5299.46329	0	0	0	0	0	3
8	7	0	0.0990812086	201.612807	1059.74026	179.734415	6481.79318	5422.05293	0	0	0	0	0	3
9	7	0	0.11146636	155.370408	959.25472	155.370408	6481.79318	5522.53846	0	0	0	0	0	3
10	8	0	0.123851511	172.890456	880.618293	155.370408	6481.79318	5601.17489	0	0	0	0	0	3
11	8	0	0.136236662	137.08678	813.024519	137.08678	6481.79318	5668.76867	0	0	0	0	0	3
12	9	0	0.148621813	148.776892	757.67055	137.08678	6481.79318	5724.12263	0	0	0	0	0	3
13	9	0	0.161006964	127.344347	709.183919	127.344347	6481.79318	5772.60927	0	0	0	0	0	3
14	10	0	0.173392115	138.115098	668.393289	127.344347	6481.79318	5813.3999	0	0	0	0	0	3
15	10	0	0.185777266	123.326475	632.055502	123.326475	6481.79318	5849.73768	0	0	0	0	0	3
16	11	0	0.198162417	131.231451	600.753999	123.326475	6481.79318	5881.03919	0	0	0	0	0	3
17	12	0	0.210547568	120.586368	572.508844	120.586368	6481.79318	5909.28434	0	0	0	0	0	3
18	12	0	0.222932719	125.719308	547.687203	120.586368	6481.79318	5934.10598	0	0	0	0	0	3
19	13	0	0.23531787	117.928997	525.06835	117.928997	6481.79318	5956.72483	0	0	0	0	0	3
20	14	0	0.247703021	119.539558	504.79191	117.928997	6481.79318	5977.00127	0	0	0	0	0	3
21	14	0	0.260088173	117.696205	486.358782	117.696205	6481.79318	5995.4344	0	0	0	0	0	3
22	14	0	0.272473324	118.201745	469.624371	117.696205	6481.79318	6012.16881	0	0	0	0	0	3
23	15	0	0.284858475	116.680518	454.278986	116.680518	6481.79318	6027.5142	0	0	0	0	0	3
24	15	0	0.297243626	118.017194	440.268078	116.680518	6481.79318	6041.52511	0	0	0	0	0	3
25	16	0	0.309628777	115.17542	427.264372	115.17542	6481.79318	6054.52881	0	0	0	0	0	3
26	16	0	0.322013928	115.982757	415.292002	115.17542	6481.79318	6066.50118	0	0	0	0	0	3
27	16	0	0.334399079	116.387708	404.221472	115.17542	6481.79318	6077.57171	0	0	0	0	0	3
28	17	0	0.34678423	115.120591	393.896441	115.120591	6481.79318	6087.89674	0	0	0	0	0	3
29	17	0	0.359169381	114.774912	384.271561	114.774912	6481.79318	6097.52162	0	0	0	0	0	3
30	18	0	0.371554532	114.863437	375.29129	114.774912	6481.79318	6106.50189	0	0	0	0	0	3
31	18	0	0.383939683	115.405398	366.907874	114.774912	6481.79318	6114.88531	0	0	0	0	0	3
32	18	0	0.396324834	115.129662	359.039805	114.774912	6481.79318	6122.75338	0	0	0	0	0	3
33	19	0	0.408709985	114.660937	351.634385	114.660937	6481.79318	6130.1588	0	0	0	0	0	3
34	19	0	0.421095136	114.772962	344.667872	114.660937	6481.79318	6137.12531	0	0	0	0	0	3
35	19	0	0.433480288	115.215171	338.112081	114.660937	6481.79318	6143.6811	0	0	0	0	0	3
36	20	0	0.445865439	115.048408	331.915868	114.660937	6481.79318	6149.87732	0	0	0	0	0	3
37	20	0	0.45825059	114.183565	326.031211	114.183565	6481.79318	6155.76197	0	0	0	0	0	3
38	21	0	0.470635741	113.485813	320.437911	113.485813	6481.79318	6161.35527	0	0	0	0	0	3
39	21	0	0.483020892	113.356218	315.128124	113.356218	6481.79318	6166.66506	0	0	0	0	0	3
40	22	0	0.495406043	113.131353	310.078205	113.131353	6481.79318	6171.71498	0	0	0	0	0	3
41	22	0	0.507791194	113.117709	305.27429	113.117709	6481.79318	6176.51889	0	0	0	0	0	3
42	22	0	0.520176345	112.877748	149.934889	112.877748	589.473153	476.595405	0	0	0	0	0	3
43	23	0	0.532561496	112.878294	138.310624	112.877748	313.020618	200.14287	0	0	0	0	0	3
44	23	0	0.544946647	112.422869	134.882544	112.422869	313.020618	200.597749	0	0	0	0	0	3
45	23	0	0.557331798	112.625264	129.994853	112.422869	241.096265	128.673396	0	0	0	0	0	3
46	24	0	0.569716949	111.910519	127.402	111.910519	241.096265	129.185746	0	0	0	0	0	3
47	24	0	0.5821021	111.240111	124.234777	111.240111	201.612807	90.3726962	0	0	0	0	0	3
48	25	0	0.594487252	110.886025	122.555548	110.886025	201.612807	90.7267821	0	0	0	0	0	3
49	25	0	0.606872403	110.460667	120.332325	110.460667	172.890456	62.429789	0	0	0	0	0	3
50	25	0	0.619257554	111.045225	119.251223	110.460667	172.890456	62.429789	0	0	0	0	0	3
51	26	0	0.631642705	110.782941	117.736405	110.460667	148.776892	38.3162249	0	0	0	0	0	3
52	26	0	0.644027856	111.166196	117.104196	110.460667	148.776892	38.3162249	0	0	0	0	0	3
53	27	0	0.656413007	112.026547	116.207846	110.460667	138.115098	27.6544308	0	0	0	0	0	3
54	27	0	0.668798158	112.293853	115.840761	110.460667	138.115098	27.6544308	0	0	0	0	0	3
55	27	0	0.681183309	112.066191	115.205422	110.460667	131.231451	20.7707836	0	0	0	0	0	3
56	28	0	0.69356846	112.687958	114.945946	110.460667	131.231451	20.7707836	0	0	0	0	0	3
57	28	0	0.705953611	112.719794	114.494442	110.460667	125.719308	15.2586407	0	0	0	0	0	3
58	28	0	0.718338762	113.585601	114.323691	110.460667	125.719308	15.2586407	0	0	0	0	0	3
59	29	0	0.730723913	113.12156	114.016429	110.460667	119.539558	9.0788908	0	0	0	0	0	3
60	29	0	0.743109064	113.963828	113.919718	110.460667	119.539558	9.0788908	0	0	0	0	0	3
61	30	0	0.755494215	112.613803	113.750797	110.460667	118.201745	7.74107779	0	0	0	0	0	3
62	30	0	0.767879367	112.351519	113.620439	110.460667	118.201745	7.74107779	0	0	0	0	0	3
63	30	0	0.780264518	112.503958	113.481468	110.460667	118.017194	7.55652679	0	0	0	0	0	3
64	31	0	0.792649669	112.626652	113.382594	110.460667	118.017194	7.55652679	0	0	0	0	0	3
65	31	0	0.80503482	112.994408	113.260087	110.460667	116.387708	5.92704033	0	0	0	0	0	3
66	32	0	0.817419971	112.685106	113.199347	110.460667	116.387708	5.92704033	0	0	0	0	0	3
67	32	0	0.829805122	112.65375	113.118152	110.460667	116.387708	5.92704033	0	0	0	0	0	3
68	32	0	0.842190273	112.407856	113.021082	110.460667	115.405398	4.94473063	0	0	0	0	0	3
69	33	0	0.854575424	112.806009	112.964629	110.460667	115.405398	4.94473063	0	0	0	0	0	3
70	33	0	0.866960575	111.846693	112.893209	110.460667	115.405398	4.94473063	0	0	0	0	0	3
71	34	0	0.879345726	112.135772	112.826681	110.460667	115.405398	4.94473063	0	0	0	0	0	3
72	34	0	0.891730877	111.712871	112.736619	110.460667	115.215171	4.75450361	0	0	0	0	0	3
73	34	0	0.904116028	111.5485	112.649274	110.460667	115.215171	4.75450361	0	0	0	0	0	3
74	35	0	0.916501179	111.017305	112.560405	110.460667	115.215171	4.75450361	0	0	0	0	0	3
75	35	0	0.92888633	110.621865	112.459158	110.460667	115.215171	4.75450361	0	0	0	0	0	3
76	36	0	0.941271482	111.214743	112.361587	110.460667	115.048408	4.58774051	0	0	0	0	0	3
77	36	0	0.953656633	111.416528	112.273005	110.460667	114.183565	3.72289766	0	0	0	0	0	3
78	36	0	0.966041784	111.647263	112.211144	110.460667	113.963828	3.50316077	0	0	0	0	0	3
79	37	0	0.978426935	110.778277	112.145106	110.460667	113.963828	3.50316077	0	0	0	0	0	3
80	37	0	0.990812086	111.106855	112.090244	110.460667	113.963828	3.50316077	0	0	0	0	0	3
81	37	0	1.00319724	110.78258	112.032956	110.460667	113.963828	3.50316077	6.07679852	0	100	0	0	3
