Iteration	CPUTime	PhysTime	Travels	Value	AvValue	MinValue	MaxValue	Delta	Criteria	PrevAvRefValue	Progress	CriteriaType	CriteriaVarType	CriteriaPercentage
1	3	0	0.0123851511	0	0	0	0	0	0	0	0	0	0	3
2	3	0	0.0247703021	0	0	0	0	0	0	0	0	0	0	3
3	4	0	0.0371554532	0	0	0	0	0	0	0	0	0	0	3
4	5	0	0.0495406043	0	0	0	0	0	0	0	0	0	0	3
5	5	0	0.0619257554	0	0	0	0	0	0	0	0	0	0	3
6	6	0	0.0743109064	0	0	0	0	0	0	0	0	0	0	3
7	6	0	0.0866960575	0	0	0	0	0	0	0	0	0	0	3
8	7	0	0.0990812086	0	0	0	0	0	0	0	0	0	0	3
9	7	0	0.11146636	0	0	0	0	0	0	0	0	0	0	3
10	8	0	0.123851511	0	0	0	0	0	0	0	0	0	0	3
11	8	0	0.136236662	0	0	0	0	0	0	0	0	0	0	3
12	9	0	0.148621813	0	0	0	0	0	0	0	0	0	0	3
13	9	0	0.161006964	0	0	0	0	0	0	0	0	0	0	3
14	10	0	0.173392115	0	0	0	0	0	0	0	0	0	0	3
15	10	0	0.185777266	0	0	0	0	0	0	0	0	0	0	3
16	11	0	0.198162417	0	0	0	0	0	0	0	0	0	0	3
17	12	0	0.210547568	0	0	0	0	0	0	0	0	0	0	3
18	12	0	0.222932719	0	0	0	0	0	0	0	0	0	0	3
19	13	0	0.23531787	0	0	0	0	0	0	0	0	0	0	3
20	14	0	0.247703021	0	0	0	0	0	0	0	0	0	0	3
21	14	0	0.260088173	0	0	0	0	0	0	0	0	0	0	3
22	14	0	0.272473324	0	0	0	0	0	0	0	0	0	0	3
23	15	0	0.284858475	0	0	0	0	0	0	0	0	0	0	3
24	15	0	0.297243626	0	0	0	0	0	0	0	0	0	0	3
25	16	0	0.309628777	0	0	0	0	0	0	0	0	0	0	3
26	16	0	0.322013928	0	0	0	0	0	0	0	0	0	0	3
27	16	0	0.334399079	0	0	0	0	0	0	0	0	0	0	3
28	17	0	0.34678423	0	0	0	0	0	0	0	0	0	0	3
29	17	0	0.359169381	0	0	0	0	0	0	0	0	0	0	3
30	18	0	0.371554532	0	0	0	0	0	0	0	0	0	0	3
31	18	0	0.383939683	0	0	0	0	0	0	0	0	0	0	3
32	18	0	0.396324834	0	0	0	0	0	0	0	0	0	0	3
33	19	0	0.408709985	0	0	0	0	0	0	0	0	0	0	3
34	19	0	0.421095136	0	0	0	0	0	0	0	0	0	0	3
35	19	0	0.433480288	0	0	0	0	0	0	0	0	0	0	3
36	20	0	0.445865439	0	0	0	0	0	0	0	0	0	0	3
37	20	0	0.45825059	0	0	0	0	0	0	0	0	0	0	3
38	21	0	0.470635741	0	0	0	0	0	0	0	0	0	0	3
39	21	0	0.483020892	0	0	0	0	0	0	0	0	0	0	3
40	22	0	0.495406043	0	0	0	0	0	0	0	0	0	0	3
41	22	0	0.507791194	0	0	0	0	0	0	0	0	0	0	3
42	22	0	0.520176345	0	0	0	0	0	0	0	0	0	0	3
43	23	0	0.532561496	0	0	0	0	0	0	0	0	0	0	3
44	23	0	0.544946647	0	0	0	0	0	0	0	0	0	0	3
45	23	0	0.557331798	0	0	0	0	0	0	0	0	0	0	3
46	24	0	0.569716949	0	0	0	0	0	0	0	0	0	0	3
47	24	0	0.5821021	0	0	0	0	0	0	0	0	0	0	3
48	25	0	0.594487252	0	0	0	0	0	0	0	0	0	0	3
49	25	0	0.606872403	0	0	0	0	0	0	0	0	0	0	3
50	25	0	0.619257554	0	0	0	0	0	0	0	0	0	0	3
51	26	0	0.631642705	0	0	0	0	0	0	0	0	0	0	3
52	26	0	0.644027856	0	0	0	0	0	0	0	0	0	0	3
53	27	0	0.656413007	0	0	0	0	0	0	0	0	0	0	3
54	27	0	0.668798158	0	0	0	0	0	0	0	0	0	0	3
55	27	0	0.681183309	0	0	0	0	0	0	0	0	0	0	3
56	28	0	0.69356846	0	0	0	0	0	0	0	0	0	0	3
57	28	0	0.705953611	0	0	0	0	0	0	0	0	0	0	3
58	28	0	0.718338762	0	0	0	0	0	0	0	0	0	0	3
59	29	0	0.730723913	0	0	0	0	0	0	0	0	0	0	3
60	29	0	0.743109064	0	0	0	0	0	0	0	0	0	0	3
61	30	0	0.755494215	0	0	0	0	0	0	0	0	0	0	3
62	30	0	0.767879367	0	0	0	0	0	0	0	0	0	0	3
63	30	0	0.780264518	0	0	0	0	0	0	0	0	0	0	3
64	31	0	0.792649669	0	0	0	0	0	0	0	0	0	0	3
65	31	0	0.80503482	0	0	0	0	0	0	0	0	0	0	3
66	32	0	0.817419971	0	0	0	0	0	0	0	0	0	0	3
67	32	0	0.829805122	0	0	0	0	0	0	0	0	0	0	3
68	32	0	0.842190273	0	0	0	0	0	0	0	0	0	0	3
69	33	0	0.854575424	0	0	0	0	0	0	0	0	0	0	3
70	33	0	0.866960575	0	0	0	0	0	0	0	0	0	0	3
71	34	0	0.879345726	0	0	0	0	0	0	0	0	0	0	3
72	34	0	0.891730877	0	0	0	0	0	0	0	0	0	0	3
73	34	0	0.904116028	0	0	0	0	0	0	0	0	0	0	3
74	35	0	0.916501179	0	0	0	0	0	0	0	0	0	0	3
75	35	0	0.92888633	0	0	0	0	0	0	0	0	0	0	3
76	36	0	0.941271482	0	0	0	0	0	0	0	0	0	0	3
77	36	0	0.953656633	0	0	0	0	0	0	0	0	0	0	3
78	36	0	0.966041784	0	0	0	0	0	0	0	0	0	0	3
79	37	0	0.978426935	0	0	0	0	0	0	0	0	0	0	3
80	37	0	0.990812086	0	0	0	0	0	0	0	0	0	0	3
81	37	0	1.00319724	0	0	0	0	0	5e-06	0	0	0	0	3
