Iteration	CPUTime	PhysTime	Travels	Value	AvValue	MinValue	MaxValue	Delta	Criteria	PrevAvRefValue	Progress	CriteriaType	CriteriaVarType	CriteriaPercentage
1	3	0	0.0120262118	2101.39013	2101.39013	2101.39013	2101.39013	0	0	0	0	0	0	3
2	4	0	0.0240524236	182.683546	1142.03684	182.683546	2101.39013	959.353294	0	0	0	0	0	3
3	4	0	0.0360786354	101.910453	795.328044	101.910453	2101.39013	1306.06209	0	0	0	0	0	3
4	5	0	0.0481048472	59.0585284	611.260665	59.0585284	2101.39013	1490.12947	0	0	0	0	0	3
5	5	0	0.060131059	76.1570866	504.239949	59.0585284	2101.39013	1597.15018	0	0	0	0	0	3
6	6	0	0.0721572708	57.5342004	429.788991	57.5342004	2101.39013	1671.60114	0	0	0	0	0	3
7	6	0	0.0841834826	64.9102217	377.663453	57.5342004	2101.39013	1723.72668	0	0	0	0	0	3
8	6	0	0.0962096944	56.0249171	337.458636	56.0249171	2101.39013	1763.9315	0	0	0	0	0	3
9	7	0	0.108235906	57.5397078	306.356533	56.0249171	2101.39013	1795.0336	0	0	0	0	0	3
10	7	0	0.120262118	52.7478017	280.99566	52.7478017	2101.39013	1820.39447	0	0	0	0	0	3
11	8	0	0.13228833	51.0881051	260.094973	51.0881051	2101.39013	1841.29516	0	0	0	0	0	3
12	8	0	0.144314542	48.7820359	242.485561	48.7820359	2101.39013	1858.90457	0	0	0	0	0	3
13	9	0	0.156340753	48.818588	227.588102	48.7820359	2101.39013	1873.80203	0	0	0	0	0	3
14	9	0	0.168366965	48.4671993	214.793752	48.4671993	2101.39013	1886.59638	0	0	0	0	0	3
15	10	0	0.180393177	47.9917431	203.673618	47.9917431	2101.39013	1897.71652	0	0	0	0	0	3
16	10	0	0.192419389	47.7112028	193.925967	47.7112028	2101.39013	1907.46417	0	0	0	0	0	3
17	10	0	0.204445601	47.6112171	185.319217	47.6112171	2101.39013	1916.07092	0	0	0	0	0	3
18	11	0	0.216471812	47.5412064	177.664883	47.5412064	2101.39013	1923.72525	0	0	0	0	0	3
19	11	0	0.228498024	46.9612079	170.785742	46.9612079	2101.39013	1930.60439	0	0	0	0	0	3
20	12	0	0.240524236	47.1315396	164.603032	46.9612079	2101.39013	1936.7871	0	0	0	0	0	3
21	12	0	0.252550448	46.5267916	158.980354	46.5267916	2101.39013	1942.40978	0	0	0	0	0	3
22	13	0	0.26457666	46.4508181	153.865375	46.4508181	2101.39013	1947.52476	0	0	0	0	0	3
23	14	0	0.276602871	45.94155	149.173035	45.94155	2101.39013	1952.2171	0	0	0	0	0	3
24	15	0	0.288629083	46.1773063	144.881546	45.94155	2101.39013	1956.50859	0	0	0	0	0	3
25	15	0	0.300655295	45.4492869	140.904256	45.4492869	2101.39013	1960.48588	0	0	0	0	0	3
26	16	0	0.312681507	45.1922788	137.223026	45.1922788	2101.39013	1964.16711	0	0	0	0	0	3
27	16	0	0.324707719	45.2838499	133.817871	45.1922788	2101.39013	1967.57226	0	0	0	0	0	3
28	17	0	0.33673393	46.0896249	130.68472	45.1922788	2101.39013	1970.70541	0	0	0	0	0	3
29	17	0	0.348760142	46.3168741	127.775484	45.1922788	2101.39013	1973.61465	0	0	0	0	0	3
30	17	0	0.360786354	46.2225611	125.057053	45.1922788	2101.39013	1976.33308	0	0	0	0	0	3
31	18	0	0.372812566	46.37702	122.518987	45.1922788	2101.39013	1978.87115	0	0	0	0	0	3
32	18	0	0.384838778	46.0085728	120.128037	45.1922788	2101.39013	1981.2621	0	0	0	0	0	3
33	19	0	0.396864989	46.1151395	117.885222	45.1922788	2101.39013	1983.50491	0	0	0	0	0	3
34	19	0	0.408891201	46.311342	115.780108	45.1922788	2101.39013	1985.61003	0	0	0	0	0	3
35	20	0	0.420917413	47.7595732	113.836664	45.1922788	2101.39013	1987.55347	0	0	0	0	0	3
36	20	0	0.432943625	48.2955492	112.016077	45.1922788	2101.39013	1989.37406	0	0	0	0	0	3
37	21	0	0.444969837	48.8914204	110.310005	45.1922788	2101.39013	1991.08013	0	0	0	0	0	3
38	21	0	0.456996049	49.3423886	108.705594	45.1922788	2101.39013	1992.68454	0	0	0	0	0	3
39	22	0	0.46902226	48.4910704	107.161632	45.1922788	2101.39013	1994.2285	0	0	0	0	0	3
40	22	0	0.481048472	48.3701798	105.691846	45.1922788	2101.39013	1995.69829	0	0	0	0	0	3
41	23	0	0.493074684	48.6830276	104.301387	45.1922788	2101.39013	1997.08875	0	0	0	0	0	3
42	23	0	0.505100896	48.2792827	102.967527	45.1922788	2101.39013	1998.42261	0	0	0	0	0	3
43	24	0	0.517127108	48.4737912	54.0885668	45.1922788	182.683546	137.491267	0	0	0	0	0	3
44	24	0	0.529153319	48.8340983	50.9016752	45.1922788	101.910453	56.7181738	0	0	0	0	0	3
45	25	0	0.541179531	49.0052299	49.6420271	45.1922788	76.1570866	30.9648078	0	0	0	0	0	3
46	25	0	0.553205743	49.154363	49.4062136	45.1922788	76.1570866	30.9648078	0	0	0	0	0	3
47	25	0	0.565231955	49.4850747	48.7711657	45.1922788	64.9102217	19.7179429	0	0	0	0	0	3
48	26	0	0.577258167	49.3383859	48.5760272	45.1922788	64.9102217	19.7179429	0	0	0	0	0	3
49	26	0	0.589284378	49.6573524	48.2128637	45.1922788	57.5397078	12.347429	0	0	0	0	0	3
50	27	0	0.60131059	49.5662955	48.059087	45.1922788	57.5397078	12.347429	0	0	0	0	0	3
51	27	0	0.613336802	50.0814451	47.8815093	45.1922788	52.7478017	7.55552291	0	0	0	0	0	3
52	28	0	0.625363014	49.9370738	47.8145872	45.1922788	51.0881051	5.89582634	0	0	0	0	0	3
53	28	0	0.637389226	50.0690438	47.7903238	45.1922788	50.0814451	4.88916629	0	0	0	0	0	3
54	29	0	0.649415437	50.015086	47.8196822	45.1922788	50.0814451	4.88916629	0	0	0	0	0	3
55	29	0	0.661441649	50.1186973	47.8506372	45.1922788	50.1186973	4.92641854	0	0	0	0	0	3
56	30	0	0.673467861	50.2498867	47.8930821	45.1922788	50.2498867	5.05760794	0	0	0	0	0	3
57	30	0	0.685494073	50.4794536	47.9523133	45.1922788	50.4794536	5.28717479	0	0	0	0	0	3
58	31	0	0.697520285	50.8358132	48.0267088	45.1922788	50.8358132	5.64353438	0	0	0	0	0	3
59	32	0	0.709546496	50.7086729	48.1004577	45.1922788	50.8358132	5.64353438	0	0	0	0	0	3
60	32	0	0.721572708	50.9206609	48.1809209	45.1922788	50.9206609	5.72838215	0	0	0	0	0	3
61	33	0	0.73359892	50.7198077	48.2704114	45.1922788	50.9206609	5.72838215	0	0	0	0	0	3
62	33	0	0.745625132	51.1945383	48.3671495	45.1922788	51.1945383	6.00225947	0	0	0	0	0	3
63	34	0	0.757651344	51.5052941	48.4856853	45.1922788	51.5052941	6.31301532	0	0	0	0	0	3
64	34	0	0.769677555	51.7176669	48.6110864	45.1922788	51.7176669	6.5253881	0	0	0	0	0	3
65	34	0	0.781703767	51.3997233	48.7410429	45.1922788	51.7176669	6.5253881	0	0	0	0	0	3
66	35	0	0.793729979	51.3912379	48.8651842	45.1922788	51.7176669	6.5253881	0	0	0	0	0	3
67	35	0	0.805756191	51.1815153	49.0016658	45.1922788	51.7176669	6.5253881	0	0	0	0	0	3
68	36	0	0.817782403	51.0322004	49.1407115	45.2838499	51.7176669	6.43381704	0	0	0	0	0	3
69	36	0	0.829808614	51.0973011	49.279127	46.0085728	51.7176669	5.70909413	0	0	0	0	0	3
70	37	0	0.841834826	51.5558971	49.4092764	46.0085728	51.7176669	5.70909413	0	0	0	0	0	3
71	37	0	0.853861038	51.5380368	49.5335898	46.0085728	51.7176669	5.70909413	0	0	0	0	0	3
72	38	0	0.86588725	51.5666474	49.6608299	46.0085728	51.7176669	5.70909413	0	0	0	0	0	3
73	38	0	0.877913462	51.6096103	49.7854154	46.0085728	51.7176669	5.70909413	0	0	0	0	0	3
74	39	0	0.889939673	51.4004598	49.9137937	46.1151395	51.7176669	5.60252741	0	0	0	0	0	3
75	39	0	0.901965885	50.8837741	50.0273326	46.311342	51.7176669	5.40632494	0	0	0	0	0	3
76	40	0	0.913992097	51.0046952	50.1390791	47.7595732	51.7176669	3.95809365	0	0	0	0	0	3
77	40	0	0.926018309	50.8781002	50.2133297	48.2792827	51.7176669	3.43838424	0	0	0	0	0	3
78	40	0	0.938044521	51.108149	50.2802964	48.2792827	51.7176669	3.43838424	0	0	0	0	0	3
79	41	0	0.950070732	50.1933143	50.3112939	48.2792827	51.7176669	3.43838424	0	0	0	0	0	3
80	41	0	0.962096944	51.2264794	50.3561532	48.2792827	51.7176669	3.43838424	0	0	0	0	0	3
81	42	0	0.974123156	51.1929682	50.4204841	48.2792827	51.7176669	3.43838424	0	0	0	0	0	3
82	42	0	0.986149368	51.4906622	50.4947813	48.2792827	51.7176669	3.43838424	0	0	0	0	0	3
83	43	0	0.99817558	51.3888582	50.5592058	48.2792827	51.7176669	3.43838424	0	0	0	0	0	3
84	43	0	1.01020179	51.5856363	50.6379285	48.4737912	51.7176669	3.24387568	1.70154521	0	52.4	0	0	3
85	44	0	1.022228	51.3563184	50.7065601	48.8340983	51.7176669	2.88356861	1.70154521	0	59	0	0	3
86	44	0	1.03425422	51.0590269	50.7595346	49.0052299	51.7176669	2.71243703	1.70154521	0	62.7	0	0	3
87	44	0	1.04628043	50.6543301	50.7987989	49.154363	51.7176669	2.56330394	1.70154521	0	66.3	0	0	3
88	45	0	1.05830664	50.3498802	50.8272636	49.3383859	51.7176669	2.37928101	1.70154521	0	71.5	0	0	3
89	46	0	1.07033285	50.3859178	50.8487122	49.3383859	51.7176669	2.37928101	1.70154521	0	71.5	0	0	3
90	47	0	1.08235906	50.6573193	50.8801154	49.5662955	51.7176669	2.15137135	1.70154521	0	79	0	0	3
91	47	0	1.09438527	51.0388847	50.913009	49.5662955	51.7176669	2.15137135	1.70154521	0	79	0	0	3
92	47	0	1.10641149	51.2400592	50.9528606	49.9370738	51.7176669	1.78059315	1.70154521	0	95.5	0	0	3
93	48	0	1.1184377	51.4416654	50.9852468	49.9370738	51.7176669	1.78059315	1.70154521	0	95.5	0	0	3
94	48	0	1.13046391	51.0618571	51.0120273	50.015086	51.7176669	1.70258086	1.70154521	0	99.9	0	0	3
95	49	0	1.14249012	50.9595329	51.0332294	50.015086	51.7176669	1.70258086	1.70154521	0	99.9	0	0	3
96	49	0	1.15451633	50.7431915	51.0505653	50.1186973	51.7176669	1.59896956	1.70154521	0	100	0	0	3
97	50	0	1.16654254	51.5806828	51.0853745	50.1933143	51.7176669	1.52435255	1.70154521	0	100	0	0	3
98	50	0	1.17856876	51.8557401	51.1236091	50.1933143	51.8557401	1.66242575	1.70154521	0	100	0	0	3
99	51	0	1.19059497	51.9984512	51.1597757	50.1933143	51.9984512	1.80513687	1.70154521	0	94.2	0	0	3
100	51	0	1.20262118	51.530354	51.1763124	50.1933143	51.9984512	1.80513687	1.70154521	0	94.2	0	0	3
101	52	0	1.21464739	51.6003538	51.1975429	50.1933143	51.9984512	1.80513687	1.70154521	0	94.2	0	0	3
102	53	0	1.2266736	51.2017062	51.2042344	50.1933143	51.9984512	1.80513687	1.70154521	0	94.2	0	0	3
103	53	0	1.23869982	51.3551958	51.2193627	50.1933143	51.9984512	1.80513687	1.70154521	0	94.2	0	0	3
104	54	0	1.25072603	51.2387648	51.2204157	50.1933143	51.9984512	1.80513687	1.70154521	0	94.2	0	0	3
105	54	0	1.26275224	51.3537664	51.2168079	50.1933143	51.9984512	1.80513687	1.70154521	0	94.2	0	0	3
106	54	0	1.27477845	51.4452159	51.210321	50.1933143	51.9984512	1.80513687	1.70154521	0	94.2	0	0	3
107	55	0	1.28680466	51.6527487	51.2163454	50.1933143	51.9984512	1.80513687	1.70154521	0	94.2	0	0	3
108	55	0	1.29883087	51.2527523	51.2130481	50.1933143	51.9984512	1.80513687	1.70154521	0	94.2	0	0	3
109	56	0	1.31085709	51.6068322	51.2231747	50.1933143	51.9984512	1.80513687	1.70154521	0	94.2	0	0	3
110	56	0	1.3228833	51.6056249	51.2368277	50.1933143	51.9984512	1.80513687	1.70154521	0	94.2	0	0	3
111	57	0	1.33490951	51.8221861	51.2540868	50.1933143	51.9984512	1.80513687	1.70154521	0	94.2	0	0	3
112	57	0	1.34693572	51.347109	51.2491157	50.1933143	51.9984512	1.72049707	1.70154521	0	98.8	0	0	3
113	58	0	1.35896193	51.4457159	51.2469176	50.1933143	51.9984512	1.59325692	1.70154521	0	100	0	0	3
114	58	0	1.37098815	51.1351526	51.2366439	50.1933143	51.9984512	1.46867143	1.70154521	0	100	0	0	3
115	59	0	1.38301436	51.1491891	51.2256815	50.1933143	51.9984512	1.34029317	1.70154521	0	100	0	0	3
116	59	0	1.39504057	51.2105126	51.2211589	50.1933143	51.9984512	1.22675425	1.70154521	0	100	0	0	3
117	60	0	1.40706678	51.4023195	51.2335053	50.1933143	51.9984512	1.11500775	1.70154521	0	100	0	0	3
118	60	0	1.41909299	51.377943	51.2423921	50.1933143	51.9984512	1.0407571	1.70154521	0	100	0	0	3
119	60	0	1.4311192	51.2304861	51.2507822	50.1933143	51.9984512	0.973790443	1.70154521	0	100	0	0	3
120	61	0	1.44314542	51.0624691	51.2496946	50.1933143	51.9984512	0.942792968	1.70154521	0	100	0	0	3
121	61	0	1.45517163	51.0759181	51.270709	50.3498802	51.9984512	0.914555828	1.70154521	0	100	0	0	3
122	62	0	1.46719784	51.1775237	51.2695434	50.3498802	51.9984512	0.850224929	1.70154521	0	100	0	0	3
123	62	0	1.47922405	51.4199515	51.2749478	50.3498802	51.9984512	0.780166483	1.70154521	0	100	0	0	3
124	63	0	1.49125026	51.3885062	51.2725155	50.3498802	51.9984512	0.715741946	1.70154521	0	100	0	0	3
125	63	0	1.50327648	51.2319223	51.2687789	50.3498802	51.9984512	0.63701924	1.70154521	0	100	0	0	3
