Iteration	CPUTime	PhysTime	Travels	Value	AvValue	MinValue	MaxValue	Delta	Criteria	PrevAvRefValue	Progress	CriteriaType	CriteriaVarType	CriteriaPercentage
1	4	0	0.0120050342	-2706.60709	-2706.60709	-2706.60709	-2706.60709	0	0	0	0	0	0	3
2	4	0	0.0240100683	-306.948522	-1506.77781	-2706.60709	-306.948522	1199.82929	0	0	0	0	0	3
3	5	0	0.0360151025	-101.51181	-1038.35581	-2706.60709	-101.51181	1668.25128	0	0	0	0	0	3
4	6	0	0.0480201366	-57.0701127	-793.034385	-2706.60709	-57.0701127	1913.57271	0	0	0	0	0	3
5	7	0	0.0600251708	-74.1086217	-649.249232	-2706.60709	-57.0701127	2057.35786	0	0	0	0	0	3
6	8	0	0.0720302049	-66.2292368	-552.079233	-2706.60709	-57.0701127	2154.52786	0	0	0	0	0	3
7	8	0	0.0840352391	-69.5677192	-483.149017	-2706.60709	-57.0701127	2223.45808	0	0	0	0	0	3
8	9	0	0.0960402732	-62.4663172	-430.563679	-2706.60709	-57.0701127	2276.04341	0	0	0	0	0	3
9	10	0	0.108045307	-64.7050203	-389.912717	-2706.60709	-57.0701127	2316.69438	0	0	0	0	0	3
10	11	0	0.120050342	-58.6863917	-356.790085	-2706.60709	-57.0701127	2349.81701	0	0	0	0	0	3
11	12	0	0.132055376	-60.4001926	-329.845549	-2706.60709	-57.0701127	2376.76154	0	0	0	0	0	3
12	13	0	0.14406041	-56.2926765	-307.049476	-2706.60709	-56.2926765	2399.55762	0	0	0	0	0	3
13	13	0	0.156065444	-58.6823865	-287.944315	-2706.60709	-56.2926765	2418.66278	0	0	0	0	0	3
14	14	0	0.168070478	-54.8982663	-271.298169	-2706.60709	-54.8982663	2435.30892	0	0	0	0	0	3
15	15	0	0.180075512	-57.3225015	-257.033125	-2706.60709	-54.8982663	2449.57397	0	0	0	0	0	3
16	16	0	0.192080546	-54.0389144	-244.345986	-2706.60709	-54.0389144	2462.26111	0	0	0	0	0	3
17	17	0	0.204085581	-55.5265827	-233.238963	-2706.60709	-54.0389144	2473.36813	0	0	0	0	0	3
18	18	0	0.216090615	-53.0776475	-223.230001	-2706.60709	-53.0776475	2483.37709	0	0	0	0	0	3
19	18	0	0.228095649	-54.1627732	-214.331726	-2706.60709	-53.0776475	2492.27537	0	0	0	0	0	3
20	19	0	0.240100683	-52.5355394	-206.241916	-2706.60709	-52.5355394	2500.36518	0	0	0	0	0	3
21	20	0	0.252105717	-52.9314209	-198.941417	-2706.60709	-52.5355394	2507.66568	0	0	0	0	0	3
22	21	0	0.264110751	-52.1102616	-192.267273	-2706.60709	-52.1102616	2514.33982	0	0	0	0	0	3
23	22	0	0.276115786	-51.9551336	-186.166745	-2706.60709	-51.9551336	2520.44035	0	0	0	0	0	3
24	23	0	0.28812082	-51.4855312	-180.555028	-2706.60709	-51.4855312	2526.05207	0	0	0	0	0	3
25	24	0	0.300125854	-51.250395	-175.382843	-2706.60709	-51.250395	2531.22425	0	0	0	0	0	3
26	25	0	0.312130888	-50.7456092	-170.589103	-2706.60709	-50.7456092	2536.01799	0	0	0	0	0	3
27	25	0	0.324135922	-50.412418	-166.138115	-2706.60709	-50.412418	2540.46898	0	0	0	0	0	3
28	26	0	0.336140956	-50.1746916	-161.996564	-2706.60709	-50.1746916	2544.61053	0	0	0	0	0	3
29	27	0	0.34814599	-49.6291394	-158.121825	-2706.60709	-49.6291394	2548.48527	0	0	0	0	0	3
30	28	0	0.360151025	-49.3997271	-154.497755	-2706.60709	-49.3997271	2552.10934	0	0	0	0	0	3
31	29	0	0.372156059	-48.9159686	-151.091891	-2706.60709	-48.9159686	2555.5152	0	0	0	0	0	3
32	30	0	0.384161093	-48.3618783	-147.881578	-2706.60709	-48.3618783	2558.72552	0	0	0	0	0	3
33	31	0	0.396166127	-47.8446232	-144.850155	-2706.60709	-47.8446232	2561.75694	0	0	0	0	0	3
34	31	0	0.408171161	-47.4082459	-141.984217	-2706.60709	-47.4082459	2564.62288	0	0	0	0	0	3
35	32	0	0.420176195	-47.0546019	-139.271942	-2706.60709	-47.0546019	2567.33515	0	0	0	0	0	3
36	33	0	0.43218123	-46.3165407	-136.689848	-2706.60709	-46.3165407	2569.91725	0	0	0	0	0	3
37	34	0	0.444186264	-46.104216	-134.241587	-2706.60709	-46.104216	2572.36551	0	0	0	0	0	3
38	35	0	0.456191298	-45.8873444	-131.916476	-2706.60709	-45.8873444	2574.69062	0	0	0	0	0	3
39	36	0	0.468196332	-45.6597443	-129.704765	-2706.60709	-45.6597443	2576.90233	0	0	0	0	0	3
40	37	0	0.480201366	-45.5255619	-127.600284	-2706.60709	-45.5255619	2579.00681	0	0	0	0	0	3
41	38	0	0.4922064	-45.410527	-125.595656	-2706.60709	-45.410527	2581.01144	0	0	0	0	0	3
42	39	0	0.504211434	-45.3594628	-123.685271	-2706.60709	-45.3594628	2582.92182	0	0	0	0	0	3
43	40	0	0.516216469	-45.2421492	-60.3194387	-306.948522	-45.2421492	261.706373	0	0	0	0	0	3
44	41	0	0.528221503	-45.1890449	-54.0870702	-101.51181	-45.1890449	56.3227655	0	0	0	0	0	3
45	41	0	0.540226537	-45.0867024	-52.7436152	-74.1086217	-45.0867024	29.0219193	0	0	0	0	0	3
46	42	0	0.552231571	-44.9534982	-52.4551244	-74.1086217	-44.9534982	29.1551236	0	0	0	0	0	3
47	43	0	0.564236605	-44.8874055	-51.7593812	-69.5677192	-44.8874055	24.6803137	0	0	0	0	0	3
48	44	0	0.576241639	-44.8285648	-51.2498413	-69.5677192	-44.8285648	24.7391544	0	0	0	0	0	3
49	45	0	0.588246674	-44.7328897	-50.6585359	-64.7050203	-44.7328897	19.9721306	0	0	0	0	0	3
50	46	0	0.600251708	-44.6723185	-50.2348692	-64.7050203	-44.6723185	20.0327018	0	0	0	0	0	3
51	47	0	0.612256742	-44.6080341	-49.7563696	-60.4001926	-44.6080341	15.7921585	0	0	0	0	0	3
52	48	0	0.624261776	-44.564491	-49.4201338	-60.4001926	-44.564491	15.8357016	0	0	0	0	0	3
53	49	0	0.63626681	-44.4544607	-49.0404736	-58.6823865	-44.4544607	14.2279258	0	0	0	0	0	3
54	49	0	0.648271844	-44.4167253	-48.7577128	-58.6823865	-44.4167253	14.2656612	0	0	0	0	0	3
55	50	0	0.660276878	-44.3671192	-48.4168731	-57.3225015	-44.3671192	12.9553823	0	0	0	0	0	3
56	51	0	0.672281913	-44.3689168	-48.1661743	-57.3225015	-44.3671192	12.9553823	0	0	0	0	0	3
57	52	0	0.684286947	-44.3504034	-47.8573148	-55.5265827	-44.3504034	11.1761792	0	0	0	0	0	3
58	53	0	0.696291981	-44.342097	-47.6264382	-55.5265827	-44.342097	11.1844856	0	0	0	0	0	3
59	54	0	0.708297015	-44.3022394	-47.359192	-54.1627732	-44.3022394	9.8605338	0	0	0	0	0	3
60	55	0	0.720302049	-44.3334697	-47.1509973	-54.1627732	-44.3022394	9.8605338	0	0	0	0	0	3
61	56	0	0.732307083	-44.2865079	-46.9158481	-52.9314209	-44.2865079	8.64491307	0	0	0	0	0	3
62	57	0	0.744312118	-44.2942812	-46.7196277	-52.9314209	-44.2865079	8.64491307	0	0	0	0	0	3
63	58	0	0.756317152	-44.2826865	-46.5137054	-52.1102616	-44.2826865	7.8275751	0	0	0	0	0	3
64	59	0	0.768322186	-44.2341935	-46.32618	-51.9551336	-44.2341935	7.72094011	0	0	0	0	0	3
65	59	0	0.78032722	-44.2187213	-46.1419797	-51.4855312	-44.2187213	7.26680992	0	0	0	0	0	3
66	60	0	0.792332254	-44.2580017	-45.9698956	-51.250395	-44.2187213	7.03167374	0	0	0	0	0	3
67	61	0	0.804337288	-44.2168577	-45.8024305	-50.7456092	-44.2168577	6.5287515	0	0	0	0	0	3
68	62	0	0.816342322	-44.2306957	-45.6473135	-50.412418	-44.2168577	6.19556025	0	0	0	0	0	3
69	63	0	0.828347357	-44.2074223	-45.4995755	-50.1746916	-44.2074223	5.96726933	0	0	0	0	0	3
70	64	0	0.840352391	-44.2709385	-45.3590099	-49.6291394	-44.2074223	5.42171709	0	0	0	0	0	3
71	65	0	0.852357425	-44.2588637	-45.2311462	-49.3997271	-44.2074223	5.19230478	0	0	0	0	0	3
72	65	0	0.864362459	-44.3364505	-45.110592	-48.9159686	-44.2074223	4.70854626	0	0	0	0	0	3
73	66	0	0.876367493	-44.2895202	-45.0004385	-48.3618783	-44.2074223	4.15445598	0	0	0	0	0	3
74	67	0	0.888372527	-44.3278988	-44.9043914	-47.8446232	-44.2074223	3.63720095	0	0	0	0	0	3
75	68	0	0.900377562	-44.3263756	-44.8206236	-47.4082459	-44.2074223	3.20082356	0	0	0	0	0	3
76	69	0	0.912382596	-44.3053146	-44.7467442	-47.0546019	-44.2074223	2.84717964	0	0	0	0	0	3
77	70	0	0.92438763	-44.3043279	-44.6812615	-46.3165407	-44.2074223	2.1091184	0	0	0	0	0	3
78	70	0	0.936392664	-44.2773948	-44.6327104	-46.104216	-44.2074223	1.89679369	0	0	0	0	0	3
79	71	0	0.948397698	-44.2717527	-44.5890804	-45.8873444	-44.2074223	1.67992211	0	0	0	0	0	3
80	72	0	0.960402732	-44.2205058	-44.5493937	-45.6597443	-44.2074223	1.45232204	0	0	0	0	0	3
81	73	0	0.972407766	-44.2613678	-44.5160991	-45.5255619	-44.2074223	1.31813962	0	0	0	0	0	3
82	74	0	0.984412801	-44.2321836	-44.4853043	-45.410527	-44.2074223	1.20310474	0	0	0	0	0	3
83	74	0	0.996417835	-44.213367	-44.4568005	-45.3594628	-44.2074223	1.15204049	0	0	0	0	0	3
84	75	0	1.00842287	-44.2132926	-44.4295108	-45.2421492	-44.2074223	1.03472687	1.71913165	0	100	0	0	3
85	76	0	1.0204279	-44.2242323	-44.4052746	-45.1890449	-44.2074223	0.981622651	1.71913165	0	100	0	0	3
86	77	0	1.03243294	-44.2262165	-44.3823501	-45.0867024	-44.2074223	0.879280153	1.71913165	0	100	0	0	3
87	78	0	1.04443797	-44.2236827	-44.3618021	-44.9534982	-44.2074223	0.746075856	1.71913165	0	100	0	0	3
88	78	0	1.05644301	-44.2185307	-44.3443028	-44.8874055	-44.2074223	0.6799832	1.71913165	0	100	0	0	3
89	79	0	1.06844804	-44.2130088	-44.3282458	-44.8285648	-44.2074223	0.62114249	1.71913165	0	100	0	0	3
90	80	0	1.08045307	-44.2064696	-44.313434	-44.7328897	-44.2064696	0.526420149	1.71913165	0	100	0	0	3
91	81	0	1.09245811	-44.1630036	-44.2998653	-44.6723185	-44.1630036	0.509314891	1.71913165	0	100	0	0	3
92	82	0	1.10446314	-44.1380553	-44.2871447	-44.6080341	-44.1380553	0.469978818	1.71913165	0	100	0	0	3
