Iteration	CPUTime	PhysTime	Travels	Value	AvValue	MinValue	MaxValue	Delta	Criteria	PrevAvRefValue	Progress	CriteriaType	CriteriaVarType	CriteriaPercentage
1	1	0	0.0119912188	2954.98467	2954.98467	2954.98467	2954.98467	0	0	0	0	0	0	3
2	2	0	0.0239824376	354.583516	1654.7841	354.583516	2954.98467	1300.20058	0	0	0	0	0	3
3	2	0	0.0359736564	141.691795	1150.42	141.691795	2954.98467	1804.56468	0	0	0	0	0	3
4	2	0	0.0479648752	87.220659	884.620161	87.220659	2954.98467	2070.36451	0	0	0	0	0	3
5	2	0	0.059956094	96.8463121	727.065391	87.220659	2954.98467	2227.91928	0	0	0	0	0	3
6	2	0	0.0719473128	112.707068	624.672338	87.220659	2954.98467	2330.31234	0	0	0	0	0	3
7	3	0	0.0839385316	116.789543	552.117653	87.220659	2954.98467	2402.86702	0	0	0	0	0	3
8	3	0	0.0959297504	126.336207	498.894972	87.220659	2954.98467	2456.0897	0	0	0	0	0	3
9	3	0	0.107920969	128.850206	457.778887	87.220659	2954.98467	2497.20579	0	0	0	0	0	3
10	3	0	0.119912188	138.158898	425.816888	87.220659	2954.98467	2529.16779	0	0	0	0	0	3
11	3	0	0.131903407	139.262505	399.766489	87.220659	2954.98467	2555.21819	0	0	0	0	0	3
12	4	0	0.143894626	139.103472	378.044571	87.220659	2954.98467	2576.9401	0	0	0	0	0	3
13	4	0	0.155885844	138.941913	359.652059	87.220659	2954.98467	2595.33262	0	0	0	0	0	3
14	4	0	0.167877063	141.664361	344.081509	87.220659	2954.98467	2610.90317	0	0	0	0	0	3
15	4	0	0.179868282	132.067491	329.947241	87.220659	2954.98467	2625.03743	0	0	0	0	0	3
16	4	0	0.191859501	139.440696	318.040582	87.220659	2954.98467	2636.94409	0	0	0	0	0	3
17	5	0	0.20385072	130.717277	307.021564	87.220659	2954.98467	2647.96311	0	0	0	0	0	3
18	5	0	0.215841938	136.700939	297.559307	87.220659	2954.98467	2657.42537	0	0	0	0	0	3
19	5	0	0.227833157	129.10681	288.693386	87.220659	2954.98467	2666.29129	0	0	0	0	0	3
20	5	0	0.239824376	130.268972	280.772166	87.220659	2954.98467	2674.21251	0	0	0	0	0	3
21	5	0	0.251815595	128.011526	273.49785	87.220659	2954.98467	2681.48683	0	0	0	0	0	3
22	6	0	0.263806814	125.109503	266.752925	87.220659	2954.98467	2688.23175	0	0	0	0	0	3
23	6	0	0.275798032	125.048078	260.591844	87.220659	2954.98467	2694.39283	0	0	0	0	0	3
24	6	0	0.287789251	123.884508	254.895705	87.220659	2954.98467	2700.08897	0	0	0	0	0	3
25	6	0	0.29978047	123.359768	249.634268	87.220659	2954.98467	2705.35041	0	0	0	0	0	3
26	7	0	0.311771689	121.873291	244.720384	87.220659	2954.98467	2710.26429	0	0	0	0	0	3
27	7	0	0.323762908	120.536639	240.120986	87.220659	2954.98467	2714.86369	0	0	0	0	0	3
28	7	0	0.335754126	119.622878	235.817482	87.220659	2954.98467	2719.16719	0	0	0	0	0	3
29	7	0	0.347745345	119.424798	231.803942	87.220659	2954.98467	2723.18073	0	0	0	0	0	3
30	7	0	0.359736564	118.946923	228.042041	87.220659	2954.98467	2726.94263	0	0	0	0	0	3
31	8	0	0.371727783	119.634238	224.545015	87.220659	2954.98467	2730.43966	0	0	0	0	0	3
32	8	0	0.383719002	119.055725	221.248475	87.220659	2954.98467	2733.7362	0	0	0	0	0	3
33	8	0	0.39571022	119.175851	218.155365	87.220659	2954.98467	2736.82931	0	0	0	0	0	3
34	8	0	0.407701439	117.970081	215.208739	87.220659	2954.98467	2739.77594	0	0	0	0	0	3
35	9	0	0.419692658	117.652263	212.421411	87.220659	2954.98467	2742.56326	0	0	0	0	0	3
36	9	0	0.431683877	116.597141	209.759626	87.220659	2954.98467	2745.22505	0	0	0	0	0	3
37	9	0	0.443675096	115.974709	207.224898	87.220659	2954.98467	2747.75978	0	0	0	0	0	3
38	9	0	0.455666314	115.472649	204.810365	87.220659	2954.98467	2750.17431	0	0	0	0	0	3
39	10	0	0.467657533	115.071598	202.509371	87.220659	2954.98467	2752.4753	0	0	0	0	0	3
40	10	0	0.479648752	114.5912	200.311417	87.220659	2954.98467	2754.67326	0	0	0	0	0	3
41	10	0	0.491639971	114.266748	198.212767	87.220659	2954.98467	2756.77191	0	0	0	0	0	3
42	10	0	0.50363119	113.95034	196.206518	87.220659	2954.98467	2758.77816	0	0	0	0	0	3
43	11	0	0.515622408	114.061334	128.565486	87.220659	354.583516	267.362857	0	0	0	0	0	3
44	11	0	0.527613627	113.957847	122.836304	87.220659	141.691795	54.4711364	0	0	0	0	0	3
45	11	0	0.539604846	113.868119	122.173835	87.220659	141.664361	54.4437023	0	0	0	0	0	3
46	11	0	0.551596065	113.613411	122.802234	96.8463121	141.664361	44.8180492	0	0	0	0	0	3
47	12	0	0.563587284	113.622719	123.201672	112.707068	141.664361	28.9572931	0	0	0	0	0	3
48	12	0	0.575578502	113.747091	123.226435	113.613411	141.664361	28.0509505	0	0	0	0	0	3
49	12	0	0.587569721	113.979074	123.159519	113.613411	141.664361	28.0509505	0	0	0	0	0	3
50	12	0	0.59956094	114.087787	122.86789	113.613411	141.664361	28.0509505	0	0	0	0	0	3
51	13	0	0.611552159	114.515135	122.526579	113.613411	141.664361	28.0509505	0	0	0	0	0	3
52	13	0	0.623543378	114.409883	121.961126	113.613411	141.664361	28.0509505	0	0	0	0	0	3
53	13	0	0.635534596	114.704531	121.376412	113.613411	141.664361	28.0509505	0	0	0	0	0	3
54	13	0	0.647525815	114.417557	120.788652	113.613411	141.664361	28.0509505	0	0	0	0	0	3
55	14	0	0.659517034	114.58116	120.208634	113.613411	141.664361	28.0509505	0	0	0	0	0	3
56	14	0	0.671508253	114.200544	119.554734	113.613411	139.440696	25.827285	0	0	0	0	0	3
57	14	0	0.683499472	114.368102	119.13332	113.613411	139.440696	25.827285	0	0	0	0	0	3
58	14	0	0.69549069	114.031225	118.528333	113.613411	136.700939	23.0875287	0	0	0	0	0	3
59	15	0	0.707481909	114.239513	118.136005	113.613411	136.700939	23.0875287	0	0	0	0	0	3
60	15	0	0.719473128	113.961981	117.594601	113.613411	130.268972	16.6555615	0	0	0	0	0	3
61	15	0	0.731464347	114.263166	117.241181	113.613411	130.268972	16.6555615	0	0	0	0	0	3
62	15	0	0.743455566	113.987862	116.853536	113.613411	128.011526	14.3981151	0	0	0	0	0	3
63	16	0	0.755446784	114.258099	116.526073	113.613411	125.109503	11.4960919	0	0	0	0	0	3
64	16	0	0.767438003	114.098824	116.263914	113.613411	125.048078	11.4346668	0	0	0	0	0	3
65	16	0	0.779429222	114.686248	116.017204	113.613411	123.884508	10.2710972	0	0	0	0	0	3
66	16	0	0.791420441	114.529449	115.794464	113.613411	123.359768	9.74635752	0	0	0	0	0	3
67	16	0	0.80341166	114.850426	115.591861	113.613411	121.873291	8.25988052	0	0	0	0	0	3
68	17	0	0.815402878	114.492526	115.416128	113.613411	120.536639	6.92322854	0	0	0	0	0	3
69	17	0	0.827394097	114.652422	115.276028	113.613411	119.634238	6.02082741	0	0	0	0	0	3
70	17	0	0.839385316	114.251003	115.148126	113.613411	119.634238	6.02082741	0	0	0	0	0	3
71	17	0	0.851376535	114.312154	115.026397	113.613411	119.634238	6.02082741	0	0	0	0	0	3
72	18	0	0.863367754	114.007015	114.90878	113.613411	119.634238	6.02082741	0	0	0	0	0	3
73	18	0	0.875358972	114.193159	114.77923	113.613411	119.175851	5.56244057	0	0	0	0	0	3
74	18	0	0.887350191	114.209563	114.663845	113.613411	119.175851	5.56244057	0	0	0	0	0	3
75	18	0	0.89934141	114.418538	114.550576	113.613411	117.970081	4.35666979	0	0	0	0	0	3
76	19	0	0.911332629	114.39993	114.465573	113.613411	117.652263	4.03885219	0	0	0	0	0	3
77	19	0	0.923323848	114.562785	114.392014	113.613411	116.597141	2.98373012	0	0	0	0	0	3
78	19	0	0.935315066	114.556341	114.343423	113.613411	115.974709	2.36129874	0	0	0	0	0	3
79	19	0	0.947306285	114.569775	114.309972	113.613411	115.472649	1.85923779	0	0	0	0	0	3
80	19	0	0.959297504	114.565024	114.288362	113.613411	115.071598	1.45818697	0	0	0	0	0	3
81	20	0	0.971288723	114.686023	114.279182	113.613411	114.850426	1.23701546	0	0	0	0	0	3
82	20	0	0.983279942	114.735841	114.282626	113.613411	114.850426	1.23701546	0	0	0	0	0	3
83	20	0	0.99527116	114.782377	114.294902	113.613411	114.850426	1.23701546	0	0	0	0	0	3
84	20	0	1.00726238	114.811122	114.315397	113.613411	114.850426	1.23701546	1.63413409	0	100	0	0	3
85	21	0	1.0192536	114.949494	114.336544	113.613411	114.949494	1.33608282	1.63413409	0	100	0	0	3
86	21	0	1.03124482	115.032917	114.362141	113.613411	115.032917	1.41950666	1.63413409	0	100	0	0	3
87	21	0	1.04323604	115.019127	114.389546	113.613411	115.032917	1.41950666	1.63413409	0	100	0	0	3
88	21	0	1.05522725	114.960032	114.421608	113.622719	115.032917	1.41019846	1.63413409	0	100	0	0	3
89	21	0	1.06721847	115.149647	114.457964	113.747091	115.149647	1.40255613	1.63413409	0	100	0	0	3
90	22	0	1.07920969	114.926838	114.486053	113.961981	115.149647	1.1876657	1.63413409	0	100	0	0	3
91	22	0	1.09120091	115.012978	114.51067	113.961981	115.149647	1.1876657	1.63413409	0	100	0	0	3
92	22	0	1.10319213	114.918586	114.530451	113.961981	115.149647	1.1876657	1.63413409	0	100	0	0	3
93	22	0	1.11518335	115.096617	114.544295	113.961981	115.149647	1.1876657	1.63413409	0	100	0	0	3
94	23	0	1.12717457	114.91779	114.556388	113.961981	115.149647	1.1876657	1.63413409	0	100	0	0	3
95	23	0	1.13916579	114.990948	114.563208	113.961981	115.149647	1.1876657	1.63413409	0	100	0	0	3
96	23	0	1.151157	114.909554	114.574922	113.961981	115.149647	1.1876657	1.63413409	0	100	0	0	3
97	23	0	1.16314822	115.027595	114.585551	113.961981	115.149647	1.1876657	1.63413409	0	100	0	0	3
98	23	0	1.17513944	114.818144	114.600256	113.961981	115.149647	1.1876657	1.63413409	0	100	0	0	3
99	24	0	1.18713066	115.00967	114.615532	113.961981	115.149647	1.1876657	1.63413409	0	100	0	0	3
100	24	0	1.19912188	114.755218	114.63277	113.961981	115.149647	1.1876657	1.63413409	0	100	0	0	3
101	25	0	1.2111131	114.907663	114.648678	113.961981	115.149647	1.1876657	1.63413409	0	100	0	0	3
