Iteration	CPUTime	PhysTime	Travels	Value	AvValue	MinValue	MaxValue	Delta	Criteria	PrevAvRefValue	Progress	CriteriaType	CriteriaVarType	CriteriaPercentage
1	1	0	0.0119912188	-2704.45859	-2704.45859	-2704.45859	-2704.45859	0	0	0	0	0	0	3
2	2	0	0.0239824376	-668.555772	-1686.50718	-2704.45859	-668.555772	1017.95141	0	0	0	0	0	3
3	2	0	0.0359736564	-259.675654	-1210.89667	-2704.45859	-259.675654	1493.56192	0	0	0	0	0	3
4	2	0	0.0479648752	-237.843841	-967.633464	-2704.45859	-237.843841	1736.82512	0	0	0	0	0	3
5	2	0	0.059956094	-263.834785	-826.873728	-2704.45859	-237.843841	1877.58486	0	0	0	0	0	3
6	2	0	0.0719473128	-248.072236	-730.406813	-2704.45859	-237.843841	1974.05178	0	0	0	0	0	3
7	3	0	0.0839385316	-241.835392	-660.610895	-2704.45859	-237.843841	2043.84769	0	0	0	0	0	3
8	3	0	0.0959297504	-230.222909	-606.812397	-2704.45859	-230.222909	2097.64619	0	0	0	0	0	3
9	3	0	0.107920969	-223.301003	-564.20002	-2704.45859	-223.301003	2140.25857	0	0	0	0	0	3
10	3	0	0.119912188	-221.582897	-529.938308	-2704.45859	-221.582897	2174.52028	0	0	0	0	0	3
11	3	0	0.131903407	-215.555004	-501.358007	-2704.45859	-215.555004	2203.10058	0	0	0	0	0	3
12	4	0	0.143894626	-221.968242	-478.075527	-2704.45859	-215.555004	2226.38306	0	0	0	0	0	3
13	4	0	0.155885844	-218.606695	-458.116386	-2704.45859	-215.555004	2246.3422	0	0	0	0	0	3
14	4	0	0.167877063	-213.571551	-440.648898	-2704.45859	-213.571551	2263.80969	0	0	0	0	0	3
15	4	0	0.179868282	-223.532586	-426.174477	-2704.45859	-213.571551	2278.28411	0	0	0	0	0	3
16	4	0	0.191859501	-215.631639	-413.01555	-2704.45859	-213.571551	2291.44304	0	0	0	0	0	3
17	5	0	0.20385072	-221.838519	-401.769842	-2704.45859	-213.571551	2302.68875	0	0	0	0	0	3
18	5	0	0.215841938	-217.371553	-391.525493	-2704.45859	-213.571551	2312.9331	0	0	0	0	0	3
19	5	0	0.227833157	-220.175199	-382.507056	-2704.45859	-213.571551	2321.95153	0	0	0	0	0	3
20	5	0	0.239824376	-218.749955	-374.319201	-2704.45859	-213.571551	2330.13939	0	0	0	0	0	3
21	5	0	0.251815595	-220.982516	-367.017454	-2704.45859	-213.571551	2337.44113	0	0	0	0	0	3
22	6	0	0.263806814	-223.128965	-360.477068	-2704.45859	-213.571551	2343.98152	0	0	0	0	0	3
23	6	0	0.275798032	-222.279386	-354.468473	-2704.45859	-213.571551	2349.99011	0	0	0	0	0	3
24	6	0	0.287789251	-220.065209	-348.868337	-2704.45859	-213.571551	2355.59025	0	0	0	0	0	3
25	6	0	0.29978047	-218.122887	-343.638519	-2704.45859	-213.571551	2360.82007	0	0	0	0	0	3
26	7	0	0.311771689	-216.962685	-338.766372	-2704.45859	-213.571551	2365.69222	0	0	0	0	0	3
27	7	0	0.323762908	-217.384892	-334.270761	-2704.45859	-213.571551	2370.18783	0	0	0	0	0	3
28	7	0	0.335754126	-215.619348	-330.033211	-2704.45859	-213.571551	2374.42538	0	0	0	0	0	3
29	7	0	0.347745345	-216.671053	-326.124171	-2704.45859	-213.571551	2378.33442	0	0	0	0	0	3
30	7	0	0.359736564	-216.888362	-322.482977	-2704.45859	-213.571551	2381.97561	0	0	0	0	0	3
31	8	0	0.371727783	-216.245572	-319.055964	-2704.45859	-213.571551	2385.40262	0	0	0	0	0	3
32	8	0	0.383719002	-217.067892	-315.868837	-2704.45859	-213.571551	2388.58975	0	0	0	0	0	3
33	8	0	0.39571022	-214.995212	-312.812061	-2704.45859	-213.571551	2391.64653	0	0	0	0	0	3
34	8	0	0.407701439	-214.011269	-309.906155	-2704.45859	-213.571551	2394.55243	0	0	0	0	0	3
35	9	0	0.419692658	-212.634728	-307.126971	-2704.45859	-212.634728	2397.33162	0	0	0	0	0	3
36	9	0	0.431683877	-212.041842	-304.485718	-2704.45859	-212.041842	2399.97287	0	0	0	0	0	3
37	9	0	0.443675096	-212.022215	-301.986704	-2704.45859	-212.022215	2402.47188	0	0	0	0	0	3
38	9	0	0.455666314	-211.492034	-299.605265	-2704.45859	-211.492034	2404.85332	0	0	0	0	0	3
39	10	0	0.467657533	-211.278021	-297.340464	-2704.45859	-211.278021	2407.11812	0	0	0	0	0	3
40	10	0	0.479648752	-210.833356	-295.177787	-2704.45859	-210.833356	2409.2808	0	0	0	0	0	3
41	10	0	0.491639971	-211.087954	-293.126815	-2704.45859	-210.833356	2411.33177	0	0	0	0	0	3
42	10	0	0.50363119	-211.016833	-291.171816	-2704.45859	-210.833356	2413.28677	0	0	0	0	0	3
43	11	0	0.515622408	-210.952581	-231.802625	-668.555772	-210.833356	457.722416	0	0	0	0	0	3
44	11	0	0.527613627	-210.763784	-220.902816	-263.834785	-210.763784	53.0710014	0	0	0	0	0	3
45	11	0	0.539604846	-211.189349	-219.74838	-263.834785	-210.763784	53.0710014	0	0	0	0	0	3
46	11	0	0.551596065	-211.380752	-219.118306	-263.834785	-210.763784	53.0710014	0	0	0	0	0	3
47	12	0	0.563587284	-211.748994	-217.878168	-248.072236	-210.763784	37.3084519	0	0	0	0	0	3
48	12	0	0.575578502	-211.791163	-217.014333	-241.835392	-210.763784	31.0716084	0	0	0	0	0	3
49	12	0	0.587569721	-212.402897	-216.31356	-230.222909	-210.763784	19.4591248	0	0	0	0	0	3
50	12	0	0.59956094	-212.828724	-215.899412	-223.532586	-210.763784	12.7688018	0	0	0	0	0	3
51	13	0	0.611552159	-212.968968	-215.653412	-223.532586	-210.763784	12.7688018	0	0	0	0	0	3
52	13	0	0.623543378	-213.419323	-215.459041	-223.532586	-210.763784	12.7688018	0	0	0	0	0	3
53	13	0	0.635534596	-213.588924	-215.412229	-223.532586	-210.763784	12.7688018	0	0	0	0	0	3
54	13	0	0.647525815	-214.19504	-215.227153	-223.532586	-210.763784	12.7688018	0	0	0	0	0	3
55	14	0	0.659517034	-214.009361	-215.117693	-223.532586	-210.763784	12.7688018	0	0	0	0	0	3
56	14	0	0.671508253	-214.266214	-215.134232	-223.532586	-210.763784	12.7688018	0	0	0	0	0	3
57	14	0	0.683499472	-213.754965	-214.901432	-223.128965	-210.763784	12.3651804	0	0	0	0	0	3
58	14	0	0.69549069	-214.20212	-214.867396	-223.128965	-210.763784	12.3651804	0	0	0	0	0	3
59	15	0	0.707481909	-214.000029	-214.680765	-223.128965	-210.763784	12.3651804	0	0	0	0	0	3
60	15	0	0.719473128	-214.526475	-214.613025	-223.128965	-210.763784	12.3651804	0	0	0	0	0	3
61	15	0	0.731464347	-214.324352	-214.473719	-223.128965	-210.763784	12.3651804	0	0	0	0	0	3
62	15	0	0.743455566	-214.663963	-214.376434	-223.128965	-210.763784	12.3651804	0	0	0	0	0	3
63	16	0	0.755446784	-214.428459	-214.220385	-223.128965	-210.763784	12.3651804	0	0	0	0	0	3
64	16	0	0.767438003	-214.852348	-214.023322	-222.279386	-210.763784	11.5156017	0	0	0	0	0	3
65	16	0	0.779429222	-214.657175	-213.841841	-220.065209	-210.763784	9.30142461	0	0	0	0	0	3
66	16	0	0.791420441	-214.793456	-213.716323	-218.122887	-210.763784	7.35910257	0	0	0	0	0	3
67	16	0	0.80341166	-214.605435	-213.632574	-217.384892	-210.763784	6.62110826	0	0	0	0	0	3
68	17	0	0.815402878	-215.010129	-213.586085	-217.384892	-210.763784	6.62110826	0	0	0	0	0	3
69	17	0	0.827394097	-214.679883	-213.52168	-217.067892	-210.763784	6.30410778	0	0	0	0	0	3
70	17	0	0.839385316	-214.696091	-213.499698	-217.067892	-210.763784	6.30410778	0	0	0	0	0	3
71	17	0	0.851376535	-214.495647	-213.447902	-217.067892	-210.763784	6.30410778	0	0	0	0	0	3
72	18	0	0.863367754	-214.483248	-213.390638	-217.067892	-210.763784	6.30410778	0	0	0	0	0	3
73	18	0	0.875358972	-214.395346	-213.346585	-217.067892	-210.763784	6.30410778	0	0	0	0	0	3
74	18	0	0.887350191	-214.700748	-213.290224	-215.010129	-210.763784	4.24634449	0	0	0	0	0	3
75	18	0	0.89934141	-214.632352	-213.281585	-215.010129	-210.763784	4.24634449	0	0	0	0	0	3
76	19	0	0.911332629	-214.749298	-213.299157	-215.010129	-210.763784	4.24634449	0	0	0	0	0	3
77	19	0	0.923323848	-214.822813	-213.351254	-215.010129	-210.763784	4.24634449	0	0	0	0	0	3
78	19	0	0.935315066	-214.840033	-213.417878	-215.010129	-210.763784	4.24634449	0	0	0	0	0	3
79	19	0	0.947306285	-214.875177	-213.485805	-215.010129	-210.763784	4.24634449	0	0	0	0	0	3
80	19	0	0.959297504	-215.168172	-213.573332	-215.168172	-210.763784	4.40438798	0	0	0	0	0	3
81	20	0	0.971288723	-215.043112	-213.662977	-215.168172	-210.763784	4.40438798	0	0	0	0	0	3
82	20	0	0.983279942	-215.162971	-213.766063	-215.168172	-210.763784	4.40438798	0	0	0	0	0	3
83	20	0	0.99527116	-215.395573	-213.868626	-215.395573	-210.763784	4.63178938	0	0	0	0	0	3
84	20	0	1.00726238	-215.55377	-213.976648	-215.55377	-210.763784	4.7899864	1.59213004	0	33.2	0	0	3
85	21	0	1.0192536	-215.525717	-214.085532	-215.55377	-210.763784	4.7899864	1.59213004	0	33.2	0	0	3
86	21	0	1.03124482	-215.542373	-214.199308	-215.55377	-211.189349	4.36442128	1.59213004	0	36.4	0	0	3
87	21	0	1.04323604	-215.572281	-214.303664	-215.572281	-211.380752	4.19152858	1.59213004	0	37.9	0	0	3
88	21	0	1.05522725	-215.745596	-214.407588	-215.745596	-211.748994	3.99660155	1.59213004	0	39.8	0	0	3
89	21	0	1.06721847	-215.427421	-214.49517	-215.745596	-211.791163	3.73274878	1.59213004	0	42.6	0	0	3
90	22	0	1.07920969	-215.721852	-214.588758	-215.745596	-212.402897	3.03197509	1.59213004	0	52.5	0	0	3
91	22	0	1.09120091	-215.5168	-214.662898	-215.745596	-212.828724	2.61782782	1.59213004	0	60.8	0	0	3
92	22	0	1.10319213	-215.891789	-214.735829	-215.891789	-212.968968	2.37182698	1.59213004	0	67.1	0	0	3
93	22	0	1.11518335	-215.533295	-214.796884	-215.891789	-213.419323	2.17745617	1.59213004	0	73.1	0	0	3
94	23	0	1.12717457	-215.637062	-214.849687	-215.891789	-213.588924	2.13064474	1.59213004	0	74.7	0	0	3
95	23	0	1.13916579	-215.640568	-214.898536	-215.891789	-213.754965	1.9455685	1.59213004	0	81.8	0	0	3
96	23	0	1.151157	-215.605357	-214.932115	-215.891789	-213.754965	1.85264776	1.59213004	0	85.9	0	0	3
97	23	0	1.16314822	-215.403326	-214.965305	-215.891789	-213.754965	1.85264776	1.59213004	0	85.9	0	0	3
98	23	0	1.17513944	-215.803968	-215.001918	-215.891789	-213.754965	1.72033327	1.59213004	0	92.5	0	0	3
99	24	0	1.18713066	-215.364556	-215.040241	-215.891789	-214.000029	1.75865686	1.59213004	0	90.5	0	0	3
100	24	0	1.19912188	-215.62252	-215.07406	-215.891789	-214.000029	1.7924759	1.59213004	0	88.8	0	0	3
101	25	0	1.2111131	-215.478433	-215.109261	-215.891789	-214.324352	1.5674367	1.59213004	0	100	0	0	3
