Iteration	CPUTime	PhysTime	Travels	Value	AvValue	MinValue	MaxValue	Delta	Criteria	PrevAvRefValue	Progress	CriteriaType	CriteriaVarType	CriteriaPercentage
1	1	0	0.0119912188	1149.46367	1149.46367	1149.46367	1149.46367	0	0	0	0	0	0	3
2	2	0	0.0239824376	-177.585607	485.939033	-177.585607	1149.46367	663.52464	0	0	0	0	0	3
3	2	0	0.0359736564	-88.8930484	294.328339	-177.585607	1149.46367	855.135333	0	0	0	0	0	3
4	2	0	0.0479648752	-70.1009151	203.221025	-177.585607	1149.46367	946.242647	0	0	0	0	0	3
5	2	0	0.059956094	-56.1334177	151.350137	-177.585607	1149.46367	998.113536	0	0	0	0	0	3
6	2	0	0.0719473128	-100.038066	109.452103	-177.585607	1149.46367	1040.01157	0	0	0	0	0	3
7	3	0	0.0839385316	-97.3836035	79.904145	-177.585607	1149.46367	1069.55953	0	0	0	0	0	3
8	3	0	0.0959297504	-120.812778	54.8145296	-177.585607	1149.46367	1094.64914	0	0	0	0	0	3
9	3	0	0.107920969	-113.212701	36.1448374	-177.585607	1149.46367	1113.31884	0	0	0	0	0	3
10	3	0	0.119912188	-138.854325	18.6449212	-177.585607	1149.46367	1130.81875	0	0	0	0	0	3
11	3	0	0.131903407	-134.425848	4.72939671	-177.585607	1149.46367	1144.73428	0	0	0	0	0	3
12	4	0	0.143894626	-141.356325	-7.4444134	-177.585607	1149.46367	1156.90809	0	0	0	0	0	3
13	4	0	0.155885844	-136.999006	-17.4101513	-177.585607	1149.46367	1166.87382	0	0	0	0	0	3
14	4	0	0.167877063	-143.323448	-26.4039582	-177.585607	1149.46367	1175.86763	0	0	0	0	0	3
15	4	0	0.179868282	-127.982113	-33.1758352	-177.585607	1149.46367	1182.63951	0	0	0	0	0	3
16	4	0	0.191859501	-141.300719	-39.9336404	-177.585607	1149.46367	1189.39731	0	0	0	0	0	3
17	5	0	0.20385072	-128.241793	-45.1282376	-177.585607	1149.46367	1194.59191	0	0	0	0	0	3
18	5	0	0.215841938	-139.213803	-50.3552135	-177.585607	1149.46367	1199.81889	0	0	0	0	0	3
19	5	0	0.227833157	-127.653934	-54.4235672	-177.585607	1149.46367	1203.88724	0	0	0	0	0	3
20	5	0	0.239824376	-130.688518	-58.2368148	-177.585607	1149.46367	1207.70049	0	0	0	0	0	3
21	5	0	0.251815595	-126.254161	-61.475736	-177.585607	1149.46367	1210.93941	0	0	0	0	0	3
22	6	0	0.263806814	-123.608322	-64.2999445	-177.585607	1149.46367	1213.76362	0	0	0	0	0	3
23	6	0	0.275798032	-123.189474	-66.8603588	-177.585607	1149.46367	1216.32403	0	0	0	0	0	3
24	6	0	0.287789251	-122.428195	-69.1756853	-177.585607	1149.46367	1218.63936	0	0	0	0	0	3
25	6	0	0.29978047	-120.853282	-71.2427891	-177.585607	1149.46367	1220.70646	0	0	0	0	0	3
26	7	0	0.311771689	-119.61464	-73.1032449	-177.585607	1149.46367	1222.56692	0	0	0	0	0	3
27	7	0	0.323762908	-118.437091	-74.7822763	-177.585607	1149.46367	1224.24595	0	0	0	0	0	3
28	7	0	0.335754126	-118.216564	-76.3335009	-177.585607	1149.46367	1225.79717	0	0	0	0	0	3
29	7	0	0.347745345	-117.860911	-77.7654805	-177.585607	1149.46367	1227.22915	0	0	0	0	0	3
30	7	0	0.359736564	-117.550244	-79.0916393	-177.585607	1149.46367	1228.55531	0	0	0	0	0	3
31	8	0	0.371727783	-118.29793	-80.3563584	-177.585607	1149.46367	1229.82003	0	0	0	0	0	3
32	8	0	0.383719002	-118.438651	-81.54643	-177.585607	1149.46367	1231.0101	0	0	0	0	0	3
33	8	0	0.39571022	-118.297899	-82.6601109	-177.585607	1149.46367	1232.12378	0	0	0	0	0	3
34	8	0	0.407701439	-117.436579	-83.6829482	-177.585607	1149.46367	1233.14662	0	0	0	0	0	3
35	9	0	0.419692658	-116.959693	-84.6337123	-177.585607	1149.46367	1234.09738	0	0	0	0	0	3
36	9	0	0.431683877	-116.117934	-85.508274	-177.585607	1149.46367	1234.97195	0	0	0	0	0	3
37	9	0	0.443675096	-115.350348	-86.3148165	-177.585607	1149.46367	1235.77849	0	0	0	0	0	3
38	9	0	0.455666314	-115.044453	-87.0708596	-177.585607	1149.46367	1236.53453	0	0	0	0	0	3
39	10	0	0.467657533	-114.198957	-87.7664518	-177.585607	1149.46367	1237.23012	0	0	0	0	0	3
40	10	0	0.479648752	-114.35996	-88.4312896	-177.585607	1149.46367	1237.89496	0	0	0	0	0	3
41	10	0	0.491639971	-113.618988	-89.0456237	-177.585607	1149.46367	1238.5093	0	0	0	0	0	3
42	10	0	0.50363119	-113.730748	-89.6333647	-177.585607	1149.46367	1239.09704	0	0	0	0	0	3
43	11	0	0.515622408	-113.765148	-119.710241	-177.585607	-56.1334177	121.452189	0	0	0	0	0	3
44	11	0	0.527613627	-114.067631	-118.197909	-143.323448	-56.1334177	87.1900302	0	0	0	0	0	3
45	11	0	0.539604846	-113.558408	-118.785179	-143.323448	-56.1334177	87.1900302	0	0	0	0	0	3
46	11	0	0.551596065	-113.587127	-119.820565	-143.323448	-56.1334177	87.1900302	0	0	0	0	0	3
47	12	0	0.563587284	-113.346877	-121.18279	-143.323448	-97.3836035	45.9398444	0	0	0	0	0	3
48	12	0	0.575578502	-113.733618	-121.508875	-143.323448	-97.3836035	45.9398444	0	0	0	0	0	3
49	12	0	0.587569721	-113.754961	-121.898669	-143.323448	-113.212701	30.1107474	0	0	0	0	0	3
50	12	0	0.59956094	-114.169177	-121.740488	-143.323448	-113.212701	30.1107474	0	0	0	0	0	3
51	13	0	0.611552159	-114.479069	-121.77064	-143.323448	-113.346877	29.9765712	0	0	0	0	0	3
52	13	0	0.623543378	-114.699992	-121.195537	-143.323448	-113.346877	29.9765712	0	0	0	0	0	3
53	13	0	0.635534596	-114.856	-120.729588	-143.323448	-113.346877	29.9765712	0	0	0	0	0	3
54	13	0	0.647525815	-114.780293	-120.096825	-143.323448	-113.346877	29.9765712	0	0	0	0	0	3
55	14	0	0.659517034	-114.803486	-119.56836	-143.323448	-113.346877	29.9765712	0	0	0	0	0	3
56	14	0	0.671508253	-114.559675	-118.883509	-141.300719	-113.346877	27.9538424	0	0	0	0	0	3
57	14	0	0.683499472	-114.81293	-118.569957	-141.300719	-113.346877	27.9538424	0	0	0	0	0	3
58	14	0	0.69549069	-114.513438	-117.932164	-139.213803	-113.346877	25.8669264	0	0	0	0	0	3
59	15	0	0.707481909	-114.811111	-117.612386	-139.213803	-113.346877	25.8669264	0	0	0	0	0	3
60	15	0	0.719473128	-114.521014	-117.024463	-130.688518	-113.346877	17.3416417	0	0	0	0	0	3
61	15	0	0.731464347	-114.687722	-116.715743	-130.688518	-113.346877	17.3416417	0	0	0	0	0	3
62	15	0	0.743455566	-114.475324	-116.329715	-126.254161	-113.346877	12.9072842	0	0	0	0	0	3
63	16	0	0.755446784	-114.667943	-116.053852	-123.608322	-113.346877	10.2614451	0	0	0	0	0	3
64	16	0	0.767438003	-114.923606	-115.847074	-123.189474	-113.346877	9.8425969	0	0	0	0	0	3
65	16	0	0.779429222	-115.245599	-115.657934	-122.428195	-113.346877	9.08131808	0	0	0	0	0	3
66	16	0	0.791420441	-115.328352	-115.48889	-120.853282	-113.346877	7.50640539	0	0	0	0	0	3
67	16	0	0.80341166	-115.163641	-115.353422	-119.61464	-113.346877	6.26776323	0	0	0	0	0	3
68	17	0	0.815402878	-114.949645	-115.242351	-118.438651	-113.346877	5.09177439	0	0	0	0	0	3
69	17	0	0.827394097	-114.77581	-115.155177	-118.438651	-113.346877	5.09177439	0	0	0	0	0	3
70	17	0	0.839385316	-114.380345	-115.063839	-118.438651	-113.346877	5.09177439	0	0	0	0	0	3
71	17	0	0.851376535	-114.333939	-114.979863	-118.438651	-113.346877	5.09177439	0	0	0	0	0	3
72	18	0	0.863367754	-114.410589	-114.90511	-118.438651	-113.346877	5.09177439	0	0	0	0	0	3
73	18	0	0.875358972	-114.364952	-114.811467	-118.438651	-113.346877	5.09177439	0	0	0	0	0	3
74	18	0	0.887350191	-114.875951	-114.726641	-118.297899	-113.346877	4.95102177	0	0	0	0	0	3
75	18	0	0.89934141	-114.813113	-114.64367	-117.436579	-113.346877	4.08970241	0	0	0	0	0	3
76	19	0	0.911332629	-115.008309	-114.585854	-116.959693	-113.346877	3.61281581	0	0	0	0	0	3
77	19	0	0.923323848	-115.012661	-114.539496	-116.117934	-113.346877	2.77105685	0	0	0	0	0	3
78	19	0	0.935315066	-115.354856	-114.521328	-115.354856	-113.346877	2.00797969	0	0	0	0	0	3
79	19	0	0.947306285	-115.072798	-114.514719	-115.354856	-113.346877	2.00797969	0	0	0	0	0	3
80	19	0	0.959297504	-115.432793	-114.523966	-115.432793	-113.346877	2.08591625	0	0	0	0	0	3
81	20	0	0.971288723	-115.182983	-114.547395	-115.432793	-113.346877	2.08591625	0	0	0	0	0	3
82	20	0	0.983279942	-115.513574	-114.574862	-115.513574	-113.346877	2.16669752	0	0	0	0	0	3
83	20	0	0.99527116	-115.29811	-114.614841	-115.513574	-113.346877	2.16669752	0	0	0	0	0	3
84	20	0	1.00726238	-115.71081	-114.661985	-115.71081	-113.346877	2.36393348	2.61570091	0	100	0	0	3
85	21	0	1.0192536	-115.544423	-114.704349	-115.71081	-113.346877	2.36393348	2.61570091	0	100	0	0	3
86	21	0	1.03124482	-116.084105	-114.75236	-116.084105	-113.346877	2.73722788	2.61570091	0	95.5	0	0	3
87	21	0	1.04323604	-115.63578	-114.801821	-116.084105	-113.346877	2.73722788	2.61570091	0	95.5	0	0	3
88	21	0	1.05522725	-115.811504	-114.854783	-116.084105	-113.346877	2.73722788	2.61570091	0	95.5	0	0	3
89	21	0	1.06721847	-115.767199	-114.912409	-116.084105	-113.733618	2.35048659	2.61570091	0	100	0	0	3
90	22	0	1.07920969	-115.845352	-114.962689	-116.084105	-113.754961	2.32914382	2.61570091	0	100	0	0	3
91	22	0	1.09120091	-115.606151	-115.006765	-116.084105	-114.169177	1.91492764	2.61570091	0	100	0	0	3
92	22	0	1.10319213	-115.877084	-115.047429	-116.084105	-114.333939	1.75016526	2.61570091	0	100	0	0	3
93	22	0	1.11518335	-115.625307	-115.074721	-116.084105	-114.333939	1.75016526	2.61570091	0	100	0	0	3
94	23	0	1.12717457	-115.721472	-115.099042	-116.084105	-114.333939	1.75016526	2.61570091	0	100	0	0	3
95	23	0	1.13916579	-115.504381	-115.114479	-116.084105	-114.333939	1.75016526	2.61570091	0	100	0	0	3
96	23	0	1.151157	-115.799107	-115.138737	-116.084105	-114.333939	1.75016526	2.61570091	0	100	0	0	3
97	23	0	1.16314822	-115.437949	-115.153843	-116.084105	-114.333939	1.75016526	2.61570091	0	100	0	0	3
98	23	0	1.17513944	-115.681706	-115.180558	-116.084105	-114.333939	1.75016526	2.61570091	0	100	0	0	3
99	24	0	1.18713066	-115.394101	-115.194395	-116.084105	-114.333939	1.75016526	2.61570091	0	100	0	0	3
100	24	0	1.19912188	-115.514865	-115.218239	-116.084105	-114.333939	1.75016526	2.61570091	0	100	0	0	3
101	25	0	1.2111131	-115.43211	-115.233025	-116.084105	-114.333939	1.75016526	2.61570091	0	100	0	0	3
