Iteration	CPUTime	PhysTime	Travels	Value	AvValue	MinValue	MaxValue	Delta	Criteria	PrevAvRefValue	Progress	CriteriaType	CriteriaVarType	CriteriaPercentage
1	1	0	0.0119912188	293.199987	293.199987	293.199987	293.199987	0	0	0	0	0	0	3
2	2	0	0.0239824376	293.19997	293.199978	293.19997	293.199987	8.72034303e-06	0	0	0	0	0	3
3	2	0	0.0359736564	293.199967	293.199975	293.199967	293.199987	1.24202248e-05	0	0	0	0	0	3
4	2	0	0.0479648752	293.199962	293.199971	293.199962	293.199987	1.56254648e-05	0	0	0	0	0	3
5	2	0	0.059956094	293.199956	293.199968	293.199956	293.199987	1.86180306e-05	0	0	0	0	0	3
6	2	0	0.0719473128	293.199947	293.199965	293.199947	293.199987	2.21473706e-05	0	0	0	0	0	3
7	3	0	0.0839385316	293.199937	293.199961	293.199937	293.199987	2.61617803e-05	0	0	0	0	0	3
8	3	0	0.0959297504	293.199926	293.199957	293.199926	293.199987	3.04920267e-05	0	0	0	0	0	3
9	3	0	0.107920969	293.199916	293.199952	293.199916	293.199987	3.49396093e-05	0	0	0	0	0	3
10	3	0	0.119912188	293.199907	293.199948	293.199907	293.199987	3.94310238e-05	0	0	0	0	0	3
11	3	0	0.131903407	293.199896	293.199943	293.199896	293.199987	4.40746288e-05	0	0	0	0	0	3
12	4	0	0.143894626	293.199886	293.199938	293.199886	293.199987	4.87949698e-05	0	0	0	0	0	3
13	4	0	0.155885844	293.199877	293.199934	293.199877	293.199987	5.34783532e-05	0	0	0	0	0	3
14	4	0	0.167877063	293.199868	293.199929	293.199868	293.199987	5.8125884e-05	0	0	0	0	0	3
15	4	0	0.179868282	293.199861	293.199924	293.199861	293.199987	6.26433481e-05	0	0	0	0	0	3
16	4	0	0.191859501	293.199851	293.19992	293.199851	293.199987	6.7233777e-05	0	0	0	0	0	3
17	5	0	0.20385072	293.199842	293.199915	293.199842	293.199987	7.18115445e-05	0	0	0	0	0	3
18	5	0	0.215841938	293.199833	293.199911	293.199833	293.199987	7.63503584e-05	0	0	0	0	0	3
19	5	0	0.227833157	293.199826	293.199906	293.199826	293.199987	8.08137068e-05	0	0	0	0	0	3
20	5	0	0.239824376	293.199818	293.199902	293.199818	293.199987	8.52210599e-05	0	0	0	0	0	3
21	5	0	0.251815595	293.199806	293.199897	293.199806	293.199987	8.97661414e-05	0	0	0	0	0	3
22	6	0	0.263806814	293.199794	293.199893	293.199794	293.199987	9.44709378e-05	0	0	0	0	0	3
23	6	0	0.275798032	293.19978	293.199888	293.19978	293.199987	9.93819343e-05	0	0	0	0	0	3
24	6	0	0.287789251	293.199764	293.199882	293.199764	293.199987	0.000104523962	0	0	0	0	0	3
25	6	0	0.29978047	293.199748	293.199877	293.199748	293.199987	0.000109917741	0	0	0	0	0	3
26	7	0	0.311771689	293.199719	293.199871	293.199719	293.199987	0.000115990902	0	0	0	0	0	3
27	7	0	0.323762908	293.199688	293.199864	293.199688	293.199987	0.000122781924	0	0	0	0	0	3
28	7	0	0.335754126	293.199652	293.199857	293.199652	293.199987	0.000130345761	0	0	0	0	0	3
29	7	0	0.347745345	293.199615	293.199848	293.199615	293.199987	0.00013867006	0	0	0	0	0	3
30	7	0	0.359736564	293.199577	293.199839	293.199577	293.199987	0.000147720331	0	0	0	0	0	3
31	8	0	0.371727783	293.19952	293.199829	293.19952	293.199987	0.000158034245	0	0	0	0	0	3
32	8	0	0.383719002	293.199466	293.199818	293.199466	293.199987	0.000169368028	0	0	0	0	0	3
33	8	0	0.39571022	293.19942	293.199806	293.19942	293.199987	0.000181421628	0	0	0	0	0	3
34	8	0	0.407701439	293.199382	293.199793	293.199382	293.199987	0.000193882756	0	0	0	0	0	3
35	9	0	0.419692658	293.199353	293.199781	293.199353	293.199987	0.00020644609	0	0	0	0	0	3
36	9	0	0.431683877	293.199328	293.199768	293.199328	293.199987	0.000219008641	0	0	0	0	0	3
37	9	0	0.443675096	293.199317	293.199756	293.199317	293.199987	0.000231198902	0	0	0	0	0	3
38	9	0	0.455666314	293.199314	293.199744	293.199314	293.199987	0.000242823871	0	0	0	0	0	3
39	10	0	0.467657533	293.199315	293.199733	293.199314	293.199987	0.000253817269	0	0	0	0	0	3
40	10	0	0.479648752	293.199317	293.199723	293.199314	293.199987	0.000264221004	0	0	0	0	0	3
41	10	0	0.491639971	293.199318	293.199713	293.199314	293.199987	0.000274098756	0	0	0	0	0	3
42	10	0	0.50363119	293.199317	293.199703	293.199314	293.199987	0.000283530392	0	0	0	0	0	3
43	11	0	0.515622408	293.199315	293.199687	293.199314	293.19997	0.000290813756	0	0	0	0	0	3
44	11	0	0.527613627	293.199312	293.199672	293.199312	293.199967	0.000302764883	0	0	0	0	0	3
45	11	0	0.539604846	293.19931	293.199656	293.19931	293.199962	0.000315217254	0	0	0	0	0	3
46	11	0	0.551596065	293.199307	293.199641	293.199307	293.199956	0.000327805984	0	0	0	0	0	3
47	12	0	0.563587284	293.199306	293.199625	293.199306	293.199947	0.000339771172	0	0	0	0	0	3
48	12	0	0.575578502	293.199305	293.19961	293.199305	293.199937	0.000351054777	0	0	0	0	0	3
49	12	0	0.587569721	293.199305	293.199595	293.199305	293.199926	0.000361764201	0	0	0	0	0	3
50	12	0	0.59956094	293.199305	293.19958	293.199305	293.199916	0.000372099662	0	0	0	0	0	3
51	13	0	0.611552159	293.199305	293.199565	293.199305	293.199907	0.000382169345	0	0	0	0	0	3
52	13	0	0.623543378	293.199304	293.199551	293.199304	293.199896	0.00039187825	0	0	0	0	0	3
53	13	0	0.635534596	293.199303	293.199537	293.199303	293.199886	0.000401277448	0	0	0	0	0	3
54	13	0	0.647525815	293.199302	293.199523	293.199302	293.199877	0.000410507968	0	0	0	0	0	3
55	14	0	0.659517034	293.1993	293.199509	293.1993	293.199868	0.000419601332	0	0	0	0	0	3
56	14	0	0.671508253	293.199299	293.199496	293.199299	293.199861	0.000428648107	0	0	0	0	0	3
57	14	0	0.683499472	293.199297	293.199482	293.199297	293.199851	0.000437477681	0	0	0	0	0	3
58	14	0	0.69549069	293.199297	293.199469	293.199297	293.199842	0.000446087232	0	0	0	0	0	3
59	15	0	0.707481909	293.199296	293.199456	293.199296	293.199833	0.000454535857	0	0	0	0	0	3
60	15	0	0.719473128	293.199297	293.199443	293.199296	293.199826	0.00046285757	0	0	0	0	0	3
61	15	0	0.731464347	293.199296	293.199431	293.199296	293.199818	0.000471056748	0	0	0	0	0	3
62	15	0	0.743455566	293.199296	293.199418	293.199296	293.199806	0.000478937252	0	0	0	0	0	3
63	16	0	0.755446784	293.199296	293.199406	293.199296	293.199794	0.000486390003	0	0	0	0	0	3
64	16	0	0.767438003	293.199296	293.199394	293.199296	293.19978	0.000483880586	0	0	0	0	0	3
65	16	0	0.779429222	293.199295	293.199383	293.199295	293.199764	0.000469138481	0	0	0	0	0	3
66	16	0	0.791420441	293.199295	293.199372	293.199295	293.199748	0.000452560649	0	0	0	0	0	3
67	16	0	0.80341166	293.199295	293.199361	293.199295	293.199719	0.000424109132	0	0	0	0	0	3
68	17	0	0.815402878	293.199295	293.199351	293.199295	293.199688	0.000392636764	0	0	0	0	0	3
69	17	0	0.827394097	293.199294	293.199341	293.199294	293.199652	0.000358854596	0	0	0	0	0	3
70	17	0	0.839385316	293.199293	293.199333	293.199293	293.199615	0.000322546035	0	0	0	0	0	3
71	17	0	0.851376535	293.199291	293.199325	293.199291	293.199577	0.000285404895	0	0	0	0	0	3
72	18	0	0.863367754	293.199291	293.199318	293.199291	293.19952	0.000228972688	0	0	0	0	0	3
73	18	0	0.875358972	293.19929	293.199313	293.19929	293.199466	0.000176067614	0	0	0	0	0	3
74	18	0	0.887350191	293.199291	293.199309	293.19929	293.19942	0.000129646104	0	0	0	0	0	3
75	18	0	0.89934141	293.199291	293.199306	293.19929	293.199382	9.16829405e-05	0	0	0	0	0	3
76	19	0	0.911332629	293.199291	293.199303	293.19929	293.199353	6.31834766e-05	0	0	0	0	0	3
77	19	0	0.923323848	293.199291	293.199302	293.19929	293.199328	3.80849897e-05	0	0	0	0	0	3
78	19	0	0.935315066	293.199291	293.199301	293.19929	293.199318	2.75741104e-05	0	0	0	0	0	3
79	19	0	0.947306285	293.199291	293.1993	293.19929	293.199318	2.75741104e-05	0	0	0	0	0	3
80	19	0	0.959297504	293.199291	293.1993	293.19929	293.199318	2.75741104e-05	0	0	0	0	0	3
81	20	0	0.971288723	293.199291	293.199299	293.19929	293.199318	2.75741104e-05	0	0	0	0	0	3
82	20	0	0.983279942	293.199291	293.199299	293.19929	293.199318	2.75741104e-05	0	0	0	0	0	3
83	20	0	0.99527116	293.199291	293.199298	293.19929	293.199317	2.65554684e-05	0	0	0	0	0	3
84	20	0	1.00726238	293.199291	293.199297	293.19929	293.199315	2.46272238e-05	2.03088882e-05	0	0	0	0	3
85	21	0	1.0192536	293.199291	293.199297	293.19929	293.199312	2.19998424e-05	2.03088882e-05	0	0	0	0	3
86	21	0	1.03124482	293.199291	293.199296	293.19929	293.19931	1.9343314e-05	2.03088882e-05	0	0	0	0	3
87	21	0	1.04323604	293.199291	293.199296	293.19929	293.199307	1.71272978e-05	2.03088882e-05	0	0	0	0	3
88	21	0	1.05522725	293.199291	293.199295	293.19929	293.199306	1.54244456e-05	2.03088882e-05	0	0	0	0	3
89	21	0	1.06721847	293.199291	293.199295	293.19929	293.199305	1.50913166e-05	2.03088882e-05	0	0	0	0	3
90	22	0	1.07920969	293.199291	293.199295	293.19929	293.199305	1.50913166e-05	2.03088882e-05	0	0	0	0	3
91	22	0	1.09120091	293.199291	293.199294	293.19929	293.199305	1.50913166e-05	2.03088882e-05	0	0	0	0	3
92	22	0	1.10319213	293.199291	293.199294	293.19929	293.199305	1.46965654e-05	2.03088882e-05	0	0	0	0	3
93	22	0	1.11518335	293.199291	293.199294	293.19929	293.199304	1.41237671e-05	2.03088882e-05	0	0	0	0	3
94	23	0	1.12717457	293.199291	293.199293	293.19929	293.199303	1.3251619e-05	2.03088882e-05	0	0	0	0	3
95	23	0	1.13916579	293.199291	293.199293	293.19929	293.199302	1.16802461e-05	2.03088882e-05	0	0	0	0	3
96	23	0	1.151157	293.199291	293.199293	293.19929	293.1993	9.98637489e-06	2.03088882e-05	0	0	0	0	3
97	23	0	1.16314822	293.19929	293.199293	293.19929	293.199299	8.54110715e-06	2.03088882e-05	0	0	0	0	3
98	23	0	1.17513944	293.19929	293.199292	293.19929	293.199297	7.25496568e-06	2.03088882e-05	0	0	0	0	3
99	24	0	1.18713066	293.19929	293.199292	293.19929	293.199297	6.9008081e-06	2.03088882e-05	0	0	0	0	3
100	24	0	1.19912188	293.19929	293.199292	293.19929	293.199297	6.4906863e-06	2.03088882e-05	0	0	0	0	3
101	25	0	1.2111131	293.19929	293.199292	293.19929	293.199297	6.65978115e-06	2.03088882e-05	0	0	0	0	3
