Iteration	CPUTime	PhysTime	Travels	Value	AvValue	MinValue	MaxValue	Delta	Criteria	PrevAvRefValue	Progress	CriteriaType	CriteriaVarType	CriteriaPercentage
1	4	0	0.0120120768	293.200003	293.200003	293.200003	293.200003	0	0	0	0	0	0	3
2	4	0	0.0240241536	293.19999	293.199997	293.19999	293.200003	6.78491307e-06	0	0	0	0	0	3
3	5	0	0.0360362304	293.199988	293.199994	293.199988	293.200003	9.63439828e-06	0	0	0	0	0	3
4	6	0	0.0480483072	293.199983	293.199991	293.199983	293.200003	1.2330664e-05	0	0	0	0	0	3
5	6	0	0.060060384	293.199979	293.199989	293.199979	293.200003	1.4757915e-05	0	0	0	0	0	3
6	7	0	0.0720724608	293.199971	293.199986	293.199971	293.200003	1.77340476e-05	0	0	0	0	0	3
7	8	0	0.0840845375	293.199962	293.199982	293.199962	293.200003	2.11132608e-05	0	0	0	0	0	3
8	8	0	0.0960966143	293.199953	293.199979	293.199953	293.200003	2.48186875e-05	0	0	0	0	0	3
9	9	0	0.108108691	293.199945	293.199975	293.199945	293.200003	2.86047032e-05	0	0	0	0	0	3
10	10	0	0.120120768	293.199936	293.199971	293.199936	293.200003	3.24452082e-05	0	0	0	0	0	3
11	11	0	0.132132845	293.199928	293.199967	293.199928	293.200003	3.63554636e-05	0	0	0	0	0	3
12	11	0	0.144144922	293.19992	293.199963	293.19992	293.200003	4.02808166e-05	0	0	0	0	0	3
13	12	0	0.156156998	293.199913	293.199959	293.199913	293.200003	4.41496481e-05	0	0	0	0	0	3
14	13	0	0.168169075	293.199906	293.199955	293.199906	293.200003	4.79333135e-05	0	0	0	0	0	3
15	13	0	0.180181152	293.199901	293.199952	293.199901	293.200003	5.15922671e-05	0	0	0	0	0	3
16	14	0	0.192193229	293.199893	293.199948	293.199893	293.200003	5.526358e-05	0	0	0	0	0	3
17	15	0	0.204205305	293.199887	293.199945	293.199887	293.200003	5.88587264e-05	0	0	0	0	0	3
18	16	0	0.216217382	293.199882	293.199941	293.199882	293.200003	6.23453734e-05	0	0	0	0	0	3
19	16	0	0.228229459	293.199877	293.199938	293.199877	293.200003	6.57320811e-05	0	0	0	0	0	3
20	17	0	0.240241536	293.199872	293.199934	293.199872	293.200003	6.90329776e-05	0	0	0	0	0	3
21	18	0	0.252253613	293.199864	293.199931	293.199864	293.200003	7.24039684e-05	0	0	0	0	0	3
22	19	0	0.264265689	293.199855	293.199928	293.199855	293.200003	7.58799302e-05	0	0	0	0	0	3
23	19	0	0.276277766	293.199844	293.199924	293.199844	293.200003	7.95020602e-05	0	0	0	0	0	3
24	20	0	0.288289843	293.199833	293.19992	293.199833	293.200003	8.33045883e-05	0	0	0	0	0	3
25	21	0	0.30030192	293.199819	293.199916	293.199819	293.200003	8.73399043e-05	0	0	0	0	0	3
26	22	0	0.312313997	293.199796	293.199911	293.199796	293.200003	9.19556904e-05	0	0	0	0	0	3
27	22	0	0.324326073	293.199769	293.199906	293.199769	293.200003	9.72159906e-05	0	0	0	0	0	3
28	23	0	0.33633815	293.19974	293.1999	293.19974	293.200003	0.000103160404	0	0	0	0	0	3
29	24	0	0.348350227	293.199707	293.199894	293.199707	293.200003	0.000109810066	0	0	0	0	0	3
30	25	0	0.360362304	293.199673	293.199886	293.199673	293.200003	0.000117147518	0	0	0	0	0	3
31	25	0	0.372374381	293.199623	293.199878	293.199623	293.200003	0.000125624979	0	0	0	0	0	3
32	26	0	0.384386457	293.199578	293.199868	293.199578	293.200003	0.000135006095	0	0	0	0	0	3
33	27	0	0.396398534	293.199538	293.199858	293.199538	293.200003	0.000145009622	0	0	0	0	0	3
34	28	0	0.408410611	293.199508	293.199848	293.199508	293.200003	0.000155317918	0	0	0	0	0	3
35	29	0	0.420422688	293.199487	293.199838	293.199487	293.200003	0.000165641921	0	0	0	0	0	3
36	30	0	0.432434765	293.199473	293.199828	293.199473	293.200003	0.00017578051	0	0	0	0	0	3
37	31	0	0.444446841	293.199471	293.199818	293.199471	293.200003	0.000185417708	0	0	0	0	0	3
38	31	0	0.456458918	293.199476	293.199809	293.199471	293.200003	0.000194410427	0	0	0	0	0	3
39	32	0	0.468470995	293.199484	293.199801	293.199471	293.200003	0.000202733292	0	0	0	0	0	3
40	33	0	0.480483072	293.199492	293.199793	293.199471	293.200003	0.000210458156	0	0	0	0	0	3
41	34	0	0.492495148	293.199498	293.199786	293.199471	293.200003	0.0002176421	0	0	0	0	0	3
42	35	0	0.504507225	293.199502	293.199779	293.199471	293.200003	0.000224386611	0	0	0	0	0	3
43	36	0	0.516519302	293.199504	293.199767	293.199471	293.19999	0.000229481409	0	0	0	0	0	3
44	37	0	0.528531379	293.199505	293.199756	293.199471	293.199988	0.00023817494	0	0	0	0	0	3
45	37	0	0.540543456	293.199505	293.199744	293.199471	293.199983	0.000246977951	0	0	0	0	0	3
46	38	0	0.552555532	293.199504	293.199733	293.199471	293.199979	0.000255950685	0	0	0	0	0	3
47	39	0	0.564567609	293.199504	293.199721	293.199471	293.199971	0.000264287801	0	0	0	0	0	3
48	40	0	0.576579686	293.199503	293.19971	293.199471	293.199962	0.000272046422	0	0	0	0	0	3
49	41	0	0.588591763	293.199502	293.199699	293.199471	293.199953	0.000279289877	0	0	0	0	0	3
50	41	0	0.60060384	293.199501	293.199689	293.199471	293.199945	0.000286252559	0	0	0	0	0	3
51	42	0	0.612615916	293.1995	293.199678	293.199471	293.199936	0.000292985179	0	0	0	0	0	3
52	43	0	0.624627993	293.1995	293.199668	293.199471	293.199928	0.000299460803	0	0	0	0	0	3
53	44	0	0.63664007	293.1995	293.199657	293.199471	293.19992	0.000305714448	0	0	0	0	0	3
54	45	0	0.648652147	293.1995	293.199647	293.199471	293.199913	0.000311839099	0	0	0	0	0	3
55	45	0	0.660664224	293.199501	293.199638	293.199471	293.199906	0.000317869384	0	0	0	0	0	3
56	46	0	0.6726763	293.199501	293.199628	293.199471	293.199901	0.000323858532	0	0	0	0	0	3
57	47	0	0.684688377	293.199501	293.199618	293.199471	293.199893	0.000329690604	0	0	0	0	0	3
58	48	0	0.696700454	293.199502	293.199609	293.199471	293.199887	0.000335415506	0	0	0	0	0	3
59	48	0	0.708712531	293.199502	293.1996	293.199471	293.199882	0.000341105739	0	0	0	0	0	3
60	49	0	0.720724608	293.199501	293.199591	293.199471	293.199877	0.000346778137	0	0	0	0	0	3
61	50	0	0.732736684	293.199501	293.199582	293.199471	293.199872	0.000352418432	0	0	0	0	0	3
62	51	0	0.744748761	293.199501	293.199573	293.199471	293.199864	0.000357881725	0	0	0	0	0	3
63	51	0	0.756760838	293.1995	293.199564	293.199471	293.199855	0.000363064601	0	0	0	0	0	3
64	52	0	0.768772915	293.199499	293.199556	293.199471	293.199844	0.000367906858	0	0	0	0	0	3
65	53	0	0.780784991	293.199499	293.199548	293.199471	293.199833	0.000361594112	0	0	0	0	0	3
66	54	0	0.792797068	293.199497	293.19954	293.199471	293.199819	0.00034816936	0	0	0	0	0	3
67	54	0	0.804809145	293.199497	293.199532	293.199471	293.199796	0.000325006504	0	0	0	0	0	3
68	55	0	0.816821222	293.199496	293.199525	293.199471	293.199769	0.000298373051	0	0	0	0	0	3
69	56	0	0.828833299	293.199496	293.199518	293.199471	293.19974	0.000268697281	0	0	0	0	0	3
70	57	0	0.840845375	293.199497	293.199513	293.199471	293.199707	0.000236356259	0	0	0	0	0	3
71	58	0	0.852857452	293.199497	293.199508	293.199471	293.199673	0.000202423207	0	0	0	0	0	3
72	58	0	0.864869529	293.199497	293.199503	293.199471	293.199623	0.000152408036	0	0	0	0	0	3
73	59	0	0.876881606	293.199498	293.1995	293.199471	293.199578	0.000106536172	0	0	0	0	0	3
74	60	0	0.888893683	293.199498	293.199499	293.199471	293.199538	6.72343354e-05	0	0	0	0	0	3
75	61	0	0.900905759	293.199499	293.199498	293.199471	293.199508	3.68651573e-05	0	0	0	0	0	3
76	61	0	0.912917836	293.199499	293.199497	293.199471	293.199505	3.40538519e-05	0	0	0	0	0	3
77	62	0	0.924929913	293.199499	293.199498	293.199471	293.199505	3.40538519e-05	0	0	0	0	0	3
78	63	0	0.93694199	293.1995	293.199498	293.199471	293.199505	3.40538519e-05	0	0	0	0	0	3
79	64	0	0.948954067	293.1995	293.199499	293.199476	293.199505	2.8838026e-05	0	0	0	0	0	3
80	64	0	0.960966143	293.1995	293.1995	293.199484	293.199505	2.06991679e-05	0	0	0	0	0	3
81	65	0	0.97297822	293.1995	293.1995	293.199492	293.199505	1.34248494e-05	0	0	0	0	0	3
82	66	0	0.984990297	293.199499	293.1995	293.199496	293.199505	9.04578553e-06	0	0	0	0	0	3
83	67	0	0.997002374	293.199499	293.1995	293.199496	293.199505	9.04578553e-06	0	0	0	0	0	3
84	67	0	1.00901445	293.199498	293.1995	293.199496	293.199505	9.04578553e-06	1.55107044e-05	0	0	0	0	3
85	68	0	1.02102653	293.199498	293.1995	293.199496	293.199505	9.04578553e-06	1.55107044e-05	0	0	0	0	3
86	69	0	1.0330386	293.199498	293.1995	293.199496	293.199505	9.04578553e-06	1.55107044e-05	0	0	0	0	3
87	70	0	1.04505068	293.199498	293.1995	293.199496	293.199504	8.12996495e-06	1.55107044e-05	0	0	0	0	3
88	71	0	1.05706276	293.199498	293.199499	293.199496	293.199504	7.72543723e-06	1.55107044e-05	0	0	0	0	3
89	71	0	1.06907483	293.199497	293.199499	293.199496	293.199503	6.945015e-06	1.55107044e-05	0	0	0	0	3
90	72	0	1.08108691	293.199497	293.199499	293.199496	293.199502	6.10719661e-06	1.55107044e-05	0	0	0	0	3
91	73	0	1.09309899	293.199497	293.199499	293.199496	293.199502	5.5734854e-06	1.55107044e-05	0	0	0	0	3
92	74	0	1.10511106	293.199496	293.199499	293.199496	293.199502	5.5734854e-06	1.55107044e-05	0	0	0	0	3
93	74	0	1.11712314	293.199496	293.199499	293.199496	293.199502	5.82821281e-06	1.55107044e-05	0	0	0	0	3
94	75	0	1.12913522	293.199495	293.199499	293.199495	293.199502	6.38323536e-06	1.55107044e-05	0	0	0	0	3
95	76	0	1.1411473	293.199495	293.199498	293.199495	293.199502	6.46691723e-06	1.55107044e-05	0	0	0	0	3
96	77	0	1.15315937	293.199495	293.199498	293.199495	293.199502	7.03804039e-06	1.55107044e-05	0	0	0	0	3
97	77	0	1.16517145	293.199494	293.199498	293.199494	293.199502	7.12457984e-06	1.55107044e-05	0	0	0	0	3
98	78	0	1.17718353	293.199495	293.199498	293.199494	293.199502	7.12457984e-06	1.55107044e-05	0	0	0	0	3
99	79	0	1.1891956	293.199495	293.199498	293.199494	293.199502	7.12457984e-06	1.55107044e-05	0	0	0	0	3
100	80	0	1.20120768	293.199495	293.199498	293.199494	293.199502	7.08985141e-06	1.55107044e-05	0	0	0	0	3
101	81	0	1.21321976	293.199496	293.199498	293.199494	293.199501	6.79906867e-06	1.55107044e-05	0	0	0	0	3
102	82	0	1.22523183	293.199496	293.199497	293.199494	293.199501	6.67698413e-06	1.55107044e-05	0	0	0	0	3
103	83	0	1.23724391	293.199496	293.199497	293.199494	293.199501	6.10997148e-06	1.55107044e-05	0	0	0	0	3
104	84	0	1.24925599	293.199497	293.199497	293.199494	293.1995	5.70622302e-06	1.55107044e-05	0	0	0	0	3
105	85	0	1.26126806	293.199497	293.199497	293.199494	293.1995	5.70622302e-06	1.55107044e-05	0	0	0	0	3
106	86	0	1.27328014	293.199497	293.199497	293.199494	293.1995	5.70622302e-06	1.55107044e-05	0	0	0	0	3
107	87	0	1.28529222	293.199497	293.199497	293.199494	293.1995	5.70622302e-06	1.55107044e-05	0	0	0	0	3
108	88	0	1.29730429	293.199497	293.199497	293.199494	293.1995	5.70622302e-06	1.55107044e-05	0	0	0	0	3
109	88	0	1.30931637	293.199496	293.199497	293.199494	293.1995	5.70622302e-06	1.55107044e-05	0	0	0	0	3
110	89	0	1.32132845	293.199496	293.199497	293.199494	293.1995	5.70622302e-06	1.55107044e-05	0	0	0	0	3
111	90	0	1.33334052	293.199495	293.199497	293.199494	293.1995	5.70622302e-06	1.55107044e-05	0	0	0	0	3
112	91	0	1.3453526	293.199495	293.199497	293.199494	293.1995	5.70622302e-06	1.55107044e-05	0	0	0	0	3
113	92	0	1.35736468	293.199495	293.199497	293.199494	293.1995	5.70622302e-06	1.55107044e-05	0	0	0	0	3
114	93	0	1.36937675	293.199495	293.199497	293.199494	293.1995	3.61066657e-06	1.55107044e-05	0	0	0	0	3
115	94	0	1.38138883	293.199495	293.199497	293.199494	293.1995	3.39266325e-06	1.55107044e-05	0	0	0	0	3
116	94	0	1.39340091	293.199495	293.199497	293.199494	293.1995	3.4628776e-06	1.55107044e-05	0	0	0	0	3
117	95	0	1.40541298	293.199496	293.199497	293.199494	293.1995	3.52716756e-06	1.55107044e-05	0	0	0	0	3
118	96	0	1.41742506	293.199496	293.199497	293.199494	293.1995	3.58112004e-06	1.55107044e-05	0	0	0	0	3
119	97	0	1.42943714	293.199497	293.199497	293.199494	293.1995	3.64863985e-06	1.55107044e-05	0	0	0	0	3
120	98	0	1.44144922	293.199496	293.199496	293.199494	293.1995	3.7357176e-06	1.55107044e-05	0	0	0	0	3
121	98	0	1.45346129	293.199496	293.199496	293.199494	293.1995	3.83516101e-06	1.55107044e-05	0	0	0	0	3
122	99	0	1.46547337	293.199495	293.199496	293.199494	293.1995	3.94471772e-06	1.55107044e-05	0	0	0	0	3
123	100	0	1.47748545	293.199496	293.199496	293.199494	293.199499	4.03389225e-06	1.55107044e-05	0	0	0	0	3
124	101	0	1.48949752	293.199497	293.199496	293.199494	293.199499	4.08697991e-06	1.55107044e-05	0	0	0	0	3
