Iteration	CPUTime	PhysTime	Travels	Value	AvValue	MinValue	MaxValue	Delta	Criteria	PrevAvRefValue	Progress	CriteriaType	CriteriaVarType	CriteriaPercentage
1	3	0	0.0120036498	-35.0632821	-35.0632821	-35.0632821	-35.0632821	0	0	0	0	0	0	3
2	4	0	0.0240072995	9.00544321	-13.0289194	-35.0632821	9.00544321	22.0343627	0	0	0	0	0	3
3	5	0	0.0360109493	7.8894838	-6.05611837	-35.0632821	9.00544321	29.0071637	0	0	0	0	0	3
4	6	0	0.048014599	15.4635521	-0.67620076	-35.0632821	15.4635521	34.3870813	0	0	0	0	0	3
5	6	0	0.0600182488	-2.26191054	-0.993342716	-35.0632821	15.4635521	34.3870813	0	0	0	0	0	3
6	7	0	0.0720218985	6.46073502	0.249003573	-35.0632821	15.4635521	35.3122857	0	0	0	0	0	3
7	8	0	0.0840255483	4.59150015	0.869360227	-35.0632821	15.4635521	35.9326423	0	0	0	0	0	3
8	9	0	0.096029198	11.7681496	2.2317089	-35.0632821	15.4635521	37.294991	0	0	0	0	0	3
9	9	0	0.108032848	9.92408233	3.08641706	-35.0632821	15.4635521	38.1496992	0	0	0	0	0	3
10	10	0	0.120036498	14.4753838	4.22531374	-35.0632821	15.4635521	39.2885958	0	0	0	0	0	3
11	11	0	0.132040147	12.2368417	4.95363446	-35.0632821	15.4635521	40.0169166	0	0	0	0	0	3
12	11	0	0.144043797	13.924975	5.70124618	-35.0632821	15.4635521	40.7645283	0	0	0	0	0	3
13	12	0	0.156047447	12.8149156	6.24845152	-35.0632821	15.4635521	41.3117336	0	0	0	0	0	3
14	13	0	0.168051097	13.0043227	6.73101375	-35.0632821	15.4635521	41.7942958	0	0	0	0	0	3
15	14	0	0.180054746	11.3801099	7.0409535	-35.0632821	15.4635521	42.1042356	0	0	0	0	0	3
16	14	0	0.192058396	12.6250066	7.38995682	-35.0632821	15.4635521	42.4532389	0	0	0	0	0	3
17	15	0	0.204062046	11.9430625	7.65778656	-35.0632821	15.4635521	42.7210687	0	0	0	0	0	3
18	16	0	0.216065696	12.9584992	7.9522706	-35.0632821	15.4635521	43.0155527	0	0	0	0	0	3
19	16	0	0.228069345	13.05809	8.22099794	-35.0632821	15.4635521	43.28428	0	0	0	0	0	3
20	17	0	0.240072995	13.4734677	8.48362143	-35.0632821	15.4635521	43.5469035	0	0	0	0	0	3
21	18	0	0.252076645	13.1966682	8.70805222	-35.0632821	15.4635521	43.7713343	0	0	0	0	0	3
22	19	0	0.264080295	13.0835442	8.90693822	-35.0632821	15.4635521	43.9702203	0	0	0	0	0	3
23	19	0	0.276083944	13.4002364	9.10229901	-35.0632821	15.4635521	44.1655811	0	0	0	0	0	3
24	20	0	0.288087594	13.9706819	9.3051483	-35.0632821	15.4635521	44.3684304	0	0	0	0	0	3
25	21	0	0.300091244	13.5378889	9.47445792	-35.0632821	15.4635521	44.53774	0	0	0	0	0	3
26	22	0	0.312094894	14.0227533	9.64939236	-35.0632821	15.4635521	44.7126745	0	0	0	0	0	3
27	22	0	0.324098543	13.9499908	9.80867378	-35.0632821	15.4635521	44.8719559	0	0	0	0	0	3
28	23	0	0.336102193	14.3713335	9.97162592	-35.0632821	15.4635521	45.034908	0	0	0	0	0	3
29	24	0	0.348105843	14.0373072	10.1118218	-35.0632821	15.4635521	45.1751039	0	0	0	0	0	3
30	24	0	0.360109493	13.4507664	10.22312	-35.0632821	15.4635521	45.2864021	0	0	0	0	0	3
31	25	0	0.372113142	13.4899382	10.3285012	-35.0632821	15.4635521	45.3917833	0	0	0	0	0	3
32	26	0	0.384116792	13.5083499	10.4278715	-35.0632821	15.4635521	45.4911536	0	0	0	0	0	3
33	27	0	0.396120442	13.1124168	10.5092213	-35.0632821	15.4635521	45.5725034	0	0	0	0	0	3
34	27	0	0.408124092	13.2114006	10.5886972	-35.0632821	15.4635521	45.6519793	0	0	0	0	0	3
35	28	0	0.420127741	12.9393265	10.655858	-35.0632821	15.4635521	45.7191401	0	0	0	0	0	3
36	29	0	0.432131391	12.9013407	10.7182326	-35.0632821	15.4635521	45.7815147	0	0	0	0	0	3
37	30	0	0.444135041	12.7884945	10.7741856	-35.0632821	15.4635521	45.8374677	0	0	0	0	0	3
38	31	0	0.456138691	12.6171917	10.8226857	-35.0632821	15.4635521	45.8859678	0	0	0	0	0	3
39	32	0	0.46814234	12.5922298	10.8680587	-35.0632821	15.4635521	45.9313408	0	0	0	0	0	3
40	33	0	0.48014599	12.4808694	10.9083789	-35.0632821	15.4635521	45.971661	0	0	0	0	0	3
41	34	0	0.49214964	12.4165749	10.9451642	-35.0632821	15.4635521	46.0084463	0	0	0	0	0	3
42	34	0	0.50415329	12.4026237	10.9798656	-35.0632821	15.4635521	46.0431477	0	0	0	0	0	3
43	35	0	0.516156939	12.4973604	12.1122619	-2.26191054	15.4635521	17.7254626	0	0	0	0	0	3
44	36	0	0.528160589	12.5685086	12.1970968	-2.26191054	15.4635521	17.7254626	0	0	0	0	0	3
45	37	0	0.540164239	12.7162316	12.3120193	-2.26191054	15.4635521	13.305362	0	0	0	0	0	3
46	38	0	0.552167889	12.9190931	12.251437	-2.26191054	14.4753838	13.305362	0	0	0	0	0	3
47	39	0	0.564171538	13.0848769	12.6168367	4.59150015	14.4753838	9.88388366	0	0	0	0	0	3
48	40	0	0.576175188	13.1551031	12.7762264	4.59150015	14.4753838	9.88388366	0	0	0	0	0	3
49	41	0	0.588178838	13.4752617	12.9877445	9.92408233	14.4753838	4.55130148	0	0	0	0	0	3
50	42	0	0.600182488	13.4736523	13.0283517	9.92408233	14.4753838	4.55130148	0	0	0	0	0	3
51	43	0	0.612186137	13.536034	13.1143506	11.3801099	14.4753838	3.09527387	0	0	0	0	0	3
52	44	0	0.624189787	13.4931293	13.0909636	11.3801099	14.3713335	2.99122361	0	0	0	0	0	3
53	44	0	0.636193437	13.6111408	13.123685	11.3801099	14.3713335	2.99122361	0	0	0	0	0	3
54	45	0	0.648197087	13.4632432	13.1126914	11.3801099	14.3713335	2.99122361	0	0	0	0	0	3
55	46	0	0.660200736	13.5586682	13.1303997	11.3801099	14.3713335	2.99122361	0	0	0	0	0	3
56	47	0	0.672204386	13.4507928	13.14103	11.3801099	14.3713335	2.99122361	0	0	0	0	0	3
57	48	0	0.684208036	13.4800528	13.1910286	11.9430625	14.3713335	2.42827105	0	0	0	0	0	3
58	49	0	0.696211686	13.3738117	13.2088573	11.9430625	14.3713335	2.42827105	0	0	0	0	0	3
59	49	0	0.708215335	13.4481168	13.2446919	12.4026237	14.3713335	1.96870986	0	0	0	0	0	3
60	50	0	0.720218985	13.4226724	13.2557437	12.4026237	14.3713335	1.96870986	0	0	0	0	0	3
61	51	0	0.732222635	13.537957	13.2671691	12.4026237	14.3713335	1.96870986	0	0	0	0	0	3
62	52	0	0.744226285	13.5843231	13.2698085	12.4026237	14.3713335	1.96870986	0	0	0	0	0	3
63	53	0	0.756229934	13.5522429	13.2782746	12.4026237	14.3713335	1.96870986	0	0	0	0	0	3
64	53	0	0.768233584	13.4042481	13.2859104	12.4026237	14.3713335	1.96870986	0	0	0	0	0	3
65	54	0	0.780237234	13.4278644	13.2865682	12.4026237	14.3713335	1.96870986	0	0	0	0	0	3
66	55	0	0.792240884	13.1645941	13.2673756	12.4026237	14.3713335	1.96870986	0	0	0	0	0	3
67	56	0	0.804244533	13.2594016	13.260745	12.4026237	14.3713335	1.96870986	0	0	0	0	0	3
68	57	0	0.816248183	13.0250018	13.236989	12.4026237	14.3713335	1.96870986	0	0	0	0	0	3
69	57	0	0.828251833	13.1492026	13.2179226	12.4026237	14.3713335	1.96870986	0	0	0	0	0	3
70	58	0	0.840255483	13.0472618	13.1863971	12.4026237	14.0373072	1.63468353	0	0	0	0	0	3
71	59	0	0.852259132	13.3076927	13.1690253	12.4026237	13.6111408	1.20851716	0	0	0	0	0	3
72	60	0	0.864262782	13.0195915	13.1587592	12.4026237	13.6111408	1.20851716	0	0	0	0	0	3
73	61	0	0.876266432	13.3494589	13.1554145	12.4026237	13.6111408	1.20851716	0	0	0	0	0	3
74	61	0	0.888270082	13.4283846	13.1535106	12.4026237	13.6111408	1.20851716	0	0	0	0	0	3
75	62	0	0.900273731	13.482137	13.1623134	12.4026237	13.6111408	1.20851716	0	0	0	0	0	3
76	63	0	0.912277381	13.4643763	13.1683366	12.4026237	13.6111408	1.20851716	0	0	0	0	0	3
77	64	0	0.924281031	13.594725	13.1839414	12.4026237	13.6111408	1.20851716	0	0	0	0	0	3
78	65	0	0.936284681	13.4196483	13.196282	12.4026237	13.6111408	1.20851716	0	0	0	0	0	3
79	65	0	0.94828833	13.5354324	13.2140663	12.4026237	13.6111408	1.20851716	0	0	0	0	0	3
80	66	0	0.96029198	13.3518447	13.231558	12.4026237	13.6111408	1.20851716	0	0	0	0	0	3
81	67	0	0.97229563	13.3662632	13.2499874	12.4026237	13.6111408	1.20851716	0	0	0	0	0	3
82	68	0	0.98429928	13.2139094	13.2674407	12.4026237	13.6111408	1.20851716	0	0	0	0	0	3
83	69	0	0.996302929	13.4159231	13.2912347	12.4026237	13.6111408	1.20851716	0	0	0	0	0	3
84	69	0	1.00830658	13.287824	13.3123109	12.4973604	13.6111408	1.11378042	0.531763878	0	47.7	0	0	3
85	70	0	1.02031023	13.5246123	13.3367693	12.5685086	13.6111408	1.04263227	0.531763878	0	51	0	0	3
86	71	0	1.03231388	13.3689205	13.3558267	12.7162316	13.6111408	0.894909288	0.531763878	0	59.4	0	0	3
87	72	0	1.04431753	13.4560387	13.3734412	12.9190931	13.6111408	0.692047737	0.531763878	0	76.8	0	0	3
88	73	0	1.05632118	13.3450336	13.3835826	13.0195915	13.6111408	0.591549368	0.531763878	0	89.8	0	0	3
89	73	0	1.06832483	13.513395	13.3937854	13.0195915	13.6111408	0.591549368	0.531763878	0	89.8	0	0	3
90	74	0	1.08032848	13.3423116	13.3982428	13.0195915	13.6111408	0.410498244	0.531763878	0	100	0	0	3
91	75	0	1.09233213	13.5985984	13.4011794	13.0195915	13.6111408	0.372827626	0.531763878	0	100	0	0	3
92	76	0	1.10433578	13.2855493	13.3967007	13.0195915	13.6111408	0.310215791	0.531763878	0	100	0	0	3
93	77	0	1.11633943	13.3951479	13.3933463	13.0195915	13.6111408	0.310215791	0.531763878	0	100	0	0	3
94	77	0	1.12834308	13.154369	13.3852806	13.0195915	13.6111408	0.288487998	0.531763878	0	100	0	0	3
95	78	0	1.14034673	13.3272984	13.3785224	13.0195915	13.5985984	0.288487998	0.531763878	0	100	0	0	3
96	79	0	1.15235038	12.9679138	13.3667288	12.9679138	13.5985984	0.270779603	0.531763878	0	100	0	0	3
97	80	0	1.16435403	13.3006375	13.3605853	12.9679138	13.5985984	0.260149363	0.531763878	0	100	0	0	3
