Iteration	CPUTime	PhysTime	Travels	Value	AvValue	MinValue	MaxValue	Delta	Criteria	PrevAvRefValue	Progress	CriteriaType	CriteriaVarType	CriteriaPercentage
1	3	0	0.0120036498	1468.88572	1468.88572	1468.88572	1468.88572	0	0	0	0	0	0	3
2	4	0	0.0240072995	202.20294	835.544329	202.20294	1468.88572	633.341389	0	0	0	0	0	3
3	5	0	0.0360109493	103.732994	591.607217	103.732994	1468.88572	877.278501	0	0	0	0	0	3
4	6	0	0.048014599	37.6854717	453.126781	37.6854717	1468.88572	1015.75894	0	0	0	0	0	3
5	6	0	0.0600182488	29.2102638	368.343477	29.2102638	1468.88572	1100.54224	0	0	0	0	0	3
6	7	0	0.0720218985	26.4956098	311.368833	26.4956098	1468.88572	1157.51689	0	0	0	0	0	3
7	8	0	0.0840255483	33.8383949	271.721627	26.4956098	1468.88572	1197.16409	0	0	0	0	0	3
8	9	0	0.096029198	39.2460002	242.662174	26.4956098	1468.88572	1226.22354	0	0	0	0	0	3
9	9	0	0.108032848	41.6345814	220.325775	26.4956098	1468.88572	1248.55994	0	0	0	0	0	3
10	10	0	0.120036498	46.2250502	202.915702	26.4956098	1468.88572	1265.97002	0	0	0	0	0	3
11	11	0	0.132040147	40.2386705	188.126881	26.4956098	1468.88572	1280.75884	0	0	0	0	0	3
12	11	0	0.144043797	39.9411322	175.778069	26.4956098	1468.88572	1293.10765	0	0	0	0	0	3
13	12	0	0.156047447	39.0946594	165.26396	26.4956098	1468.88572	1303.62176	0	0	0	0	0	3
14	13	0	0.168051097	37.3669872	156.128462	26.4956098	1468.88572	1312.75726	0	0	0	0	0	3
15	14	0	0.180054746	35.3715978	148.078005	26.4956098	1468.88572	1320.80771	0	0	0	0	0	3
16	14	0	0.192058396	35.8436034	141.063355	26.4956098	1468.88572	1327.82236	0	0	0	0	0	3
17	15	0	0.204062046	35.0354648	134.82642	26.4956098	1468.88572	1334.0593	0	0	0	0	0	3
18	16	0	0.216065696	35.2930444	129.296788	26.4956098	1468.88572	1339.58893	0	0	0	0	0	3
19	16	0	0.228069345	35.2941825	124.349282	26.4956098	1468.88572	1344.53644	0	0	0	0	0	3
20	17	0	0.240072995	35.4851922	119.906078	26.4956098	1468.88572	1348.97964	0	0	0	0	0	3
21	18	0	0.252076645	34.7532766	115.851183	26.4956098	1468.88572	1353.03454	0	0	0	0	0	3
22	19	0	0.264080295	33.0343961	112.086783	26.4956098	1468.88572	1356.79893	0	0	0	0	0	3
23	19	0	0.276083944	33.043653	108.650125	26.4956098	1468.88572	1360.23559	0	0	0	0	0	3
24	20	0	0.288087594	33.9506602	105.537648	26.4956098	1468.88572	1363.34807	0	0	0	0	0	3
25	21	0	0.300091244	32.2509996	102.606182	26.4956098	1468.88572	1366.27954	0	0	0	0	0	3
26	22	0	0.312094894	33.1792588	99.9359155	26.4956098	1468.88572	1368.9498	0	0	0	0	0	3
27	22	0	0.324098543	32.2719848	97.429844	26.4956098	1468.88572	1371.45587	0	0	0	0	0	3
28	23	0	0.336102193	33.3012894	95.1395384	26.4956098	1468.88572	1373.74618	0	0	0	0	0	3
29	24	0	0.348105843	32.0983351	92.9657038	26.4956098	1468.88572	1375.92001	0	0	0	0	0	3
30	24	0	0.360109493	31.4046241	90.9136679	26.4956098	1468.88572	1377.97205	0	0	0	0	0	3
31	25	0	0.372113142	30.8458697	88.9759969	26.4956098	1468.88572	1379.90972	0	0	0	0	0	3
32	26	0	0.384116792	31.191249	87.1702236	26.4956098	1468.88572	1381.71549	0	0	0	0	0	3
33	27	0	0.396120442	30.2189766	85.4444282	26.4956098	1468.88572	1383.44129	0	0	0	0	0	3
34	27	0	0.408124092	30.4060233	83.8256516	26.4956098	1468.88572	1385.06007	0	0	0	0	0	3
35	28	0	0.420127741	29.7725419	82.281277	26.4956098	1468.88572	1386.60444	0	0	0	0	0	3
36	29	0	0.432131391	29.8894522	80.8259486	26.4956098	1468.88572	1388.05977	0	0	0	0	0	3
37	30	0	0.444135041	29.5920142	79.4412476	26.4956098	1468.88572	1389.44447	0	0	0	0	0	3
38	31	0	0.456138691	29.6601948	78.1312199	26.4956098	1468.88572	1390.7545	0	0	0	0	0	3
39	32	0	0.46814234	29.4103973	76.8819681	26.4956098	1468.88572	1392.00375	0	0	0	0	0	3
40	33	0	0.48014599	29.2395977	75.6909088	26.4956098	1468.88572	1393.19481	0	0	0	0	0	3
41	34	0	0.49214964	29.0084153	74.5523114	26.4956098	1468.88572	1394.33341	0	0	0	0	0	3
42	34	0	0.50415329	28.7509983	73.461804	26.4956098	1468.88572	1395.42391	0	0	0	0	0	3
43	35	0	0.516156939	28.7742819	39.1734364	26.4956098	202.20294	175.70733	0	0	0	0	0	3
44	36	0	0.528160589	28.7095729	35.042642	26.4956098	103.732994	77.2373839	0	0	0	0	0	3
45	37	0	0.540164239	28.8360911	33.2593824	26.4956098	46.2250502	19.7294404	0	0	0	0	0	3
46	38	0	0.552167889	29.0560514	33.05392	26.4956098	46.2250502	19.7294404	0	0	0	0	0	3
47	39	0	0.564171538	29.2614517	33.0551388	26.4956098	46.2250502	19.7294404	0	0	0	0	0	3
48	40	0	0.576175188	29.3264907	33.1225407	28.7095729	46.2250502	17.5154773	0	0	0	0	0	3
49	41	0	0.588178838	29.629266	33.0223233	28.7095729	46.2250502	17.5154773	0	0	0	0	0	3
50	42	0	0.600182488	29.5285405	32.7909552	28.7095729	46.2250502	17.5154773	0	0	0	0	0	3
51	43	0	0.612186137	29.5756175	32.5038371	28.7095729	46.2250502	17.5154773	0	0	0	0	0	3
52	44	0	0.624189787	29.4516587	32.1044706	28.7095729	40.2386705	11.5290976	0	0	0	0	0	3
53	44	0	0.636193437	29.5752466	31.8505795	28.7095729	39.9411322	11.2315593	0	0	0	0	0	3
54	45	0	0.648197087	29.3901968	31.5993668	28.7095729	39.0946594	10.3850865	0	0	0	0	0	3
55	46	0	0.660200736	29.5254701	31.371529	28.7095729	37.3669872	8.6574143	0	0	0	0	0	3
56	47	0	0.672204386	29.1693881	31.176348	28.7095729	35.8436034	7.13403046	0	0	0	0	0	3
57	48	0	0.684208036	29.1771436	31.028861	28.7095729	35.8436034	7.13403046	0	0	0	0	0	3
58	49	0	0.696211686	28.8333563	30.8619504	28.7095729	35.4851922	6.77561932	0	0	0	0	0	3
59	49	0	0.708215335	28.8587747	30.7148863	28.7095729	35.4851922	6.77561932	0	0	0	0	0	3
60	50	0	0.720218985	28.7631552	30.5594128	28.7095729	35.4851922	6.77561932	0	0	0	0	0	3
61	51	0	0.732222635	28.9450734	30.4082435	28.7095729	35.4851922	6.77561932	0	0	0	0	0	3
62	52	0	0.744226285	29.0792049	30.25572	28.7095729	34.7532766	6.0437037	0	0	0	0	0	3
63	53	0	0.756229934	29.1452488	30.1221955	28.7095729	33.9506602	5.2410873	0	0	0	0	0	3
64	53	0	0.768233584	28.8792785	30.0232642	28.7095729	33.9506602	5.2410873	0	0	0	0	0	3
65	54	0	0.780237234	28.8568473	29.9235783	28.7095729	33.9506602	5.2410873	0	0	0	0	0	3
66	55	0	0.792240884	28.5088313	29.794011	28.5088313	33.3012894	4.79245811	0	0	0	0	0	3
67	56	0	0.804244533	28.5656007	29.7062634	28.5088313	33.3012894	4.79245811	0	0	0	0	0	3
68	57	0	0.816248183	28.1833625	29.5873135	28.1833625	33.3012894	5.11792691	0	0	0	0	0	3
69	57	0	0.828251833	28.4063646	29.4952749	28.1833625	33.3012894	5.11792691	0	0	0	0	0	3
70	58	0	0.840255483	28.1868081	29.3735015	28.1833625	32.0983351	3.9149726	0	0	0	0	0	3
71	59	0	0.852259132	28.7242248	29.2931656	28.1833625	31.4046241	3.22126162	0	0	0	0	0	3
72	60	0	0.864262782	28.2719484	29.218578	28.1833625	31.191249	3.00788656	0	0	0	0	0	3
73	61	0	0.876266432	28.8278442	29.1705298	28.1833625	31.191249	3.00788656	0	0	0	0	0	3
74	61	0	0.888270082	28.8539435	29.1148797	28.1833625	30.4060233	2.22266079	0	0	0	0	0	3
75	62	0	0.900273731	28.9867084	29.08554	28.1833625	30.4060233	2.22266079	0	0	0	0	0	3
76	63	0	0.912277381	28.9159506	29.050062	28.1833625	29.8894522	1.70608975	0	0	0	0	0	3
77	64	0	0.924281031	29.3357236	29.0396616	28.1833625	29.8894522	1.70608975	0	0	0	0	0	3
78	65	0	0.936284681	29.0362395	29.019347	28.1833625	29.6601948	1.47683227	0	0	0	0	0	3
79	65	0	0.94828833	29.4828615	29.0167481	28.1833625	29.6601948	1.47683227	0	0	0	0	0	3
80	66	0	0.96029198	29.2118641	29.0060736	28.1833625	29.629266	1.44590356	0	0	0	0	0	3
81	67	0	0.97229563	29.3884908	29.005552	28.1833625	29.629266	1.44590356	0	0	0	0	0	3
82	68	0	0.98429928	28.9438912	28.9985114	28.1833625	29.629266	1.44590356	0	0	0	0	0	3
83	69	0	0.996302929	29.2326374	29.00385	28.1833625	29.629266	1.44590356	0	0	0	0	0	3
84	69	0	1.00830658	28.9495892	29.0085784	28.1833625	29.629266	1.44590356	2.31712152	0	100	0	0	3
85	70	0	1.02031023	29.3513706	29.0223186	28.1833625	29.629266	1.44590356	2.31712152	0	100	0	0	3
86	71	0	1.03231388	29.0516949	29.0304643	28.1833625	29.629266	1.44590356	2.31712152	0	100	0	0	3
87	72	0	1.04431753	29.2280794	29.0397974	28.1833625	29.629266	1.44590356	2.31712152	0	100	0	0	3
88	73	0	1.05632118	28.9927516	29.0382902	28.1833625	29.629266	1.44590356	2.31712152	0	100	0	0	3
89	73	0	1.06832483	29.2607516	29.0382736	28.1833625	29.629266	1.44590356	2.31712152	0	100	0	0	3
90	74	0	1.08032848	28.9494989	29.0292976	28.1833625	29.629266	1.44590356	2.31712152	0	100	0	0	3
91	75	0	1.09233213	29.3885124	29.0235654	28.1833625	29.5756175	1.39225503	2.31712152	0	100	0	0	3
92	76	0	1.10433578	28.9986125	29.010948	28.1833625	29.5756175	1.39225503	2.31712152	0	100	0	0	3
93	77	0	1.11633943	29.3492301	29.0055578	28.1833625	29.5752466	1.39188409	2.31712152	0	100	0	0	3
94	77	0	1.12834308	28.8627456	28.9915361	28.1833625	29.5752466	1.39188409	2.31712152	0	100	0	0	3
95	78	0	1.14034673	29.2507164	28.9838092	28.1833625	29.5254701	1.34210758	2.31712152	0	100	0	0	3
96	79	0	1.15235038	28.6873128	28.9670739	28.1833625	29.5254701	1.34210758	2.31712152	0	100	0	0	3
97	80	0	1.16435403	29.2816591	28.9612688	28.1833625	29.4828615	1.29949897	2.31712152	0	100	0	0	3
