Iteration	CPUTime	PhysTime	Travels	Value	AvValue	MinValue	MaxValue	Delta	Criteria	PrevAvRefValue	Progress	CriteriaType	CriteriaVarType	CriteriaPercentage
1	3	0	0.0120036498	293.199977	293.199977	293.199977	293.199977	0	0	0	0	0	0	3
2	4	0	0.0240072995	293.19996	293.199969	293.19996	293.199977	8.17774975e-06	0	0	0	0	0	3
3	5	0	0.0360109493	293.199958	293.199965	293.199958	293.199977	1.1669942e-05	0	0	0	0	0	3
4	6	0	0.048014599	293.199953	293.199962	293.199953	293.199977	1.4783624e-05	0	0	0	0	0	3
5	6	0	0.0600182488	293.199948	293.199959	293.199948	293.199977	1.765799e-05	0	0	0	0	0	3
6	7	0	0.0720218985	293.199938	293.199956	293.199938	293.199977	2.11056181e-05	0	0	0	0	0	3
7	8	0	0.0840255483	293.199928	293.199952	293.199928	293.199977	2.50317001e-05	0	0	0	0	0	3
8	9	0	0.096029198	293.199918	293.199947	293.199918	293.199977	2.92927299e-05	0	0	0	0	0	3
9	9	0	0.108032848	293.199908	293.199943	293.199908	293.199977	3.36641854e-05	0	0	0	0	0	3
10	10	0	0.120036498	293.199899	293.199939	293.199899	293.199977	3.80866565e-05	0	0	0	0	0	3
11	11	0	0.132040147	293.199888	293.199934	293.199888	293.199977	4.26971159e-05	0	0	0	0	0	3
12	11	0	0.144043797	293.199878	293.199929	293.199878	293.199977	4.73805512e-05	0	0	0	0	0	3
13	12	0	0.156047447	293.199869	293.199925	293.199869	293.199977	5.20235801e-05	0	0	0	0	0	3
14	13	0	0.168051097	293.199861	293.19992	293.199861	293.199977	5.66024208e-05	0	0	0	0	0	3
15	14	0	0.180054746	293.199853	293.199916	293.199853	293.199977	6.10568288e-05	0	0	0	0	0	3
16	14	0	0.192058396	293.199843	293.199911	293.199843	293.199977	6.55839007e-05	0	0	0	0	0	3
17	15	0	0.204062046	293.199834	293.199907	293.199834	293.199977	7.00977816e-05	0	0	0	0	0	3
18	16	0	0.216065696	293.199826	293.199902	293.199826	293.199977	7.45861469e-05	0	0	0	0	0	3
19	16	0	0.228069345	293.199818	293.199898	293.199818	293.199977	7.90262549e-05	0	0	0	0	0	3
20	17	0	0.240072995	293.199809	293.199893	293.199809	293.199977	8.34366592e-05	0	0	0	0	0	3
21	18	0	0.252076645	293.199797	293.199889	293.199797	293.199977	8.8031173e-05	0	0	0	0	0	3
22	19	0	0.264080295	293.199784	293.199884	293.199784	293.199977	9.28052746e-05	0	0	0	0	0	3
23	19	0	0.276083944	293.199769	293.199879	293.199769	293.199977	9.77962312e-05	0	0	0	0	0	3
24	20	0	0.288087594	293.199753	293.199874	293.199753	293.199977	0.000103032517	0	0	0	0	0	3
25	21	0	0.300091244	293.199736	293.199868	293.199736	293.199977	0.000108542441	0	0	0	0	0	3
26	22	0	0.312094894	293.199707	293.199862	293.199707	293.199977	0.000114747	0	0	0	0	0	3
27	22	0	0.324098543	293.199675	293.199855	293.199675	293.199977	0.000121682819	0	0	0	0	0	3
28	23	0	0.336102193	293.199639	293.199847	293.199639	293.199977	0.000129391738	0	0	0	0	0	3
29	24	0	0.348105843	293.199601	293.199839	293.199601	293.199977	0.000137881839	0	0	0	0	0	3
30	24	0	0.360109493	293.199562	293.19983	293.199562	293.199977	0.000147123221	0	0	0	0	0	3
31	25	0	0.372113142	293.199503	293.199819	293.199503	293.199977	0.000157668089	0	0	0	0	0	3
32	26	0	0.384116792	293.199448	293.199807	293.199448	293.199977	0.000169271516	0	0	0	0	0	3
33	27	0	0.396120442	293.1994	293.199795	293.1994	293.199977	0.00018161531	0	0	0	0	0	3
34	27	0	0.408124092	293.199362	293.199782	293.199362	293.199977	0.00019435849	0	0	0	0	0	3
35	28	0	0.420127741	293.199333	293.199769	293.199333	293.199977	0.0002071898	0	0	0	0	0	3
36	29	0	0.432131391	293.199309	293.199757	293.199309	293.199977	0.000219988752	0	0	0	0	0	3
37	30	0	0.444135041	293.199299	293.199744	293.199299	293.199977	0.000232363514	0	0	0	0	0	3
38	31	0	0.456138691	293.199298	293.199733	293.199298	293.199977	0.00024411559	0	0	0	0	0	3
39	32	0	0.46814234	293.199301	293.199722	293.199298	293.199977	0.000255184975	0	0	0	0	0	3
40	33	0	0.48014599	293.199305	293.199711	293.199298	293.199977	0.000265607762	0	0	0	0	0	3
41	34	0	0.49214964	293.199309	293.199701	293.199298	293.199977	0.000275411758	0	0	0	0	0	3
42	34	0	0.50415329	293.199311	293.199692	293.199298	293.199977	0.000284705538	0	0	0	0	0	3
43	35	0	0.516156939	293.199312	293.199676	293.199298	293.19996	0.000292365277	0	0	0	0	0	3
44	36	0	0.528160589	293.199311	293.199661	293.199298	293.199958	0.0003043368	0	0	0	0	0	3
45	37	0	0.540164239	293.19931	293.199645	293.199298	293.199953	0.000316648372	0	0	0	0	0	3
46	38	0	0.552167889	293.199309	293.19963	293.199298	293.199948	0.000329090069	0	0	0	0	0	3
47	39	0	0.564171538	293.199309	293.199615	293.199298	293.199938	0.000340851611	0	0	0	0	0	3
48	40	0	0.576175188	293.199308	293.1996	293.199298	293.199928	0.00035193652	0	0	0	0	0	3
49	41	0	0.588178838	293.199309	293.199585	293.199298	293.199918	0.000362426756	0	0	0	0	0	3
50	42	0	0.600182488	293.199308	293.19957	293.199298	293.199908	0.000372574568	0	0	0	0	0	3
51	43	0	0.612186137	293.199309	293.199556	293.199298	293.199899	0.000382426486	0	0	0	0	0	3
52	44	0	0.624189787	293.199308	293.199542	293.199298	293.199888	0.000391876748	0	0	0	0	0	3
53	44	0	0.636193437	293.199308	293.199528	293.199298	293.199878	0.000400991755	0	0	0	0	0	3
54	45	0	0.648197087	293.199309	293.199515	293.199298	293.199869	0.000409896727	0	0	0	0	0	3
55	46	0	0.660200736	293.199309	293.199501	293.199298	293.199861	0.000418657266	0	0	0	0	0	3
56	47	0	0.672204386	293.199308	293.199488	293.199298	293.199853	0.000427363663	0	0	0	0	0	3
57	48	0	0.684208036	293.199307	293.199475	293.199298	293.199843	0.000435838406	0	0	0	0	0	3
58	49	0	0.696211686	293.199308	293.199463	293.199298	293.199834	0.000444077182	0	0	0	0	0	3
59	49	0	0.708215335	293.199308	293.19945	293.199298	293.199826	0.000452129757	0	0	0	0	0	3
60	50	0	0.720218985	293.199308	293.199438	293.199298	293.199818	0.00046002271	0	0	0	0	0	3
61	51	0	0.732222635	293.199308	293.199425	293.199298	293.199809	0.000467760071	0	0	0	0	0	3
62	52	0	0.744226285	293.199307	293.199414	293.199298	293.199797	0.000475128053	0	0	0	0	0	3
63	53	0	0.756229934	293.199307	293.199402	293.199298	293.199784	0.00048200727	0	0	0	0	0	3
64	53	0	0.768233584	293.199306	293.199391	293.199298	293.199769	0.00047134515	0	0	0	0	0	3
65	54	0	0.780237234	293.199306	293.199379	293.199298	293.199753	0.000455475347	0	0	0	0	0	3
66	55	0	0.792240884	293.199306	293.199369	293.199298	293.199736	0.000438161804	0	0	0	0	0	3
67	56	0	0.804244533	293.199306	293.199359	293.199298	293.199707	0.000409081461	0	0	0	0	0	3
68	57	0	0.816248183	293.199306	293.199349	293.199298	293.199675	0.000376928297	0	0	0	0	0	3
69	57	0	0.828251833	293.199306	293.19934	293.199298	293.199639	0.00034140988	0	0	0	0	0	3
70	58	0	0.840255483	293.199306	293.199332	293.199298	293.199601	0.000303337774	0	0	0	0	0	3
71	59	0	0.852259132	293.199306	293.199325	293.199298	293.199562	0.000263819107	0	0	0	0	0	3
72	60	0	0.864262782	293.199305	293.199319	293.199298	293.199503	0.000204928299	0	0	0	0	0	3
73	61	0	0.876266432	293.199304	293.199314	293.199298	293.199448	0.000149964679	0	0	0	0	0	3
74	61	0	0.888270082	293.199303	293.199311	293.199298	293.1994	0.000102325701	0	0	0	0	0	3
75	62	0	0.900273731	293.199302	293.199309	293.199298	293.199362	6.40590191e-05	0	0	0	0	0	3
76	63	0	0.912277381	293.199303	293.199307	293.199298	293.199333	3.54880857e-05	0	0	0	0	0	3
77	64	0	0.924281031	293.199304	293.199307	293.199298	293.199312	1.37678878e-05	0	0	0	0	0	3
78	65	0	0.936284681	293.199304	293.199306	293.199298	293.199312	1.37678878e-05	0	0	0	0	0	3
79	65	0	0.94828833	293.199304	293.199307	293.199298	293.199312	1.37678878e-05	0	0	0	0	0	3
80	66	0	0.96029198	293.199304	293.199307	293.199301	293.199312	1.06470582e-05	0	0	0	0	0	3
81	67	0	0.97229563	293.199305	293.199307	293.199302	293.199312	9.01567097e-06	0	0	0	0	0	3
82	68	0	0.98429928	293.199305	293.199307	293.199302	293.199312	9.01567097e-06	0	0	0	0	0	3
83	69	0	0.996302929	293.199305	293.199307	293.199302	293.199312	9.01567097e-06	0	0	0	0	0	3
84	69	0	1.00830658	293.199304	293.199307	293.199302	293.199312	9.01567097e-06	1.9808643e-05	0	0	0	0	3
85	70	0	1.02031023	293.199305	293.199306	293.199302	293.199311	8.35869355e-06	1.9808643e-05	0	0	0	0	3
86	71	0	1.03231388	293.199305	293.199306	293.199302	293.19931	7.67519947e-06	1.9808643e-05	0	0	0	0	3
87	72	0	1.04431753	293.199304	293.199306	293.199302	293.199309	6.79090385e-06	1.9808643e-05	0	0	0	0	3
88	73	0	1.05632118	293.199303	293.199306	293.199302	293.199309	6.2758391e-06	1.9808643e-05	0	0	0	0	3
89	73	0	1.06832483	293.199304	293.199306	293.199302	293.199309	6.2758391e-06	1.9808643e-05	0	0	0	0	3
90	74	0	1.08032848	293.199303	293.199306	293.199302	293.199309	6.2758391e-06	1.9808643e-05	0	0	0	0	3
91	75	0	1.09233213	293.199303	293.199306	293.199302	293.199309	6.2758391e-06	1.9808643e-05	0	0	0	0	3
92	76	0	1.10433578	293.199304	293.199306	293.199302	293.199309	6.2758391e-06	1.9808643e-05	0	0	0	0	3
93	77	0	1.11633943	293.199304	293.199305	293.199302	293.199309	6.2758391e-06	1.9808643e-05	0	0	0	0	3
94	77	0	1.12834308	293.199304	293.199305	293.199302	293.199309	6.2758391e-06	1.9808643e-05	0	0	0	0	3
95	78	0	1.14034673	293.199303	293.199305	293.199302	293.199309	6.2758391e-06	1.9808643e-05	0	0	0	0	3
96	79	0	1.15235038	293.199303	293.199305	293.199302	293.199309	6.1963504e-06	1.9808643e-05	0	0	0	0	3
97	80	0	1.16435403	293.199302	293.199305	293.199302	293.199308	5.70373641e-06	1.9808643e-05	0	0	0	0	3
