Iteration	CPUTime	PhysTime	Travels	Value	AvValue	MinValue	MaxValue	Delta	Criteria	PrevAvRefValue	Progress	CriteriaType	CriteriaVarType	CriteriaPercentage
1	4	0	0.0120050342	3098.93701	3098.93701	3098.93701	3098.93701	0	0	0	0	0	0	3
2	4	0	0.0240100683	351.079469	1725.00824	351.079469	3098.93701	1373.92877	0	0	0	0	0	3
3	5	0	0.0360151025	124.476218	1191.49756	124.476218	3098.93701	1907.43944	0	0	0	0	0	3
4	6	0	0.0480201366	57.0355914	907.882071	57.0355914	3098.93701	2191.05493	0	0	0	0	0	3
5	7	0	0.0600251708	86.8895433	743.683565	57.0355914	3098.93701	2355.25344	0	0	0	0	0	3
6	8	0	0.0720302049	70.4398438	631.476278	57.0355914	3098.93701	2467.46073	0	0	0	0	0	3
7	8	0	0.0840352391	82.2265026	553.012025	57.0355914	3098.93701	2545.92498	0	0	0	0	0	3
8	9	0	0.0960402732	67.8595805	492.367969	57.0355914	3098.93701	2606.56904	0	0	0	0	0	3
9	10	0	0.108045307	83.9500268	446.988198	57.0355914	3098.93701	2651.94881	0	0	0	0	0	3
10	11	0	0.120050342	66.5729053	408.946669	57.0355914	3098.93701	2689.99034	0	0	0	0	0	3
11	12	0	0.132055376	73.7855308	378.477474	57.0355914	3098.93701	2720.45953	0	0	0	0	0	3
12	13	0	0.14406041	59.2352858	351.873959	57.0355914	3098.93701	2747.06305	0	0	0	0	0	3
13	13	0	0.156065444	67.3319154	329.986109	57.0355914	3098.93701	2768.9509	0	0	0	0	0	3
14	14	0	0.168070478	59.2343959	310.646701	57.0355914	3098.93701	2788.2903	0	0	0	0	0	3
15	15	0	0.180075512	68.7850476	294.522591	57.0355914	3098.93701	2804.41441	0	0	0	0	0	3
16	16	0	0.192080546	58.4239129	279.766423	57.0355914	3098.93701	2819.17058	0	0	0	0	0	3
17	17	0	0.204085581	64.5361234	267.105817	57.0355914	3098.93701	2831.83119	0	0	0	0	0	3
18	18	0	0.216090615	56.4725923	255.403972	56.4725923	3098.93701	2843.53303	0	0	0	0	0	3
19	18	0	0.228095649	63.0961905	245.282509	56.4725923	3098.93701	2853.6545	0	0	0	0	0	3
20	19	0	0.240100683	55.3930985	235.788039	55.3930985	3098.93701	2863.14897	0	0	0	0	0	3
21	20	0	0.252105717	59.0645475	227.372635	55.3930985	3098.93701	2871.56437	0	0	0	0	0	3
22	21	0	0.264110751	57.3633273	219.644939	55.3930985	3098.93701	2879.29207	0	0	0	0	0	3
23	22	0	0.276115786	58.8575686	212.654184	55.3930985	3098.93701	2886.28282	0	0	0	0	0	3
24	23	0	0.28812082	56.2497313	206.137331	55.3930985	3098.93701	2892.79967	0	0	0	0	0	3
25	24	0	0.300125854	58.0765093	200.214899	55.3930985	3098.93701	2898.72211	0	0	0	0	0	3
26	25	0	0.312130888	55.5443632	194.650647	55.3930985	3098.93701	2904.28636	0	0	0	0	0	3
27	25	0	0.324135922	56.4185732	189.530941	55.3930985	3098.93701	2909.40606	0	0	0	0	0	3
28	26	0	0.336140956	53.4523793	184.670992	53.4523793	3098.93701	2914.26601	0	0	0	0	0	3
29	27	0	0.34814599	54.5340858	180.183513	53.4523793	3098.93701	2918.75349	0	0	0	0	0	3
30	28	0	0.360151025	53.6251179	175.964899	53.4523793	3098.93701	2922.97211	0	0	0	0	0	3
31	29	0	0.372156059	53.8681172	172.026294	53.4523793	3098.93701	2926.91071	0	0	0	0	0	3
32	30	0	0.384161093	52.3543252	168.286545	52.3543252	3098.93701	2930.65046	0	0	0	0	0	3
33	31	0	0.396166127	52.3664383	164.773814	52.3543252	3098.93701	2934.16319	0	0	0	0	0	3
34	31	0	0.408171161	51.1659944	161.432408	51.1659944	3098.93701	2937.5046	0	0	0	0	0	3
35	32	0	0.420176195	51.6153828	158.294778	51.1659944	3098.93701	2940.64223	0	0	0	0	0	3
36	33	0	0.43218123	50.6421577	155.304428	50.6421577	3098.93701	2943.63258	0	0	0	0	0	3
37	34	0	0.444186264	50.4826711	152.471407	50.4826711	3098.93701	2946.4656	0	0	0	0	0	3
38	35	0	0.456191298	49.9929163	149.774605	49.9929163	3098.93701	2949.1624	0	0	0	0	0	3
39	36	0	0.468196332	49.9701875	147.215517	49.9701875	3098.93701	2951.72149	0	0	0	0	0	3
40	37	0	0.480201366	49.6398575	144.776126	49.6398575	3098.93701	2954.16088	0	0	0	0	0	3
41	38	0	0.4922064	49.591497	142.454549	49.591497	3098.93701	2956.48246	0	0	0	0	0	3
42	39	0	0.504211434	49.3839826	140.238584	49.3839826	3098.93701	2958.69842	0	0	0	0	0	3
43	40	0	0.516216469	49.6053904	67.6354499	49.3839826	351.079469	301.695486	0	0	0	0	0	3
44	41	0	0.528221503	49.0430472	60.4441065	49.0430472	124.476218	75.4331708	0	0	0	0	0	3
45	41	0	0.540226537	49.3935488	58.6564239	49.0430472	86.8895433	37.8464961	0	0	0	0	0	3
46	42	0	0.552231571	48.8622983	58.4618217	48.8622983	86.8895433	38.0272449	0	0	0	0	0	3
47	43	0	0.564236605	49.1010549	57.5620958	48.8622983	83.9500268	35.0877285	0	0	0	0	0	3
48	44	0	0.576241639	48.5908564	57.0418818	48.5908564	83.9500268	35.3591704	0	0	0	0	0	3
49	45	0	0.588246674	48.8794899	56.2479053	48.5908564	83.9500268	35.3591704	0	0	0	0	0	3
50	46	0	0.600251708	48.2079342	55.780009	48.2079342	83.9500268	35.7420926	0	0	0	0	0	3
51	47	0	0.612256742	48.654401	54.9396369	48.2079342	73.7855308	25.5775966	0	0	0	0	0	3
52	48	0	0.624261776	48.2306351	54.5029162	48.2079342	73.7855308	25.5775966	0	0	0	0	0	3
53	49	0	0.63626681	48.461142	53.8999546	48.2079342	68.7850476	20.5771133	0	0	0	0	0	3
54	49	0	0.648271844	48.1214243	53.6353388	48.1214243	68.7850476	20.6636232	0	0	0	0	0	3
55	50	0	0.660276878	48.5458792	53.1880522	48.1214243	68.7850476	20.6636232	0	0	0	0	0	3
56	51	0	0.672281913	47.9917249	52.9203696	47.9917249	68.7850476	20.7933227	0	0	0	0	0	3
57	52	0	0.684286947	48.4863678	52.4370677	47.9917249	64.5361234	16.5443986	0	0	0	0	0	3
58	53	0	0.696291981	48.0909307	52.1910443	47.9917249	64.5361234	16.5443986	0	0	0	0	0	3
59	54	0	0.708297015	48.4561327	51.8081874	47.9917249	63.0961905	15.1044656	0	0	0	0	0	3
60	55	0	0.720302049	48.1109058	51.6090996	47.9917249	63.0961905	15.1044656	0	0	0	0	0	3
61	56	0	0.732307083	48.5596489	51.2629915	47.9917249	59.0645475	11.0728227	0	0	0	0	0	3
62	57	0	0.744312118	48.0180738	51.0873956	47.9917249	59.0645475	11.0728227	0	0	0	0	0	3
63	58	0	0.756317152	48.5766369	50.8376835	47.9917249	58.8575686	10.8658437	0	0	0	0	0	3
64	59	0	0.768322186	48.3010508	50.621915	47.9917249	58.8575686	10.8658437	0	0	0	0	0	3
65	59	0	0.78032722	48.4640258	50.3744497	47.9917249	58.0765093	10.0847845	0	0	0	0	0	3
66	60	0	0.792332254	48.3176311	50.1855902	47.9917249	58.0765093	10.0847845	0	0	0	0	0	3
67	61	0	0.804337288	48.4183679	49.9556344	47.9917249	56.4185732	8.42684837	0	0	0	0	0	3
68	62	0	0.816342322	48.1348591	49.7792177	47.9917249	56.4185732	8.42684837	0	0	0	0	0	3
69	63	0	0.828347357	48.2224627	49.5840722	47.9917249	54.5340858	6.5423609	0	0	0	0	0	3
70	64	0	0.840352391	47.7068631	49.4472742	47.7068631	54.5340858	6.82722266	0	0	0	0	0	3
71	65	0	0.852357425	48.1841369	49.2960849	47.7068631	53.8681172	6.16125407	0	0	0	0	0	3
72	65	0	0.864362459	47.8296333	49.1580972	47.7068631	53.8681172	6.16125407	0	0	0	0	0	3
73	66	0	0.876367493	48.3187408	49.0259692	47.7068631	52.3664383	4.65957518	0	0	0	0	0	3
74	67	0	0.888372527	47.9319432	48.9206744	47.7068631	52.3664383	4.65957518	0	0	0	0	0	3
75	68	0	0.900377562	48.5487544	48.8297771	47.7068631	51.6153828	3.90851972	0	0	0	0	0	3
76	69	0	0.912382596	47.9750058	48.7538012	47.7068631	51.6153828	3.90851972	0	0	0	0	0	3
77	70	0	0.92438763	48.2737121	48.6742376	47.7068631	50.6421577	2.93529456	0	0	0	0	0	3
78	70	0	0.936392664	47.6592627	48.6032163	47.6592627	50.4826711	2.82340834	0	0	0	0	0	3
79	71	0	0.948397698	48.2067573	48.5490279	47.6592627	49.9929163	2.33365358	0	0	0	0	0	3
80	72	0	0.960402732	47.3939999	48.4871489	47.3939999	49.9701875	2.57618756	0	0	0	0	0	3
81	73	0	0.972407766	47.9792835	48.4397464	47.3939999	49.6398575	2.24585763	0	0	0	0	0	3
82	74	0	0.984412801	47.5207451	48.3892914	47.3939999	49.6053904	2.21139046	0	0	0	0	0	3
83	74	0	0.996417835	47.8386243	48.3475563	47.3939999	49.6053904	2.21139046	0	0	0	0	0	3
84	75	0	1.00842287	47.3116388	48.2982148	47.3116388	49.6053904	2.29375154	2.31493737	0	100	0	0	3
85	76	0	1.0204279	47.9013071	48.2576414	47.3116388	49.3935488	2.08190994	2.31493737	0	100	0	0	3
86	77	0	1.03243294	47.3121903	48.2164305	47.3116388	49.3935488	2.08190994	2.31493737	0	100	0	0	3
87	78	0	1.04443797	47.8058636	48.1786285	47.3116388	49.1010549	1.78941609	2.31493737	0	100	0	0	3
88	78	0	1.05644301	47.3112849	48.1416996	47.3112849	49.1010549	1.78976998	2.31493737	0	100	0	0	3
89	79	0	1.06844804	47.7781368	48.1102015	47.3112849	48.8794899	1.56820495	2.31493737	0	100	0	0	3
90	80	0	1.08045307	47.5511886	48.0854475	47.3112849	48.8794899	1.56820495	2.31493737	0	100	0	0	3
91	81	0	1.09245811	47.6985903	48.0573309	47.3112849	48.654401	1.34311606	2.31493737	0	100	0	0	3
92	82	0	1.10446314	47.6022229	48.0429092	47.3112849	48.654401	1.34311606	2.31493737	0	100	0	0	3
