Iteration	CPUTime	PhysTime	Travels	Value	AvValue	MinValue	MaxValue	Delta	Criteria	PrevAvRefValue	Progress	CriteriaType	CriteriaVarType	CriteriaPercentage
1	3	0	0.0120118547	101326.378	101326.378	101326.378	101326.378	0	0	0	0	0	0	3
2	4	0	0.0240237094	101324.964	101325.671	101324.964	101326.378	0.70665646	0	0	0	0	0	3
3	5	0	0.0360355642	101325.099	101325.48	101324.964	101326.378	0.897145468	0	0	0	0	0	3
4	6	0	0.0480474189	101325.06	101325.375	101324.964	101326.378	1.00236478	0	0	0	0	0	3
5	6	0	0.0600592736	101325.062	101325.313	101324.964	101326.378	1.06504038	0	0	0	0	0	3
6	7	0	0.0720711283	101325.049	101325.269	101324.964	101326.378	1.10889871	0	0	0	0	0	3
7	8	0	0.0840829831	101325.075	101325.241	101324.964	101326.378	1.13659063	0	0	0	0	0	3
8	9	0	0.0960948378	101325.052	101325.217	101324.964	101326.378	1.1602406	0	0	0	0	0	3
9	10	0	0.108106693	101325.075	101325.202	101324.964	101326.378	1.17610328	0	0	0	0	0	3
10	11	0	0.120118547	101325.047	101325.186	101324.964	101326.378	1.19153655	0	0	0	0	0	3
11	11	0	0.132130402	101325.07	101325.175	101324.964	101326.378	1.20212836	0	0	0	0	0	3
12	12	0	0.144142257	101325.044	101325.165	101324.964	101326.378	1.21305714	0	0	0	0	0	3
13	13	0	0.156154111	101325.066	101325.157	101324.964	101326.378	1.22061026	0	0	0	0	0	3
14	14	0	0.168165966	101325.041	101325.149	101324.964	101326.378	1.22893042	0	0	0	0	0	3
15	15	0	0.180177821	101325.06	101325.143	101324.964	101326.378	1.23484116	0	0	0	0	0	3
16	16	0	0.192189676	101325.039	101325.136	101324.964	101326.378	1.24133289	0	0	0	0	0	3
17	16	0	0.20420153	101325.048	101325.131	101324.964	101326.378	1.24650936	0	0	0	0	0	3
18	17	0	0.216213385	101325.037	101325.126	101324.964	101326.378	1.25171543	0	0	0	0	0	3
19	18	0	0.22822524	101325.045	101325.122	101324.964	101326.378	1.25598342	0	0	0	0	0	3
20	19	0	0.240237094	101325.039	101325.118	101324.964	101326.378	1.26009764	0	0	0	0	0	3
21	20	0	0.252248949	101325.045	101325.114	101324.964	101326.378	1.2635505	0	0	0	0	0	3
22	21	0	0.264260804	101325.044	101325.111	101324.964	101326.378	1.26671541	0	0	0	0	0	3
23	21	0	0.276272659	101325.047	101325.108	101324.964	101326.378	1.26948738	0	0	0	0	0	3
24	22	0	0.288284513	101325.044	101325.105	101324.964	101326.378	1.27216364	0	0	0	0	0	3
25	23	0	0.300296368	101325.044	101325.103	101324.964	101326.378	1.27463868	0	0	0	0	0	3
26	24	0	0.312308223	101325.041	101325.101	101324.964	101326.378	1.27702787	0	0	0	0	0	3
27	25	0	0.324320078	101325.035	101325.098	101324.964	101326.378	1.27945439	0	0	0	0	0	3
28	25	0	0.336331932	101325.025	101325.096	101324.964	101326.378	1.28206491	0	0	0	0	0	3
29	26	0	0.348343787	101325.017	101325.093	101324.964	101326.378	1.28478648	0	0	0	0	0	3
30	27	0	0.360355642	101325.01	101325.09	101324.964	101326.378	1.2875489	0	0	0	0	0	3
31	28	0	0.372367496	101325.003	101325.087	101324.964	101326.378	1.29034407	0	0	0	0	0	3
32	29	0	0.384379351	101324.999	101325.085	101324.964	101326.378	1.29310307	0	0	0	0	0	3
33	29	0	0.396391206	101324.998	101325.082	101324.964	101326.378	1.29573785	0	0	0	0	0	3
34	30	0	0.408403061	101324.998	101325.079	101324.964	101326.378	1.29821028	0	0	0	0	0	3
35	31	0	0.420414915	101324.999	101325.077	101324.964	101326.378	1.30049491	0	0	0	0	0	3
36	32	0	0.43242677	101325.003	101325.075	101324.964	101326.378	1.3025672	0	0	0	0	0	3
37	33	0	0.444438625	101325.006	101325.073	101324.964	101326.378	1.30444204	0	0	0	0	0	3
38	33	0	0.45645048	101325.009	101325.071	101324.964	101326.378	1.30613321	0	0	0	0	0	3
39	34	0	0.468462334	101325.012	101325.07	101324.964	101326.378	1.30766123	0	0	0	0	0	3
40	35	0	0.480474189	101325.013	101325.069	101324.964	101326.378	1.30907624	0	0	0	0	0	3
41	36	0	0.492486044	101325.014	101325.067	101324.964	101326.378	1.31039632	0	0	0	0	0	3
42	37	0	0.504497898	101325.015	101325.066	101324.964	101326.378	1.31164323	0	0	0	0	0	3
43	37	0	0.516509753	101325.015	101325.034	101324.964	101325.099	0.135189435	0	0	0	0	0	3
44	38	0	0.528521608	101325.014	101325.035	101324.998	101325.099	0.101927301	0	0	0	0	0	3
45	39	0	0.540533463	101325.014	101325.033	101324.998	101325.075	0.0773086498	0	0	0	0	0	3
46	40	0	0.552545317	101325.013	101325.032	101324.998	101325.075	0.0773086498	0	0	0	0	0	3
47	41	0	0.564557172	101325.012	101325.03	101324.998	101325.075	0.0773086498	0	0	0	0	0	3
48	42	0	0.576569027	101325.012	101325.029	101324.998	101325.075	0.0773086498	0	0	0	0	0	3
49	42	0	0.588580882	101325.013	101325.028	101324.998	101325.075	0.0770461313	0	0	0	0	0	3
50	43	0	0.600592736	101325.013	101325.027	101324.998	101325.075	0.0770461313	0	0	0	0	0	3
51	44	0	0.612604591	101325.014	101325.026	101324.998	101325.07	0.0720043789	0	0	0	0	0	3
52	45	0	0.624616446	101325.014	101325.025	101324.998	101325.07	0.0720043789	0	0	0	0	0	3
53	46	0	0.6366283	101325.015	101325.024	101324.998	101325.066	0.0688031536	0	0	0	0	0	3
54	46	0	0.648640155	101325.015	101325.023	101324.998	101325.066	0.0688031536	0	0	0	0	0	3
55	47	0	0.66065201	101325.014	101325.022	101324.998	101325.06	0.0624593143	0	0	0	0	0	3
56	48	0	0.672663865	101325.014	101325.021	101324.998	101325.06	0.0624593143	0	0	0	0	0	3
57	49	0	0.684675719	101325.013	101325.02	101324.998	101325.048	0.05071783	0	0	0	0	0	3
58	50	0	0.696687574	101325.012	101325.019	101324.998	101325.048	0.05071783	0	0	0	0	0	3
59	50	0	0.708699429	101325.012	101325.018	101324.998	101325.047	0.0495800762	0	0	0	0	0	3
60	51	0	0.720711283	101325.012	101325.018	101324.998	101325.047	0.0495800762	0	0	0	0	0	3
61	52	0	0.732723138	101325.012	101325.017	101324.998	101325.047	0.0495800762	0	0	0	0	0	3
62	53	0	0.744734993	101325.013	101325.016	101324.998	101325.047	0.0495800762	0	0	0	0	0	3
63	54	0	0.756746848	101325.013	101325.016	101324.998	101325.047	0.0495800762	0	0	0	0	0	3
64	54	0	0.768758702	101325.014	101325.015	101324.998	101325.047	0.0495800762	0	0	0	0	0	3
65	55	0	0.780770557	101325.014	101325.014	101324.998	101325.044	0.0463331791	0	0	0	0	0	3
66	56	0	0.792782412	101325.014	101325.013	101324.998	101325.044	0.0460111772	0	0	0	0	0	3
67	57	0	0.804794267	101325.014	101325.013	101324.998	101325.041	0.0432931871	0	0	0	0	0	3
68	57	0	0.816806121	101325.014	101325.012	101324.998	101325.035	0.0375068581	0	0	0	0	0	3
69	58	0	0.828817976	101325.013	101325.011	101324.998	101325.025	0.0275019633	0	0	0	0	0	3
70	59	0	0.840829831	101325.013	101325.011	101324.998	101325.017	0.0190601306	0	0	0	0	0	3
71	60	0	0.852841685	101325.012	101325.011	101324.998	101325.015	0.01746685	0	0	0	0	0	3
72	61	0	0.86485354	101325.012	101325.011	101324.998	101325.015	0.01746685	0	0	0	0	0	3
73	61	0	0.876865395	101325.012	101325.011	101324.998	101325.015	0.01746685	0	0	0	0	0	3
74	62	0	0.88887725	101325.013	101325.012	101324.998	101325.015	0.01746685	0	0	0	0	0	3
75	63	0	0.900889104	101325.013	101325.012	101324.998	101325.015	0.0172165303	0	0	0	0	0	3
76	64	0	0.912900959	101325.014	101325.012	101324.999	101325.015	0.0155883577	0	0	0	0	0	3
77	65	0	0.924912814	101325.014	101325.013	101325.003	101325.015	0.0125135013	0	0	0	0	0	3
78	65	0	0.936924669	101325.014	101325.013	101325.006	101325.015	0.00935224825	0	0	0	0	0	3
79	66	0	0.948936523	101325.014	101325.013	101325.009	101325.015	0.00612287193	0	0	0	0	0	3
80	67	0	0.960948378	101325.014	101325.013	101325.012	101325.015	0.00338818868	0	0	0	0	0	3
81	68	0	0.972960233	101325.014	101325.013	101325.012	101325.015	0.00338818868	0	0	0	0	0	3
82	69	0	0.984972087	101325.014	101325.013	101325.012	101325.015	0.00338818868	0	0	0	0	0	3
83	69	0	0.996983942	101325.014	101325.013	101325.012	101325.015	0.00338818868	0	0	0	0	0	3
84	70	0	1.0089958	101325.013	101325.013	101325.012	101325.015	0.00338818868	0.00305781902	0	0	0	0	3
85	71	0	1.02100765	101325.013	101325.013	101325.012	101325.015	0.00294400394	0.00305781902	0	0	0	0	3
86	72	0	1.03301951	101325.012	101325.013	101325.012	101325.015	0.00294400394	0.00305781902	0	0	0	0	3
87	73	0	1.04503136	101325.012	101325.013	101325.012	101325.015	0.00294400394	0.00305781902	0	0	0	0	3
88	73	0	1.05704322	101325.013	101325.013	101325.012	101325.015	0.00294400394	0.00305781902	0	0	0	0	3
89	74	0	1.06905507	101325.014	101325.013	101325.012	101325.015	0.00294400394	0.00305781902	0	0	0	0	3
90	75	0	1.08106693	101325.014	101325.013	101325.012	101325.015	0.00294400394	0.00305781902	0	0	0	0	3
91	76	0	1.09307878	101325.015	101325.013	101325.012	101325.015	0.00303396174	0.00305781902	0	0	0	0	3
92	77	0	1.10509063	101325.015	101325.013	101325.012	101325.015	0.00316908796	0.00305781902	0	0	0	0	3
93	77	0	1.11710249	101325.015	101325.013	101325.012	101325.015	0.00324770475	0.00305781902	0	0	0	0	3
94	78	0	1.12911434	101325.015	101325.013	101325.012	101325.015	0.00324770475	0.00305781902	0	0	0	0	3
95	79	0	1.1411262	101325.015	101325.013	101325.012	101325.015	0.00324770475	0.00305781902	0	0	0	0	3
96	80	0	1.15313805	101325.015	101325.013	101325.012	101325.015	0.00324770475	0.00305781902	0	0	0	0	3
97	81	0	1.16514991	101325.014	101325.013	101325.012	101325.015	0.00324770475	0.00305781902	0	0	0	0	3
98	81	0	1.17716176	101325.014	101325.013	101325.012	101325.015	0.00324770475	0.00305781902	0	0	0	0	3
99	82	0	1.18917362	101325.013	101325.013	101325.012	101325.015	0.00324770475	0.00305781902	0	0	0	0	3
100	83	0	1.20118547	101325.012	101325.013	101325.012	101325.015	0.00324770475	0.00305781902	0	0	0	0	3
101	85	0	1.21319733	101325.013	101325.014	101325.012	101325.015	0.00307138193	0.00305781902	0	0	0	0	3
102	85	0	1.22520918	101325.013	101325.014	101325.012	101325.015	0.0029667545	0.00305781902	0	0	0	0	3
103	86	0	1.23722104	101325.014	101325.014	101325.012	101325.015	0.0029667545	0.00305781902	0	0	0	0	3
104	87	0	1.24923289	101325.015	101325.014	101325.012	101325.015	0.0029667545	0.00305781902	0	0	0	0	3
105	88	0	1.26124475	101325.015	101325.014	101325.012	101325.015	0.00300600556	0.00305781902	0	0	0	0	3
106	89	0	1.2732566	101325.015	101325.014	101325.012	101325.015	0.00296408738	0.00305781902	0	0	0	0	3
107	89	0	1.28526846	101325.015	101325.014	101325.012	101325.015	0.00268946508	0.00305781902	0	0	0	0	3
108	90	0	1.29728031	101325.015	101325.014	101325.012	101325.015	0.00271984462	0.00305781902	0	0	0	0	3
109	91	0	1.30929216	101325.015	101325.014	101325.012	101325.015	0.00274634029	0.00305781902	0	0	0	0	3
110	92	0	1.32130402	101325.015	101325.014	101325.012	101325.015	0.00277130147	0.00305781902	0	0	0	0	3
111	93	0	1.33331587	101325.015	101325.014	101325.012	101325.015	0.00280285125	0.00305781902	0	0	0	0	3
112	93	0	1.34532773	101325.014	101325.014	101325.012	101325.015	0.0028297439	0.00305781902	0	0	0	0	3
113	94	0	1.35733958	101325.013	101325.014	101325.012	101325.015	0.00280603963	0.00305781902	0	0	0	0	3
