Iteration	CPUTime	PhysTime	Travels	Value	AvValue	MinValue	MaxValue	Delta	Criteria	PrevAvRefValue	Progress	CriteriaType	CriteriaVarType	CriteriaPercentage
1	3	0	0.0120118547	293.199983	293.199983	293.199983	293.199983	0	0	0	0	0	0	3
2	4	0	0.0240237094	293.199966	293.199974	293.199966	293.199983	8.41822578e-06	0	0	0	0	0	3
3	5	0	0.0360355642	293.199964	293.199971	293.199964	293.199983	1.18870722e-05	0	0	0	0	0	3
4	6	0	0.0480474189	293.199959	293.199968	293.199959	293.199983	1.49400414e-05	0	0	0	0	0	3
5	6	0	0.0600592736	293.199954	293.199965	293.199954	293.199983	1.77516853e-05	0	0	0	0	0	3
6	7	0	0.0720711283	293.199944	293.199961	293.199944	293.199983	2.11519769e-05	0	0	0	0	0	3
7	8	0	0.0840829831	293.199934	293.199958	293.199934	293.199983	2.5043377e-05	0	0	0	0	0	3
8	9	0	0.0960948378	293.199924	293.199953	293.199924	293.199983	2.9283661e-05	0	0	0	0	0	3
9	10	0	0.108106693	293.199914	293.199949	293.199914	293.199983	3.36415803e-05	0	0	0	0	0	3
10	11	0	0.120118547	293.199905	293.199945	293.199905	293.199983	3.80615184e-05	0	0	0	0	0	3
11	11	0	0.132130402	293.199894	293.19994	293.199894	293.199983	4.26888531e-05	0	0	0	0	0	3
12	12	0	0.144142257	293.199883	293.199935	293.199883	293.199983	4.73995034e-05	0	0	0	0	0	3
13	13	0	0.156154111	293.199874	293.199931	293.199874	293.199983	5.2105927e-05	0	0	0	0	0	3
14	14	0	0.168165966	293.199865	293.199926	293.199865	293.199983	5.67717481e-05	0	0	0	0	0	3
15	15	0	0.180177821	293.199857	293.199921	293.199857	293.199983	6.13505243e-05	0	0	0	0	0	3
16	16	0	0.192189676	293.199846	293.199917	293.199846	293.199983	6.60348698e-05	0	0	0	0	0	3
17	16	0	0.20420153	293.199837	293.199912	293.199837	293.199983	7.07443185e-05	0	0	0	0	0	3
18	17	0	0.216213385	293.199827	293.199907	293.199827	293.199983	7.54577392e-05	0	0	0	0	0	3
19	18	0	0.22822524	293.199818	293.199902	293.199818	293.199983	8.01585891e-05	0	0	0	0	0	3
20	19	0	0.240237094	293.199809	293.199898	293.199809	293.199983	8.48492866e-05	0	0	0	0	0	3
21	20	0	0.252248949	293.199794	293.199893	293.199794	293.199983	8.97761375e-05	0	0	0	0	0	3
22	21	0	0.264260804	293.199779	293.199888	293.199779	293.199983	9.49328114e-05	0	0	0	0	0	3
23	21	0	0.276272659	293.199763	293.199882	293.199763	293.199983	0.000100335921	0	0	0	0	0	3
24	22	0	0.288284513	293.199746	293.199877	293.199746	293.199983	0.000106004573	0	0	0	0	0	3
25	23	0	0.300296368	293.199728	293.199871	293.199728	293.199983	0.000111963214	0	0	0	0	0	3
26	24	0	0.312308223	293.199697	293.199864	293.199697	293.199983	0.000118642481	0	0	0	0	0	3
27	25	0	0.324320078	293.199663	293.199857	293.199663	293.199983	0.00012609012	0	0	0	0	0	3
28	25	0	0.336331932	293.199627	293.199848	293.199627	293.199983	0.000134284282	0	0	0	0	0	3
29	26	0	0.348343787	293.199589	293.199839	293.199589	293.199983	0.000143230521	0	0	0	0	0	3
30	27	0	0.360355642	293.199549	293.19983	293.199549	293.199983	0.000152900802	0	0	0	0	0	3
31	28	0	0.372367496	293.199489	293.199819	293.199489	293.199983	0.000163879769	0	0	0	0	0	3
32	29	0	0.384379351	293.199434	293.199807	293.199434	293.199983	0.00017590556	0	0	0	0	0	3
33	29	0	0.396391206	293.199386	293.199794	293.199386	293.199983	0.000188645113	0	0	0	0	0	3
34	30	0	0.408403061	293.199347	293.199781	293.199347	293.199983	0.000201777987	0	0	0	0	0	3
35	31	0	0.420414915	293.199318	293.199768	293.199318	293.199983	0.000215006676	0	0	0	0	0	3
36	32	0	0.43242677	293.199293	293.199754	293.199293	293.199983	0.000228194285	0	0	0	0	0	3
37	33	0	0.444438625	293.199281	293.199742	293.199281	293.199983	0.000241000324	0	0	0	0	0	3
38	33	0	0.45645048	293.199278	293.199729	293.199278	293.199983	0.000253202295	0	0	0	0	0	3
39	34	0	0.468462334	293.19928	293.199718	293.199278	293.199983	0.000264726878	0	0	0	0	0	3
40	35	0	0.480474189	293.199284	293.199707	293.199278	293.199983	0.000275579617	0	0	0	0	0	3
41	36	0	0.492486044	293.199289	293.199697	293.199278	293.199983	0.000285773176	0	0	0	0	0	3
42	37	0	0.504497898	293.199292	293.199687	293.199278	293.199983	0.000295406564	0	0	0	0	0	3
43	37	0	0.516509753	293.199294	293.199671	293.199278	293.199966	0.000303393851	0	0	0	0	0	3
44	38	0	0.528521608	293.199294	293.199655	293.199278	293.199964	0.000315921989	0	0	0	0	0	3
45	39	0	0.540533463	293.199294	293.199639	293.199278	293.199959	0.000328824796	0	0	0	0	0	3
46	40	0	0.552545317	293.199291	293.199623	293.199278	293.199954	0.000341897521	0	0	0	0	0	3
47	41	0	0.564557172	293.199289	293.199607	293.199278	293.199944	0.000354312265	0	0	0	0	0	3
48	42	0	0.576569027	293.199288	293.199592	293.199278	293.199934	0.000366049875	0	0	0	0	0	3
49	42	0	0.588580882	293.199287	293.199576	293.199278	293.199924	0.000377223267	0	0	0	0	0	3
50	43	0	0.600592736	293.199287	293.199561	293.199278	293.199914	0.000388033585	0	0	0	0	0	3
51	44	0	0.612604591	293.199286	293.199546	293.199278	293.199905	0.000398569816	0	0	0	0	0	3
52	45	0	0.624616446	293.199286	293.199531	293.199278	293.199894	0.000408673874	0	0	0	0	0	3
53	46	0	0.6366283	293.199288	293.199517	293.199278	293.199883	0.000418388967	0	0	0	0	0	3
54	46	0	0.648640155	293.199289	293.199503	293.199278	293.199874	0.000427829569	0	0	0	0	0	3
55	47	0	0.66065201	293.19929	293.199489	293.199278	293.199865	0.000437068794	0	0	0	0	0	3
56	48	0	0.672663865	293.199291	293.199475	293.199278	293.199857	0.000446167648	0	0	0	0	0	3
57	49	0	0.684675719	293.199291	293.199462	293.199278	293.199846	0.000454964215	0	0	0	0	0	3
58	50	0	0.696687574	293.199289	293.199448	293.199278	293.199837	0.000463522302	0	0	0	0	0	3
59	50	0	0.708699429	293.199287	293.199435	293.199278	293.199827	0.000471883193	0	0	0	0	0	3
60	51	0	0.720711283	293.199286	293.199422	293.199278	293.199818	0.000480058032	0	0	0	0	0	3
61	52	0	0.732723138	293.199285	293.19941	293.199278	293.199809	0.000488047386	0	0	0	0	0	3
62	53	0	0.744734993	293.199285	293.199397	293.199278	293.199794	0.000495597142	0	0	0	0	0	3
63	54	0	0.756746848	293.199284	293.199385	293.199278	293.199779	0.000501452232	0	0	0	0	0	3
64	54	0	0.768758702	293.199284	293.199373	293.199278	293.199763	0.00048547086	0	0	0	0	0	3
65	55	0	0.780770557	293.199284	293.199362	293.199278	293.199746	0.000468291619	0	0	0	0	0	3
66	56	0	0.792782412	293.199284	293.199351	293.199278	293.199728	0.000449704601	0	0	0	0	0	3
67	57	0	0.804794267	293.199286	293.19934	293.199278	293.199697	0.000419051037	0	0	0	0	0	3
68	57	0	0.816806121	293.199287	293.199331	293.199278	293.199663	0.000384946449	0	0	0	0	0	3
69	58	0	0.828817976	293.199288	293.199322	293.199278	293.199627	0.000349148535	0	0	0	0	0	3
70	59	0	0.840829831	293.199289	293.199314	293.199278	293.199589	0.000310949993	0	0	0	0	0	3
71	60	0	0.852841685	293.199287	293.199306	293.199278	293.199549	0.000271336256	0	0	0	0	0	3
72	61	0	0.86485354	293.199286	293.1993	293.199278	293.199489	0.000211426408	0	0	0	0	0	3
73	61	0	0.876865395	293.199285	293.199295	293.199278	293.199434	0.000155970096	0	0	0	0	0	3
74	62	0	0.88887725	293.199284	293.199292	293.199278	293.199386	0.000108364406	0	0	0	0	0	3
75	63	0	0.900889104	293.199283	293.199289	293.199278	293.199347	6.95123567e-05	0	0	0	0	0	3
76	64	0	0.912900959	293.199283	293.199288	293.199278	293.199318	3.98930958e-05	0	0	0	0	0	3
77	65	0	0.924912814	293.199283	293.199287	293.199278	293.199294	1.59653778e-05	0	0	0	0	0	3
78	65	0	0.936924669	293.199283	293.199287	293.199278	293.199294	1.59653778e-05	0	0	0	0	0	3
79	66	0	0.948936523	293.199283	293.199287	293.199278	293.199294	1.59653778e-05	0	0	0	0	0	3
80	67	0	0.960948378	293.199283	293.199287	293.19928	293.199294	1.39512186e-05	0	0	0	0	0	3
81	68	0	0.972960233	293.199285	293.199287	293.199283	293.199294	1.08659933e-05	0	0	0	0	0	3
82	69	0	0.984972087	293.199286	293.199287	293.199283	293.199294	1.08659933e-05	0	0	0	0	0	3
83	69	0	0.996983942	293.199287	293.199287	293.199283	293.199294	1.08659933e-05	0	0	0	0	0	3
84	70	0	1.0089958	293.199288	293.199287	293.199283	293.199294	1.08659933e-05	2.05755129e-05	0	0	0	0	3
85	71	0	1.02100765	293.199286	293.199287	293.199283	293.199294	1.08659933e-05	2.05755129e-05	0	0	0	0	3
86	72	0	1.03301951	293.199285	293.199287	293.199283	293.199294	1.0608433e-05	2.05755129e-05	0	0	0	0	3
87	73	0	1.04503136	293.199284	293.199286	293.199283	293.199291	8.33338396e-06	2.05755129e-05	0	0	0	0	3
88	73	0	1.05704322	293.199283	293.199286	293.199283	293.199291	7.92410225e-06	2.05755129e-05	0	0	0	0	3
89	74	0	1.06905507	293.199283	293.199286	293.199283	293.199291	7.93077874e-06	2.05755129e-05	0	0	0	0	3
90	75	0	1.08106693	293.199283	293.199286	293.199283	293.199291	7.95346011e-06	2.05755129e-05	0	0	0	0	3
91	76	0	1.09307878	293.199283	293.199286	293.199283	293.199291	7.99933434e-06	2.05755129e-05	0	0	0	0	3
92	77	0	1.10509063	293.199283	293.199286	293.199283	293.199291	7.99933434e-06	2.05755129e-05	0	0	0	0	3
93	77	0	1.11710249	293.199283	293.199286	293.199283	293.199291	7.99933434e-06	2.05755129e-05	0	0	0	0	3
94	78	0	1.12911434	293.199283	293.199286	293.199283	293.199291	7.99933434e-06	2.05755129e-05	0	0	0	0	3
95	79	0	1.1411262	293.199285	293.199285	293.199283	293.199291	7.99933434e-06	2.05755129e-05	0	0	0	0	3
96	80	0	1.15313805	293.199286	293.199285	293.199283	293.199291	7.99933434e-06	2.05755129e-05	0	0	0	0	3
97	81	0	1.16514991	293.199287	293.199285	293.199283	293.199291	7.99933434e-06	2.05755129e-05	0	0	0	0	3
98	81	0	1.17716176	293.199288	293.199285	293.199283	293.199291	7.99933434e-06	2.05755129e-05	0	0	0	0	3
99	82	0	1.18917362	293.199286	293.199285	293.199283	293.199289	6.11450054e-06	2.05755129e-05	0	0	0	0	3
100	83	0	1.20118547	293.199285	293.199285	293.199283	293.199289	5.56267156e-06	2.05755129e-05	0	0	0	0	3
101	85	0	1.21319733	293.199284	293.199285	293.199283	293.199289	5.56267156e-06	2.05755129e-05	0	0	0	0	3
102	85	0	1.22520918	293.199283	293.199285	293.199283	293.199289	5.56267156e-06	2.05755129e-05	0	0	0	0	3
103	86	0	1.23722104	293.199283	293.199285	293.199283	293.199289	5.56267156e-06	2.05755129e-05	0	0	0	0	3
104	87	0	1.24923289	293.199283	293.199285	293.199283	293.199289	5.56267156e-06	2.05755129e-05	0	0	0	0	3
105	88	0	1.26124475	293.199283	293.199285	293.199283	293.199289	5.56267156e-06	2.05755129e-05	0	0	0	0	3
106	89	0	1.2732566	293.199283	293.199285	293.199283	293.199289	5.56267156e-06	2.05755129e-05	0	0	0	0	3
107	89	0	1.28526846	293.199283	293.199285	293.199283	293.199289	5.56267156e-06	2.05755129e-05	0	0	0	0	3
108	90	0	1.29728031	293.199284	293.199285	293.199283	293.199289	5.56267156e-06	2.05755129e-05	0	0	0	0	3
109	91	0	1.30929216	293.199285	293.199285	293.199283	293.199289	5.56267156e-06	2.05755129e-05	0	0	0	0	3
110	92	0	1.32130402	293.199286	293.199285	293.199283	293.199289	5.56267156e-06	2.05755129e-05	0	0	0	0	3
111	93	0	1.33331587	293.199287	293.199285	293.199283	293.199289	5.56267156e-06	2.05755129e-05	0	0	0	0	3
112	93	0	1.34532773	293.199288	293.199285	293.199283	293.199288	5.1905206e-06	2.05755129e-05	0	0	0	0	3
113	94	0	1.35733958	293.199286	293.199285	293.199283	293.199288	5.1905206e-06	2.05755129e-05	0	0	0	0	3
