Iteration	CPUTime	PhysTime	Travels	Value	AvValue	MinValue	MaxValue	Delta	Criteria	PrevAvRefValue	Progress	CriteriaType	CriteriaVarType	CriteriaPercentage
1	3	0	0.0101193534	293.200236	293.200236	293.200236	293.200236	0	0	0	0	0	0	3
2	4	0	0.0202387068	293.200269	293.200253	293.200236	293.200269	1.66131945e-05	0	0	0	0	0	3
3	5	0	0.0303580602	293.200284	293.200263	293.200236	293.200284	2.7107376e-05	0	0	0	0	0	3
4	6	0	0.0404774136	293.200293	293.200271	293.200236	293.200293	3.44976886e-05	0	0	0	0	0	3
5	7	0	0.050596767	293.200303	293.200277	293.200236	293.200303	4.09572058e-05	0	0	0	0	0	3
6	7	0	0.0607161205	293.200319	293.200284	293.200236	293.200319	4.79191489e-05	0	0	0	0	0	3
7	8	0	0.0708354739	293.200339	293.200292	293.200236	293.200339	5.57805153e-05	0	0	0	0	0	3
8	9	0	0.0809548273	293.20036	293.2003	293.200236	293.20036	6.42631178e-05	0	0	0	0	0	3
9	9	0	0.0910741807	293.200381	293.200309	293.200236	293.200381	7.32454628e-05	0	0	0	0	0	3
10	10	0	0.101193534	293.200402	293.200319	293.200236	293.200402	8.25518657e-05	0	0	0	0	0	3
11	11	0	0.111312887	293.200434	293.200329	293.200236	293.200434	9.30564424e-05	0	0	0	0	0	3
12	11	0	0.121432241	293.200466	293.200341	293.200236	293.200466	0.000104428838	0	0	0	0	0	3
13	12	0	0.131551594	293.200497	293.200353	293.200236	293.200497	0.000116468217	0	0	0	0	0	3
14	13	0	0.141670948	293.200528	293.200365	293.200236	293.200528	0.000129027369	0	0	0	0	0	3
15	13	0	0.151790301	293.20056	293.200378	293.200236	293.20056	0.000142002754	0	0	0	0	0	3
16	14	0	0.161909655	293.200607	293.200392	293.200236	293.200607	0.000156301494	0	0	0	0	0	3
17	15	0	0.172029008	293.200653	293.200408	293.200236	293.200653	0.000171655955	0	0	0	0	0	3
18	15	0	0.182148361	293.2007	293.200424	293.200236	293.2007	0.000187867423	0	0	0	0	0	3
19	16	0	0.192267715	293.200745	293.200441	293.200236	293.200745	0.000204759672	0	0	0	0	0	3
20	17	0	0.202387068	293.200789	293.200458	293.200236	293.200789	0.000222181121	0	0	0	0	0	3
21	17	0	0.212506422	293.200854	293.200477	293.200236	293.200854	0.000241027954	0	0	0	0	0	3
22	18	0	0.222625775	293.200916	293.200497	293.200236	293.200916	0.000260968516	0	0	0	0	0	3
23	19	0	0.232745128	293.200974	293.200518	293.200236	293.200974	0.000281725881	0	0	0	0	0	3
24	20	0	0.242864482	293.201031	293.200539	293.200236	293.201031	0.000303087717	0	0	0	0	0	3
25	21	0	0.252983835	293.201083	293.200561	293.200236	293.201083	0.000324824889	0	0	0	0	0	3
26	22	0	0.263103189	293.201151	293.200584	293.200236	293.201151	0.000347502457	0	0	0	0	0	3
27	22	0	0.273222542	293.201207	293.200607	293.200236	293.201207	0.000370605311	0	0	0	0	0	3
28	23	0	0.283341895	293.201254	293.20063	293.200236	293.201254	0.000393731078	0	0	0	0	0	3
29	24	0	0.293461249	293.201293	293.200653	293.200236	293.201293	0.000416591505	0	0	0	0	0	3
30	24	0	0.303580602	293.201325	293.200675	293.200236	293.201325	0.000439007828	0	0	0	0	0	3
31	25	0	0.313699956	293.20136	293.200697	293.200236	293.20136	0.000461106655	0	0	0	0	0	3
32	26	0	0.323819309	293.201386	293.200719	293.200236	293.201386	0.000482630654	0	0	0	0	0	3
33	27	0	0.333938662	293.201404	293.20074	293.200236	293.201404	0.000503405213	0	0	0	0	0	3
34	27	0	0.344058016	293.201417	293.200759	293.200236	293.201417	0.000523317006	0	0	0	0	0	3
35	28	0	0.354177369	293.201423	293.200778	293.200236	293.201423	0.000542262468	0	0	0	0	0	3
36	29	0	0.364296723	293.201424	293.200796	293.200236	293.201424	0.000560193646	0	0	0	0	0	3
37	30	0	0.374416076	293.201421	293.200813	293.200236	293.201424	0.000577073679	0	0	0	0	0	3
38	30	0	0.38453543	293.201416	293.200829	293.200236	293.201424	0.000592924724	0	0	0	0	0	3
39	31	0	0.394654783	293.201408	293.200844	293.200236	293.201424	0.000607781636	0	0	0	0	0	3
40	32	0	0.404774136	293.201404	293.200858	293.200236	293.201424	0.000621778683	0	0	0	0	0	3
41	33	0	0.41489349	293.201398	293.200871	293.200236	293.201424	0.000634953984	0	0	0	0	0	3
42	33	0	0.425012843	293.201394	293.200884	293.200236	293.201424	0.00064740646	0	0	0	0	0	3
43	34	0	0.435132197	293.201394	293.200895	293.200236	293.201424	0.00065927527	0	0	0	0	0	3
44	35	0	0.44525155	293.201395	293.200907	293.200236	293.201424	0.000670622726	0	0	0	0	0	3
45	36	0	0.455370903	293.201395	293.200918	293.200236	293.201424	0.000681473591	0	0	0	0	0	3
46	36	0	0.465490257	293.201396	293.200928	293.200236	293.201424	0.000691884125	0	0	0	0	0	3
47	37	0	0.47560961	293.201397	293.200938	293.200236	293.201424	0.000701860265	0	0	0	0	0	3
48	38	0	0.485728964	293.201398	293.200948	293.200236	293.201424	0.000711454067	0	0	0	0	0	3
49	39	0	0.495848317	293.201397	293.200957	293.200236	293.201424	0.000720624587	0	0	0	0	0	3
50	39	0	0.50596767	293.201397	293.200966	293.200236	293.201424	0.000729429893	0	0	0	0	0	3
51	40	0	0.516087024	293.201395	293.200989	293.200269	293.201424	0.000736002219	0	0	0	0	0	3
52	41	0	0.526206377	293.201394	293.201011	293.200284	293.201424	0.000748011178	0	0	0	0	0	3
53	42	0	0.536325731	293.201395	293.201033	293.200293	293.201424	0.000762838545	0	0	0	0	0	3
54	42	0	0.546445084	293.201397	293.201056	293.200303	293.201424	0.00077846489	0	0	0	0	0	3
55	43	0	0.556564437	293.201399	293.201077	293.200319	293.201424	0.000793417254	0	0	0	0	0	3
56	44	0	0.566683791	293.2014	293.201099	293.200339	293.201424	0.000807181148	0	0	0	0	0	3
57	45	0	0.576803144	293.201403	293.20112	293.20036	293.201424	0.000819983164	0	0	0	0	0	3
58	45	0	0.586922498	293.201407	293.201141	293.200381	293.201424	0.000831951347	0	0	0	0	0	3
59	46	0	0.597041851	293.201407	293.201162	293.200402	293.201424	0.000843155817	0	0	0	0	0	3
60	47	0	0.607161205	293.201406	293.201182	293.200434	293.201424	0.000852716755	0	0	0	0	0	3
61	47	0	0.617280558	293.201404	293.201201	293.200466	293.201424	0.000860748209	0	0	0	0	0	3
62	48	0	0.627399911	293.201406	293.20122	293.200497	293.201424	0.000867507873	0	0	0	0	0	3
63	49	0	0.637519265	293.201405	293.201238	293.200528	293.201424	0.000873105718	0	0	0	0	0	3
64	50	0	0.647638618	293.201407	293.201256	293.20056	293.201424	0.000864126753	0	0	0	0	0	3
65	50	0	0.657757972	293.201407	293.201273	293.200607	293.201424	0.000817002282	0	0	0	0	0	3
66	51	0	0.667877325	293.201408	293.201289	293.200653	293.201424	0.000770457559	0	0	0	0	0	3
67	52	0	0.677996678	293.201409	293.201304	293.2007	293.201424	0.000724322512	0	0	0	0	0	3
68	53	0	0.688116032	293.201407	293.201318	293.200745	293.201424	0.000678964721	0	0	0	0	0	3
69	53	0	0.698235385	293.201404	293.201331	293.200789	293.201424	0.00063459624	0	0	0	0	0	3
70	54	0	0.708354739	293.201403	293.201343	293.200854	293.201424	0.000569820276	0	0	0	0	0	3
71	55	0	0.718474092	293.201403	293.201354	293.200916	293.201424	0.000508064575	0	0	0	0	0	3
72	56	0	0.728593445	293.201405	293.201364	293.200974	293.201424	0.00044939697	0	0	0	0	0	3
73	56	0	0.738712799	293.201406	293.201373	293.201031	293.201424	0.000393374942	0	0	0	0	0	3
74	57	0	0.748832152	293.201407	293.20138	293.201083	293.201424	0.000341267871	0	0	0	0	0	3
75	58	0	0.758951506	293.201408	293.201387	293.201151	293.201424	0.000273343209	0	0	0	0	0	3
76	58	0	0.769070859	293.201407	293.201392	293.201207	293.201424	0.000216505395	0	0	0	0	0	3
77	59	0	0.779190212	293.201408	293.201396	293.201254	293.201424	0.000169658074	0	0	0	0	0	3
78	60	0	0.789309566	293.201407	293.201399	293.201293	293.201424	0.000131101451	0	0	0	0	0	3
79	60	0	0.799428919	293.201407	293.201401	293.201325	293.201424	9.87036834e-05	0	0	0	0	0	3
80	61	0	0.809548273	293.201407	293.201403	293.20136	293.201424	6.37134289e-05	0	0	0	0	0	3
81	62	0	0.819667626	293.201408	293.201404	293.201386	293.201424	3.79102548e-05	0	0	0	0	0	3
82	62	0	0.82978698	293.201409	293.201404	293.201394	293.201424	3.00195769e-05	0	0	0	0	0	3
83	63	0	0.839906333	293.201408	293.201404	293.201394	293.201424	3.00195769e-05	0	0	0	0	0	3
84	64	0	0.850025686	293.201409	293.201404	293.201394	293.201424	3.00195769e-05	0	0	0	0	0	3
85	65	0	0.86014504	293.201409	293.201404	293.201394	293.201424	3.00195769e-05	0	0	0	0	0	3
86	65	0	0.870264393	293.201408	293.201404	293.201394	293.201421	2.69895498e-05	0	0	0	0	0	3
87	66	0	0.880383747	293.201411	293.201404	293.201394	293.201416	2.16480959e-05	0	0	0	0	0	3
88	67	0	0.8905031	293.201412	293.201403	293.201394	293.201412	1.86183142e-05	0	0	0	0	0	3
89	67	0	0.900622453	293.201413	293.201404	293.201394	293.201413	1.8924908e-05	0	0	0	0	0	3
90	68	0	0.910741807	293.201413	293.201404	293.201394	293.201413	1.93760109e-05	0	0	0	0	0	3
91	69	0	0.92086116	293.201413	293.201404	293.201394	293.201413	1.94041205e-05	0	0	0	0	0	3
92	70	0	0.930980514	293.201411	293.201404	293.201394	293.201413	1.94041205e-05	0	0	0	0	0	3
93	70	0	0.941099867	293.201408	293.201405	293.201394	293.201413	1.87860187e-05	0	0	0	0	0	3
94	71	0	0.95121922	293.201407	293.201405	293.201394	293.201413	1.87860187e-05	0	0	0	0	0	3
95	72	0	0.961338574	293.201406	293.201405	293.201394	293.201413	1.87860187e-05	0	0	0	0	0	3
96	73	0	0.971457927	293.201407	293.201405	293.201394	293.201413	1.87860187e-05	0	0	0	0	0	3
97	73	0	0.981577281	293.201408	293.201406	293.201394	293.201413	1.87860187e-05	0	0	0	0	0	3
98	74	0	0.991696634	293.201409	293.201406	293.201394	293.201413	1.87860187e-05	0	0	0	0	0	3
99	75	0	1.00181599	293.201409	293.201406	293.201394	293.201413	1.87860187e-05	3.41906744e-05	0	0	0	0	3
100	76	0	1.01193534	293.201409	293.201406	293.201394	293.201413	1.87860187e-05	3.41906744e-05	0	0	0	0	3
101	77	0	1.02205469	293.201412	293.201407	293.201394	293.201413	1.87860187e-05	3.41906744e-05	0	0	0	0	3
102	78	0	1.03217405	293.201412	293.201407	293.201395	293.201413	1.81897215e-05	3.41906744e-05	0	0	0	0	3
103	79	0	1.0422934	293.201412	293.201407	293.201397	293.201413	1.62076715e-05	3.41906744e-05	0	0	0	0	3
104	79	0	1.05241275	293.201412	293.201408	293.201399	293.201413	1.46588072e-05	3.41906744e-05	0	0	0	0	3
105	80	0	1.06253211	293.201409	293.201408	293.2014	293.201413	1.31775359e-05	3.41906744e-05	0	0	0	0	3
106	81	0	1.07265146	293.201408	293.201408	293.201403	293.201413	1.06091261e-05	3.41906744e-05	0	0	0	0	3
107	81	0	1.08277081	293.201407	293.201408	293.201403	293.201413	1.06091261e-05	3.41906744e-05	0	0	0	0	3
108	82	0	1.09289017	293.201407	293.201408	293.201403	293.201413	1.06091261e-05	3.41906744e-05	0	0	0	0	3
109	83	0	1.10300952	293.201407	293.201408	293.201403	293.201413	1.06091261e-05	3.41906744e-05	0	0	0	0	3
110	84	0	1.11312887	293.20141	293.201408	293.201403	293.201413	1.06091261e-05	3.41906744e-05	0	0	0	0	3
111	85	0	1.12324823	293.201411	293.201408	293.201403	293.201413	1.06091261e-05	3.41906744e-05	0	0	0	0	3
112	85	0	1.13336758	293.201414	293.201408	293.201403	293.201414	1.11308211e-05	3.41906744e-05	0	0	0	0	3
113	86	0	1.14348694	293.201415	293.201409	293.201403	293.201415	1.27457815e-05	3.41906744e-05	0	0	0	0	3
114	87	0	1.15360629	293.201416	293.201409	293.201403	293.201416	1.36233205e-05	3.41906744e-05	0	0	0	0	3
115	88	0	1.16372564	293.201416	293.201409	293.201403	293.201416	1.36233205e-05	3.41906744e-05	0	0	0	0	3
116	88	0	1.173845	293.201415	293.201409	293.201403	293.201416	1.36233205e-05	3.41906744e-05	0	0	0	0	3
117	89	0	1.18396435	293.201414	293.201409	293.201403	293.201416	1.36233205e-05	3.41906744e-05	0	0	0	0	3
118	90	0	1.1940837	293.201411	293.201409	293.201403	293.201416	1.36233205e-05	3.41906744e-05	0	0	0	0	3
119	90	0	1.20420306	293.201408	293.201409	293.201403	293.201416	1.36233205e-05	3.41906744e-05	0	0	0	0	3
120	91	0	1.21432241	293.201406	293.201409	293.201403	293.201416	1.36233205e-05	3.41906744e-05	0	0	0	0	3
121	92	0	1.22444176	293.201407	293.20141	293.201405	293.201416	1.11030561e-05	3.41906744e-05	0	0	0	0	3
122	93	0	1.23456112	293.201407	293.20141	293.201406	293.201416	1.06023038e-05	3.41906744e-05	0	0	0	0	3
123	93	0	1.24468047	293.201408	293.20141	293.201406	293.201416	1.03863533e-05	3.41906744e-05	0	0	0	0	3
124	94	0	1.25479982	293.20141	293.20141	293.201406	293.201416	1.03863533e-05	3.41906744e-05	0	0	0	0	3
125	95	0	1.26491918	293.201412	293.20141	293.201406	293.201416	1.03863533e-05	3.41906744e-05	0	0	0	0	3
126	96	0	1.27503853	293.201415	293.20141	293.201406	293.201416	1.03863533e-05	3.41906744e-05	0	0	0	0	3
127	96	0	1.28515788	293.201418	293.20141	293.201406	293.201418	1.0964321e-05	3.41906744e-05	0	0	0	0	3
128	97	0	1.29527724	293.201418	293.20141	293.201406	293.201418	8.91731844e-06	3.41906744e-05	0	0	0	0	3
129	98	0	1.30539659	293.201418	293.201411	293.201406	293.201418	7.5079783e-06	3.41906744e-05	0	0	0	0	3
130	98	0	1.31551594	293.201414	293.201411	293.201406	293.201418	7.19132362e-06	3.41906744e-05	0	0	0	0	3
131	99	0	1.3256353	293.201411	293.201411	293.201406	293.201418	7.24823462e-06	3.41906744e-05	0	0	0	0	3
132	100	0	1.33575465	293.201408	293.201411	293.201406	293.201418	7.24823462e-06	3.41906744e-05	0	0	0	0	3
133	101	0	1.345874	293.201405	293.201411	293.201405	293.201418	7.24823462e-06	3.41906744e-05	0	0	0	0	3
134	101	0	1.35599336	293.201406	293.201411	293.201405	293.201418	7.24823462e-06	3.41906744e-05	0	0	0	0	3
135	102	0	1.36611271	293.201406	293.201411	293.201405	293.201418	7.24823462e-06	3.41906744e-05	0	0	0	0	3
136	103	0	1.37623206	293.201406	293.201411	293.201405	293.201418	7.24823462e-06	3.41906744e-05	0	0	0	0	3
137	103	0	1.38635142	293.201408	293.20141	293.201405	293.201418	7.24823462e-06	3.41906744e-05	0	0	0	0	3
138	104	0	1.39647077	293.201408	293.20141	293.201405	293.201418	7.16131592e-06	3.41906744e-05	0	0	0	0	3
139	105	0	1.40659012	293.20141	293.20141	293.201405	293.201418	6.97175943e-06	3.41906744e-05	0	0	0	0	3
140	106	0	1.41670948	293.20141	293.20141	293.201405	293.201418	6.66769182e-06	3.41906744e-05	0	0	0	0	3
