Iteration	CPUTime	PhysTime	Travels	Value	AvValue	MinValue	MaxValue	Delta	Criteria	PrevAvRefValue	Progress	CriteriaType	CriteriaVarType	CriteriaPercentage
1	4	0	0.012002266	-2727.49284	-2727.49284	-2727.49284	-2727.49284	0	0	0	0	0	0	3
2	5	0	0.024004532	-316.803047	-1522.14794	-2727.49284	-316.803047	1205.3449	0	0	0	0	0	3
3	6	0	0.036006798	-104.940112	-1049.74533	-2727.49284	-104.940112	1677.74751	0	0	0	0	0	3
4	7	0	0.048009064	-59.833037	-802.26726	-2727.49284	-59.833037	1925.22558	0	0	0	0	0	3
5	8	0	0.0600113299	-75.9929189	-657.012391	-2727.49284	-59.833037	2070.48045	0	0	0	0	0	3
6	9	0	0.0720135959	-68.5357894	-558.932958	-2727.49284	-59.833037	2168.55988	0	0	0	0	0	3
7	10	0	0.0840158619	-72.0048165	-489.371795	-2727.49284	-59.833037	2238.12105	0	0	0	0	0	3
8	11	0	0.0960181279	-64.6598133	-436.282797	-2727.49284	-59.833037	2291.21004	0	0	0	0	0	3
9	12	0	0.108020394	-66.8537833	-395.235129	-2727.49284	-59.833037	2332.25771	0	0	0	0	0	3
10	13	0	0.12002266	-60.8271528	-361.794331	-2727.49284	-59.833037	2365.69851	0	0	0	0	0	3
11	14	0	0.132024926	-62.4525494	-334.581442	-2727.49284	-59.833037	2392.9114	0	0	0	0	0	3
12	16	0	0.144027192	-58.5451235	-311.578415	-2727.49284	-58.5451235	2415.91443	0	0	0	0	0	3
13	17	0	0.156029458	-60.8116297	-292.288663	-2727.49284	-58.5451235	2435.20418	0	0	0	0	0	3
14	18	0	0.168031724	-57.0935279	-275.48901	-2727.49284	-57.0935279	2452.00383	0	0	0	0	0	3
15	19	0	0.18003399	-59.4538801	-261.086668	-2727.49284	-57.0935279	2466.40617	0	0	0	0	0	3
16	20	0	0.192036256	-56.2366439	-248.283542	-2727.49284	-56.2366439	2479.2093	0	0	0	0	0	3
17	21	0	0.204038522	-57.6024441	-237.067007	-2727.49284	-56.2366439	2490.42584	0	0	0	0	0	3
18	22	0	0.216040788	-55.1671422	-226.961459	-2727.49284	-55.1671422	2500.53138	0	0	0	0	0	3
19	23	0	0.228043054	-56.2130583	-217.974701	-2727.49284	-55.1671422	2509.51814	0	0	0	0	0	3
20	24	0	0.24004532	-54.6146571	-209.806698	-2727.49284	-54.6146571	2517.68614	0	0	0	0	0	3
21	25	0	0.252047586	-55.0612515	-202.437868	-2727.49284	-54.6146571	2525.05497	0	0	0	0	0	3
22	26	0	0.264049852	-54.260552	-195.702535	-2727.49284	-54.260552	2531.79031	0	0	0	0	0	3
23	28	0	0.276052118	-54.061319	-189.544221	-2727.49284	-54.061319	2537.94862	0	0	0	0	0	3
24	29	0	0.288054384	-53.5425855	-183.877487	-2727.49284	-53.5425855	2543.61536	0	0	0	0	0	3
25	30	0	0.30005665	-53.0808892	-178.645623	-2727.49284	-53.0808892	2548.84722	0	0	0	0	0	3
26	31	0	0.312058916	-52.7511282	-173.803527	-2727.49284	-52.7511282	2553.68932	0	0	0	0	0	3
27	32	0	0.324061182	-52.3043279	-169.303556	-2727.49284	-52.3043279	2558.18929	0	0	0	0	0	3
28	33	0	0.336063448	-51.9471756	-165.112257	-2727.49284	-51.9471756	2562.38058	0	0	0	0	0	3
29	34	0	0.348065714	-51.5326426	-161.195719	-2727.49284	-51.5326426	2566.29712	0	0	0	0	0	3
30	35	0	0.36006798	-51.230057	-157.530197	-2727.49284	-51.230057	2569.96265	0	0	0	0	0	3
31	36	0	0.372070246	-50.7957533	-154.08715	-2727.49284	-50.7957533	2573.40569	0	0	0	0	0	3
32	38	0	0.384072512	-50.0900603	-150.837241	-2727.49284	-50.0900603	2576.6556	0	0	0	0	0	3
33	39	0	0.396074778	-49.5388289	-147.767592	-2727.49284	-49.5388289	2579.72525	0	0	0	0	0	3
34	40	0	0.408077044	-49.0987423	-144.865567	-2727.49284	-49.0987423	2582.62727	0	0	0	0	0	3
35	41	0	0.42007931	-48.8956561	-142.12357	-2727.49284	-48.8956561	2585.36927	0	0	0	0	0	3
36	42	0	0.432081576	-48.1774426	-139.513955	-2727.49284	-48.1774426	2587.97889	0	0	0	0	0	3
37	43	0	0.444083842	-47.8759395	-137.037252	-2727.49284	-47.8759395	2590.45559	0	0	0	0	0	3
38	44	0	0.456086108	-47.7330507	-134.687141	-2727.49284	-47.7330507	2592.8057	0	0	0	0	0	3
39	45	0	0.468088374	-47.5309735	-132.452368	-2727.49284	-47.5309735	2595.04047	0	0	0	0	0	3
40	46	0	0.48009064	-47.421329	-130.326592	-2727.49284	-47.421329	2597.16625	0	0	0	0	0	3
41	48	0	0.492092906	-47.2767309	-128.300985	-2727.49284	-47.2767309	2599.19186	0	0	0	0	0	3
42	49	0	0.504095172	-47.2026041	-126.370072	-2727.49284	-47.2026041	2601.12277	0	0	0	0	0	3
43	50	0	0.516097437	-47.0554987	-62.5501349	-316.803047	-47.0554987	269.747549	0	0	0	0	0	3
44	51	0	0.528099703	-46.990449	-56.1260254	-104.940112	-46.990449	57.9496629	0	0	0	0	0	3
45	52	0	0.540101969	-46.8551161	-54.7430493	-75.9929189	-46.8551161	29.1378028	0	0	0	0	0	3
46	53	0	0.552104235	-46.6978949	-54.4303078	-75.9929189	-46.6978949	29.295024	0	0	0	0	0	3
47	54	0	0.564106501	-46.5786051	-53.729967	-72.0048165	-46.5786051	25.4262114	0	0	0	0	0	3
48	55	0	0.576108767	-46.6032563	-53.2077639	-72.0048165	-46.5786051	25.4262114	0	0	0	0	0	3
49	57	0	0.588111033	-46.4843727	-52.6001342	-66.8537833	-46.4843727	20.3694106	0	0	0	0	0	3
50	58	0	0.600113299	-46.4563879	-52.1667193	-66.8537833	-46.4563879	20.3973954	0	0	0	0	0	3
51	59	0	0.612115565	-46.3665043	-51.678927	-62.4525494	-46.3665043	16.0860451	0	0	0	0	0	3
52	60	0	0.624117831	-46.2957369	-51.3329409	-62.4525494	-46.2957369	16.1568124	0	0	0	0	0	3
53	61	0	0.636120097	-46.1922107	-50.94579	-60.8116297	-46.1922107	14.6194191	0	0	0	0	0	3
54	62	0	0.648122363	-46.1416092	-50.6504682	-60.8116297	-46.1416092	14.6700205	0	0	0	0	0	3
55	63	0	0.660124629	-46.0274462	-50.2984638	-59.4538801	-46.0274462	13.4264338	0	0	0	0	0	3
56	64	0	0.672126895	-46.0325515	-50.0351073	-59.4538801	-46.0274462	13.4264338	0	0	0	0	0	3
57	66	0	0.684129161	-46.0336159	-49.7155772	-57.6024441	-46.0274462	11.5749979	0	0	0	0	0	3
58	67	0	0.696131427	-46.0657605	-49.4734133	-57.6024441	-46.0274462	11.5749979	0	0	0	0	0	3
59	68	0	0.708133693	-46.0761944	-49.1989787	-56.2130583	-46.0274462	10.1856121	0	0	0	0	0	3
60	69	0	0.720135959	-46.1273978	-48.9837467	-56.2130583	-46.0274462	10.1856121	0	0	0	0	0	3
61	70	0	0.732138225	-46.1270334	-48.7436033	-55.0612515	-46.0274462	9.03380525	0	0	0	0	0	3
62	71	0	0.744140491	-46.1206359	-48.5413647	-55.0612515	-46.0274462	9.03380525	0	0	0	0	0	3
63	72	0	0.756142757	-46.1013701	-48.3280342	-54.260552	-46.0274462	8.23310577	0	0	0	0	0	3
64	73	0	0.768145023	-46.0854155	-48.1333881	-54.061319	-46.0274462	8.03387277	0	0	0	0	0	3
65	74	0	0.780147289	-45.9991638	-47.941432	-53.5425855	-45.9991638	7.54342167	0	0	0	0	0	3
66	76	0	0.792149555	-46.0546793	-47.7631485	-53.0808892	-45.9991638	7.08172546	0	0	0	0	0	3
67	77	0	0.804151821	-45.9818962	-47.5941249	-52.7511282	-45.9818962	6.76923203	0	0	0	0	0	3
68	78	0	0.816154087	-46.0064338	-47.4335369	-52.3043279	-45.9818962	6.3224317	0	0	0	0	0	3
69	79	0	0.828156353	-46.0199333	-47.2839085	-51.9471756	-45.9818962	5.96527942	0	0	0	0	0	3
70	80	0	0.840158619	-46.0276634	-47.1429677	-51.5326426	-45.9818962	5.55074643	0	0	0	0	0	3
71	81	0	0.852160885	-46.0239601	-47.0118086	-51.230057	-45.9818962	5.24816086	0	0	0	0	0	3
72	83	0	0.864163151	-46.0687016	-46.8889192	-50.7957533	-45.9818962	4.81385712	0	0	0	0	0	3
73	84	0	0.876165417	-46.104924	-46.7772328	-50.0900603	-45.9818962	4.10816412	0	0	0	0	0	3
74	85	0	0.888167683	-46.0882074	-46.6819506	-49.5388289	-45.9818962	3.55693278	0	0	0	0	0	3
75	86	0	0.900169949	-46.1320019	-46.6008356	-49.0987423	-45.9818962	3.1168461	0	0	0	0	0	3
76	87	0	0.912172215	-46.097392	-46.5293749	-48.8956561	-45.9818962	2.91375993	0	0	0	0	0	3
77	88	0	0.924174481	-46.0821113	-46.4623857	-48.1774426	-45.9818962	2.19554647	0	0	0	0	0	3
78	89	0	0.936176747	-46.0771801	-46.4123795	-47.8759395	-45.9818962	1.8940433	0	0	0	0	0	3
79	90	0	0.948179013	-46.0559763	-46.369047	-47.7330507	-45.9818962	1.75115458	0	0	0	0	0	3
80	91	0	0.960181279	-46.0284791	-46.328462	-47.5309735	-45.9818962	1.54907734	0	0	0	0	0	3
81	93	0	0.972183545	-46.0552451	-46.2933256	-47.421329	-45.9818962	1.4394328	0	0	0	0	0	3
82	94	0	0.984185811	-46.0028844	-46.2595531	-47.2767309	-45.9818962	1.29483469	0	0	0	0	0	3
83	95	0	0.996188077	-46.0217044	-46.2296715	-47.2026041	-45.9818962	1.22070797	0	0	0	0	0	3
84	96	0	1.00819034	-46.0333676	-46.2018326	-47.0554987	-45.9818962	1.07360253	1.76874647	0	100	0	0	3
85	97	0	1.02019261	-46.0455937	-46.1777872	-46.990449	-45.9818962	1.00855285	1.76874647	0	100	0	0	3
86	98	0	1.03219487	-46.0199176	-46.1546793	-46.8551161	-45.9818962	0.873219935	1.76874647	0	100	0	0	3
87	99	0	1.04419714	-46.0529475	-46.1355801	-46.6978949	-45.9818962	0.715998696	1.76874647	0	100	0	0	3
88	100	0	1.05619941	-45.9763527	-46.1184005	-46.6032563	-45.9763527	0.626903574	1.76874647	0	100	0	0	3
89	101	0	1.06820167	-45.98281	-46.1042149	-46.6032563	-45.9763527	0.626903574	1.76874647	0	100	0	0	3
90	102	0	1.08020394	-45.9620556	-46.0889482	-46.4843727	-45.9620556	0.52231711	1.76874647	0	100	0	0	3
91	104	0	1.0922062	-45.9827594	-46.077005	-46.4563879	-45.9620556	0.494332306	1.76874647	0	100	0	0	3
92	105	0	1.10420847	-45.9584004	-46.0651482	-46.3665043	-45.9584004	0.408103849	1.76874647	0	100	0	0	3
93	106	0	1.11621074	-45.9955283	-46.0563154	-46.2957369	-45.9584004	0.337336547	1.76874647	0	100	0	0	3
94	107	0	1.128213	-45.9990453	-46.0492513	-46.1922107	-45.9584004	0.233810255	1.76874647	0	100	0	0	3
95	108	0	1.14021527	-46.0139298	-46.0450066	-46.1416092	-45.9584004	0.183208834	1.76874647	0	100	0	0	3
96	109	0	1.15221753	-46.0396427	-46.0425788	-46.1320019	-45.9584004	0.173601461	1.76874647	0	100	0	0	3
97	110	0	1.1642198	-46.0377308	-46.0428237	-46.1320019	-45.9584004	0.173601461	1.76874647	0	100	0	0	3
98	111	0	1.17622207	-46.0080805	-46.042241	-46.1320019	-45.9584004	0.173601461	1.76874647	0	100	0	0	3
99	112	0	1.18822433	-46.0459697	-46.0425352	-46.1320019	-45.9584004	0.173601461	1.76874647	0	100	0	0	3
100	114	0	1.2002266	-45.996815	-46.0408936	-46.1320019	-45.9584004	0.173601461	1.76874647	0	100	0	0	3
101	115	0	1.21222886	-46.0099708	-46.0393168	-46.1320019	-45.9584004	0.173601461	1.76874647	0	100	0	0	3
102	116	0	1.22423113	-45.9880369	-46.0359987	-46.1320019	-45.9584004	0.173601461	1.76874647	0	100	0	0	3
103	118	0	1.2362334	-45.9776806	-46.0324427	-46.1320019	-45.9584004	0.173601461	1.76874647	0	100	0	0	3
104	119	0	1.24823566	-45.9863574	-46.0292456	-46.1320019	-45.9584004	0.173601461	1.76874647	0	100	0	0	3
105	120	0	1.26023793	-46.0012908	-46.0268628	-46.1320019	-45.9584004	0.173601461	1.76874647	0	100	0	0	3
106	121	0	1.27224019	-45.9802226	-46.0243582	-46.1320019	-45.9584004	0.173601461	1.76874647	0	100	0	0	3
107	122	0	1.28424246	-45.9575822	-46.0233681	-46.1320019	-45.9575822	0.174419618	1.76874647	0	100	0	0	3
108	123	0	1.29624473	-45.9796302	-46.0215812	-46.1320019	-45.9575822	0.174419618	1.76874647	0	100	0	0	3
109	124	0	1.30824699	-45.9691661	-46.0212782	-46.1320019	-45.9575822	0.174419618	1.76874647	0	100	0	0	3
110	125	0	1.32024926	-45.955964	-46.0200765	-46.1320019	-45.955964	0.176037829	1.76874647	0	100	0	0	3
111	126	0	1.33225152	-45.9921226	-46.0194143	-46.1320019	-45.955964	0.176037829	1.76874647	0	100	0	0	3
112	127	0	1.34425379	-45.9830794	-46.0183528	-46.1320019	-45.955964	0.176037829	1.76874647	0	100	0	0	3
113	129	0	1.35625606	-45.971926	-46.0171139	-46.1320019	-45.955964	0.176037829	1.76874647	0	100	0	0	3
114	130	0	1.36825832	-45.9965651	-46.0153964	-46.1320019	-45.955964	0.176037829	1.76874647	0	100	0	0	3
115	131	0	1.38026059	-45.9945177	-46.0127676	-46.1320019	-45.955964	0.176037829	1.76874647	0	100	0	0	3
