Iteration	CPUTime	PhysTime	Travels	Value	AvValue	MinValue	MaxValue	Delta	Criteria	PrevAvRefValue	Progress	CriteriaType	CriteriaVarType	CriteriaPercentage
1	4	0	0.012002266	1397.62326	1397.62326	1397.62326	1397.62326	0	0	0	0	0	0	3
2	5	0	0.024004532	-66.4603991	665.581428	-66.4603991	1397.62326	732.041828	0	0	0	0	0	3
3	6	0	0.036006798	-10.6201083	440.180916	-66.4603991	1397.62326	957.44234	0	0	0	0	0	3
4	7	0	0.048009064	-27.9455425	323.149302	-66.4603991	1397.62326	1074.47395	0	0	0	0	0	3
5	8	0	0.0600113299	-15.1591103	255.487619	-66.4603991	1397.62326	1142.13564	0	0	0	0	0	3
6	9	0	0.0720135959	-56.4230278	203.502511	-66.4603991	1397.62326	1194.12074	0	0	0	0	0	3
7	10	0	0.0840158619	-56.4151338	166.371419	-66.4603991	1397.62326	1231.25184	0	0	0	0	0	3
8	11	0	0.0960181279	-76.0048321	136.074388	-76.0048321	1397.62326	1261.54887	0	0	0	0	0	3
9	12	0	0.108020394	-74.8933953	112.633523	-76.0048321	1397.62326	1284.98973	0	0	0	0	0	3
10	13	0	0.12002266	-87.5448372	92.615687	-87.5448372	1397.62326	1305.00757	0	0	0	0	0	3
11	14	0	0.132024926	-86.654544	76.3183932	-87.5448372	1397.62326	1321.30486	0	0	0	0	0	3
12	16	0	0.144027192	-87.9375232	62.6304002	-87.9375232	1397.62326	1334.99286	0	0	0	0	0	3
13	17	0	0.156029458	-84.877792	51.2836162	-87.9375232	1397.62326	1346.33964	0	0	0	0	0	3
14	18	0	0.168031724	-90.1230135	41.1831426	-90.1230135	1397.62326	1356.44011	0	0	0	0	0	3
15	19	0	0.18003399	-74.3693025	33.4796463	-90.1230135	1397.62326	1364.14361	0	0	0	0	0	3
16	20	0	0.192036256	-86.0247809	26.0106196	-90.1230135	1397.62326	1371.61264	0	0	0	0	0	3
17	21	0	0.204038522	-75.1650887	20.0591073	-90.1230135	1397.62326	1377.56415	0	0	0	0	0	3
18	22	0	0.216040788	-83.4159777	14.3104915	-90.1230135	1397.62326	1383.31276	0	0	0	0	0	3
19	23	0	0.228043054	-73.1941445	9.70498435	-90.1230135	1397.62326	1387.91827	0	0	0	0	0	3
20	24	0	0.24004532	-78.9552203	5.27197412	-90.1230135	1397.62326	1392.35128	0	0	0	0	0	3
21	25	0	0.252047586	-73.7492633	1.50905805	-90.1230135	1397.62326	1396.1142	0	0	0	0	0	3
22	26	0	0.264049852	-73.000326	-1.87773213	-90.1230135	1397.62326	1399.50099	0	0	0	0	0	3
23	28	0	0.276052118	-73.0510465	-4.97222406	-90.1230135	1397.62326	1402.59548	0	0	0	0	0	3
24	29	0	0.288054384	-72.1823789	-7.77264718	-90.1230135	1397.62326	1405.3959	0	0	0	0	0	3
25	30	0	0.30005665	-73.4726112	-10.4006457	-90.1230135	1397.62326	1408.0239	0	0	0	0	0	3
26	31	0	0.312058916	-72.6422039	-12.7945518	-90.1230135	1397.62326	1410.41781	0	0	0	0	0	3
27	32	0	0.324061182	-73.1421394	-15.0296477	-90.1230135	1397.62326	1412.6529	0	0	0	0	0	3
28	33	0	0.336063448	-72.9150086	-17.096982	-90.1230135	1397.62326	1414.72024	0	0	0	0	0	3
29	34	0	0.348065714	-73.5096693	-19.0422471	-90.1230135	1397.62326	1416.6655	0	0	0	0	0	3
30	35	0	0.36006798	-72.9435383	-20.8389568	-90.1230135	1397.62326	1418.46221	0	0	0	0	0	3
31	36	0	0.372070246	-74.7037835	-22.5765318	-90.1230135	1397.62326	1420.19979	0	0	0	0	0	3
32	38	0	0.384072512	-75.371611	-24.226378	-90.1230135	1397.62326	1421.84963	0	0	0	0	0	3
33	39	0	0.396074778	-76.1699843	-25.8004267	-90.1230135	1397.62326	1423.42368	0	0	0	0	0	3
34	40	0	0.408077044	-75.5377615	-27.2632895	-90.1230135	1397.62326	1424.88655	0	0	0	0	0	3
35	41	0	0.42007931	-75.2504234	-28.6343505	-90.1230135	1397.62326	1426.25761	0	0	0	0	0	3
36	42	0	0.432081576	-74.5499772	-29.9097845	-90.1230135	1397.62326	1427.53304	0	0	0	0	0	3
37	43	0	0.444083842	-74.4175891	-31.1126982	-90.1230135	1397.62326	1428.73595	0	0	0	0	0	3
38	44	0	0.456086108	-73.6547256	-32.2322252	-90.1230135	1397.62326	1429.85548	0	0	0	0	0	3
39	45	0	0.468088374	-73.7056153	-33.2956455	-90.1230135	1397.62326	1430.9189	0	0	0	0	0	3
40	46	0	0.48009064	-73.2252607	-34.2938859	-90.1230135	1397.62326	1431.91714	0	0	0	0	0	3
41	48	0	0.492092906	-73.1908399	-35.2425921	-90.1230135	1397.62326	1432.86585	0	0	0	0	0	3
42	49	0	0.504095172	-73.2081907	-36.1465349	-90.1230135	1397.62326	1433.76979	0	0	0	0	0	3
43	50	0	0.516097437	-73.0627994	-71.1628695	-90.1230135	-10.6201083	79.5029052	0	0	0	0	0	3
44	51	0	0.528099703	-73.0883416	-71.3206777	-90.1230135	-10.6201083	79.5029052	0	0	0	0	0	3
45	52	0	0.540101969	-73.3256741	-72.8136674	-90.1230135	-15.1591103	74.9639032	0	0	0	0	0	3
46	53	0	0.552104235	-73.0802644	-73.8883036	-90.1230135	-15.1591103	74.9639032	0	0	0	0	0	3
47	54	0	0.564106501	-73.1370781	-75.2687314	-90.1230135	-56.4151338	33.7078797	0	0	0	0	0	3
48	55	0	0.576108767	-72.7929614	-75.6584917	-90.1230135	-56.4151338	33.7078797	0	0	0	0	0	3
49	57	0	0.588111033	-72.937781	-76.0518881	-90.1230135	-72.1823789	17.9406346	0	0	0	0	0	3
50	58	0	0.600113299	-72.8199421	-75.9760574	-90.1230135	-72.1823789	17.9406346	0	0	0	0	0	3
51	59	0	0.612115565	-72.9860347	-75.930644	-90.1230135	-72.1823789	17.9406346	0	0	0	0	0	3
52	60	0	0.624117831	-72.9921764	-75.5841521	-90.1230135	-72.1823789	17.9406346	0	0	0	0	0	3
53	61	0	0.636120097	-73.2080467	-75.2639974	-90.1230135	-72.1823789	17.9406346	0	0	0	0	0	3
54	62	0	0.648122363	-73.2364103	-74.9139709	-90.1230135	-72.1823789	17.9406346	0	0	0	0	0	3
55	63	0	0.660124629	-73.5935239	-74.6452978	-90.1230135	-72.1823789	17.9406346	0	0	0	0	0	3
56	64	0	0.672126895	-73.2805183	-74.2442861	-86.0247809	-72.1823789	13.8424019	0	0	0	0	0	3
57	66	0	0.684129161	-73.4865898	-74.2232691	-86.0247809	-72.1823789	13.8424019	0	0	0	0	0	3
58	67	0	0.696131427	-73.1361377	-73.9163966	-83.4159777	-72.1823789	11.2335988	0	0	0	0	0	3
59	68	0	0.708133693	-73.4063461	-73.8745218	-83.4159777	-72.1823789	11.2335988	0	0	0	0	0	3
60	69	0	0.720135959	-72.9696433	-73.6257996	-78.9552203	-72.1823789	6.77284131	0	0	0	0	0	3
61	70	0	0.732138225	-73.1356887	-73.6244078	-78.9552203	-72.1823789	6.77284131	0	0	0	0	0	3
62	71	0	0.744140491	-73.1515409	-73.4862249	-76.1699843	-72.1823789	3.98760532	0	0	0	0	0	3
63	72	0	0.756142757	-73.3221339	-73.4760552	-76.1699843	-72.1823789	3.98760532	0	0	0	0	0	3
64	73	0	0.768145023	-73.3409922	-73.4841663	-76.1699843	-72.1823789	3.98760532	0	0	0	0	0	3
65	74	0	0.780147289	-73.807062	-73.5021666	-76.1699843	-72.1823789	3.98760532	0	0	0	0	0	3
66	76	0	0.792149555	-73.7863618	-73.5403567	-76.1699843	-72.6422039	3.52778034	0	0	0	0	0	3
67	77	0	0.804151821	-73.9890539	-73.552653	-76.1699843	-72.6422039	3.52778034	0	0	0	0	0	3
68	78	0	0.816154087	-74.0552976	-73.586298	-76.1699843	-72.7929614	3.37702291	0	0	0	0	0	3
69	79	0	0.828156353	-74.0579006	-73.6081019	-76.1699843	-72.7929614	3.37702291	0	0	0	0	0	3
70	80	0	0.840158619	-73.7619347	-73.6282668	-76.1699843	-72.7929614	3.37702291	0	0	0	0	0	3
71	81	0	0.852160885	-73.8699026	-73.6368438	-76.1699843	-72.7929614	3.37702291	0	0	0	0	0	3
72	83	0	0.864163151	-73.4337685	-73.6485159	-76.1699843	-72.7929614	3.37702291	0	0	0	0	0	3
73	84	0	0.876165417	-73.9155439	-73.6297483	-76.1699843	-72.7929614	3.37702291	0	0	0	0	0	3
74	85	0	0.888167683	-73.7710161	-73.5916389	-76.1699843	-72.7929614	3.37702291	0	0	0	0	0	3
75	86	0	0.900169949	-73.858735	-73.5366092	-75.5377615	-72.7929614	2.7448001	0	0	0	0	0	3
76	87	0	0.912172215	-73.9373612	-73.4985044	-75.2504234	-72.7929614	2.457462	0	0	0	0	0	3
77	88	0	0.924174481	-74.2556462	-73.4748192	-74.5499772	-72.7929614	1.75701583	0	0	0	0	0	3
78	89	0	0.936176747	-74.2733183	-73.4682321	-74.4175891	-72.7929614	1.62462777	0	0	0	0	0	3
79	90	0	0.948179013	-74.3286058	-73.4661135	-74.3286058	-72.7929614	1.53564446	0	0	0	0	0	3
80	91	0	0.960181279	-74.0890479	-73.4764545	-74.3286058	-72.7929614	1.53564446	0	0	0	0	0	3
81	93	0	0.972183545	-74.4952264	-73.4952547	-74.4952264	-72.7929614	1.70226507	0	0	0	0	0	3
82	94	0	0.984185811	-74.109239	-73.5163018	-74.4952264	-72.7929614	1.70226507	0	0	0	0	0	3
83	95	0	0.996188077	-74.5772907	-73.5493126	-74.5772907	-72.7929614	1.78432935	0	0	0	0	0	3
84	96	0	1.00819034	-74.2288289	-73.5736135	-74.5772907	-72.7929614	1.78432935	2.38508716	0	100	0	0	3
85	97	0	1.02019261	-74.5624333	-73.6093191	-74.5772907	-72.7929614	1.78432935	2.38508716	0	100	0	0	3
86	98	0	1.03219487	-74.2884917	-73.6378941	-74.5772907	-72.7929614	1.78432935	2.38508716	0	100	0	0	3
87	99	0	1.04419714	-74.5030425	-73.6659266	-74.5772907	-72.7929614	1.78432935	2.38508716	0	100	0	0	3
88	100	0	1.05619941	-74.328386	-73.6956438	-74.5772907	-72.7929614	1.78432935	2.38508716	0	100	0	0	3
89	101	0	1.06820167	-74.8103468	-73.7354835	-74.8103468	-72.7929614	2.01738541	2.38508716	0	100	0	0	3
90	102	0	1.08020394	-74.7236513	-73.7814524	-74.8103468	-72.8199421	1.99040462	2.38508716	0	100	0	0	3
91	104	0	1.0922062	-74.7892009	-73.8255338	-74.8103468	-72.8199421	1.99040462	2.38508716	0	100	0	0	3
92	105	0	1.10420847	-74.4669269	-73.8647477	-74.8103468	-72.9696433	1.84070344	2.38508716	0	100	0	0	3
93	106	0	1.11621074	-74.6177806	-73.9035988	-74.8103468	-72.9696433	1.84070344	2.38508716	0	100	0	0	3
94	107	0	1.128213	-74.213351	-73.9326744	-74.8103468	-72.9696433	1.79788393	2.38508716	0	100	0	0	3
95	108	0	1.14021527	-74.3959536	-73.9609579	-74.8103468	-72.9696433	1.44785743	2.38508716	0	100	0	0	3
96	109	0	1.15221753	-74.2359351	-73.9847561	-74.8103468	-72.9696433	1.17918438	2.38508716	0	100	0	0	3
97	110	0	1.1642198	-74.3434482	-74.0026114	-74.8103468	-72.9696433	0.778172589	2.38508716	0	100	0	0	3
98	111	0	1.17622207	-74.3460192	-74.0279805	-74.8103468	-72.9696433	0.75715562	2.38508716	0	100	0	0	3
99	112	0	1.18822433	-74.3589505	-74.048751	-74.8103468	-72.9696433	0.582637527	2.38508716	0	100	0	0	3
100	114	0	1.2002266	-74.1579024	-74.0730787	-74.8103468	-72.9696433	0.606965259	2.38508716	0	100	0	0	3
101	115	0	1.21222886	-74.4690683	-74.0983816	-74.8103468	-72.9696433	0.632268167	2.38508716	0	100	0	0	3
102	116	0	1.22423113	-74.1501547	-74.126489	-74.8103468	-73.1356887	0.660375581	2.38508716	0	100	0	0	3
103	118	0	1.2362334	-74.344419	-74.1552683	-74.8103468	-73.1515409	0.689154874	2.38508716	0	100	0	0	3
104	119	0	1.24823566	-74.0798877	-74.1773718	-74.8103468	-73.3221339	0.711258369	2.38508716	0	100	0	0	3
105	120	0	1.26023793	-74.2241187	-74.1988477	-74.8103468	-73.3409922	0.732734198	2.38508716	0	100	0	0	3
106	121	0	1.27224019	-74.2016593	-74.2193397	-74.8103468	-73.4337685	0.753226271	2.38508716	0	100	0	0	3
107	122	0	1.28424246	-74.4933459	-74.2356798	-74.8103468	-73.4337685	0.769566365	2.38508716	0	100	0	0	3
108	123	0	1.29624473	-74.3949097	-74.2501691	-74.8103468	-73.4337685	0.784055599	2.38508716	0	100	0	0	3
109	124	0	1.30824699	-74.7205422	-74.2675855	-74.8103468	-73.4337685	0.801471986	2.38508716	0	100	0	0	3
110	125	0	1.32024926	-74.479438	-74.277684	-74.8103468	-73.4337685	0.811570567	2.38508716	0	100	0	0	3
111	126	0	1.33225152	-74.617193	-74.2910005	-74.8103468	-73.4337685	0.824887051	2.38508716	0	100	0	0	3
112	127	0	1.34425379	-74.3793093	-74.3056999	-74.8103468	-73.4337685	0.839586446	2.38508716	0	100	0	0	3
113	129	0	1.35625606	-74.6644466	-74.3246176	-74.8103468	-73.4337685	0.858504159	2.38508716	0	100	0	0	3
114	130	0	1.36825832	-74.3465493	-74.3463505	-74.8103468	-73.7710161	0.880237035	2.38508716	0	100	0	0	3
115	131	0	1.38026059	-74.5833723	-74.3622512	-74.8103468	-73.7710161	0.896137713	2.38508716	0	100	0	0	3
