Iteration	CPUTime	PhysTime	Travels	Value	AvValue	MinValue	MaxValue	Delta	Criteria	PrevAvRefValue	Progress	CriteriaType	CriteriaVarType	CriteriaPercentage
1	4	0	0.012002266	11.3772644	11.3772644	11.3772644	11.3772644	0	0	0	0	0	0	3
2	5	0	0.024004532	4.07208052	7.72467246	4.07208052	11.3772644	3.65259194	0	0	0	0	0	3
3	6	0	0.036006798	5.93961003	7.12965165	4.07208052	11.3772644	4.24761275	0	0	0	0	0	3
4	7	0	0.048009064	-1.48683748	4.97552937	-1.48683748	11.3772644	6.40173503	0	0	0	0	0	3
5	8	0	0.0600113299	4.51767998	4.88395949	-1.48683748	11.3772644	6.49330491	0	0	0	0	0	3
6	9	0	0.0720135959	0.927415324	4.22453546	-1.48683748	11.3772644	7.15272894	0	0	0	0	0	3
7	10	0	0.0840158619	5.62294046	4.4243076	-1.48683748	11.3772644	7.15272894	0	0	0	0	0	3
8	11	0	0.0960181279	3.52351742	4.31170883	-1.48683748	11.3772644	7.15272894	0	0	0	0	0	3
9	12	0	0.108020394	11.7689404	5.14029012	-1.48683748	11.7689404	7.15272894	0	0	0	0	0	3
10	13	0	0.12002266	6.8185454	5.30811565	-1.48683748	11.7689404	7.15272894	0	0	0	0	0	3
11	14	0	0.132024926	8.69746868	5.61623865	-1.48683748	11.7689404	7.15272894	0	0	0	0	0	3
12	16	0	0.144027192	2.84271219	5.38511145	-1.48683748	11.7689404	7.15272894	0	0	0	0	0	3
13	17	0	0.156029458	6.78243114	5.49259758	-1.48683748	11.7689404	7.15272894	0	0	0	0	0	3
14	18	0	0.168031724	6.59994611	5.5716939	-1.48683748	11.7689404	7.15272894	0	0	0	0	0	3
15	19	0	0.18003399	10.1591493	5.87752426	-1.48683748	11.7689404	7.15272894	0	0	0	0	0	3
16	20	0	0.192036256	6.58697248	5.92186477	-1.48683748	11.7689404	7.15272894	0	0	0	0	0	3
17	21	0	0.204038522	8.20646018	6.05625274	-1.48683748	11.7689404	7.15272894	0	0	0	0	0	3
18	22	0	0.216040788	6.70793379	6.09245724	-1.48683748	11.7689404	7.15272894	0	0	0	0	0	3
19	23	0	0.228043054	9.95422933	6.2957084	-1.48683748	11.7689404	7.15272894	0	0	0	0	0	3
20	24	0	0.24004532	7.66652335	6.36424915	-1.48683748	11.7689404	7.15272894	0	0	0	0	0	3
21	25	0	0.252047586	9.26772705	6.50251	-1.48683748	11.7689404	7.15272894	0	0	0	0	0	3
22	26	0	0.264049852	8.54893014	6.5955291	-1.48683748	11.7689404	7.15272894	0	0	0	0	0	3
23	28	0	0.276052118	9.36500916	6.71594128	-1.48683748	11.7689404	7.15272894	0	0	0	0	0	3
24	29	0	0.288054384	9.10763979	6.81559538	-1.48683748	11.7689404	7.15272894	0	0	0	0	0	3
25	30	0	0.30005665	10.2997082	6.95495989	-1.48683748	11.7689404	7.15272894	0	0	0	0	0	3
26	31	0	0.312058916	9.2955144	7.04498122	-1.48683748	11.7689404	7.15272894	0	0	0	0	0	3
27	32	0	0.324061182	9.36889985	7.13105228	-1.48683748	11.7689404	7.15272894	0	0	0	0	0	3
28	33	0	0.336063448	8.57146595	7.18249563	-1.48683748	11.7689404	7.15272894	0	0	0	0	0	3
29	34	0	0.348065714	8.57579676	7.23054049	-1.48683748	11.7689404	7.15272894	0	0	0	0	0	3
30	35	0	0.36006798	8.17802576	7.26212334	-1.48683748	11.7689404	7.15272894	0	0	0	0	0	3
31	36	0	0.372070246	8.5507444	7.30369176	-1.48683748	11.7689404	7.15272894	0	0	0	0	0	3
32	38	0	0.384072512	9.27668221	7.36534771	-1.48683748	11.7689404	7.15272894	0	0	0	0	0	3
33	39	0	0.396074778	9.38022152	7.42640449	-1.48683748	11.7689404	7.15272894	0	0	0	0	0	3
34	40	0	0.408077044	8.91724741	7.47025281	-1.48683748	11.7689404	7.15272894	0	0	0	0	0	3
35	41	0	0.42007931	9.63256193	7.53203307	-1.48683748	11.7689404	7.15272894	0	0	0	0	0	3
36	42	0	0.432081576	9.04326148	7.57401164	-1.48683748	11.7689404	7.15272894	0	0	0	0	0	3
37	43	0	0.444083842	9.1435055	7.61643039	-1.48683748	11.7689404	7.15272894	0	0	0	0	0	3
38	44	0	0.456086108	8.78044364	7.64706232	-1.48683748	11.7689404	7.15272894	0	0	0	0	0	3
39	45	0	0.468088374	9.00021896	7.68175864	-1.48683748	11.7689404	7.15272894	0	0	0	0	0	3
40	46	0	0.48009064	8.53208756	7.70301687	-1.48683748	11.7689404	7.15272894	0	0	0	0	0	3
41	48	0	0.492092906	8.5693427	7.72414677	-1.48683748	11.7689404	7.15272894	0	0	0	0	0	3
42	49	0	0.504095172	8.45719005	7.74160018	-1.48683748	11.7689404	7.15272894	0	0	0	0	0	3
43	50	0	0.516097437	8.70208789	7.6779055	-1.48683748	11.7689404	3.51706472	0	0	0	0	0	3
44	51	0	0.528099703	8.31435595	7.77891206	-1.48683748	11.7689404	3.5543766	0	0	0	0	0	3
45	52	0	0.540101969	8.7487475	7.84579628	-1.48683748	11.7689404	3.62126082	0	0	0	0	0	3
46	53	0	0.552104235	8.58018908	8.08548739	0.927415324	11.7689404	3.86095193	0	0	0	0	0	3
47	54	0	0.564106501	8.83977817	8.18839449	0.927415324	11.7689404	3.96385903	0	0	0	0	0	3
48	55	0	0.576108767	8.81050604	8.37608713	2.84271219	11.7689404	4.0643783	0	0	0	0	0	3
49	57	0	0.588111033	9.24535957	8.4623352	2.84271219	11.7689404	4.15062637	0	0	0	0	0	3
50	58	0	0.600113299	8.84788989	8.58910597	2.84271219	11.7689404	3.44881585	0	0	0	0	0	3
51	59	0	0.612115565	9.09332824	8.52540092	2.84271219	10.2997082	3.28099033	0	0	0	0	0	3
52	60	0	0.624117831	8.91951008	8.57542389	2.84271219	10.2997082	3.20399453	0	0	0	0	0	3
53	61	0	0.636120097	8.87347352	8.57961448	2.84271219	10.2997082	3.20399453	0	0	0	0	0	3
54	62	0	0.648122363	8.59336652	8.71653482	6.58697248	10.2997082	3.22393725	0	0	0	0	0	3
55	63	0	0.660124629	8.91025065	8.76719719	6.58697248	10.2997082	3.19550329	0	0	0	0	0	3
56	64	0	0.672126895	8.43955827	8.81099748	6.58697248	10.2997082	2.93347322	0	0	0	0	0	3
57	66	0	0.684129161	8.65837259	8.7752647	6.58697248	10.2997082	2.88913271	0	0	0	0	0	3
58	67	0	0.696131427	8.45781056	8.81980847	6.70793379	10.2997082	2.76355573	0	0	0	0	0	3
59	68	0	0.708133693	8.53607134	8.82765635	6.70793379	10.2997082	2.73519911	0	0	0	0	0	3
60	69	0	0.720135959	8.58663523	8.87238734	7.66652335	10.2997082	2.57667894	0	0	0	0	0	3
61	70	0	0.732138225	8.77515321	8.8443141	7.66652335	10.2997082	2.50813819	0	0	0	0	0	3
62	71	0	0.744140491	8.43761914	8.86267352	8.17802576	10.2997082	2.12168247	0	0	0	0	0	3
63	72	0	0.756142757	8.80415152	8.85163601	8.17802576	10.2997082	2.12168247	0	0	0	0	0	3
64	73	0	0.768145023	8.40040116	8.8480996	8.17802576	10.2997082	2.12168247	0	0	0	0	0	3
65	74	0	0.780147289	8.82604575	8.83526714	8.17802576	10.2997082	2.05679196	0	0	0	0	0	3
66	76	0	0.792149555	8.54499254	8.82187078	8.17802576	10.2997082	1.91742744	0	0	0	0	0	3
67	77	0	0.804151821	9.10183268	8.79334993	8.17802576	9.63256193	1.45453616	0	0	0	0	0	3
68	78	0	0.816154087	8.67185026	8.77850079	8.17802576	9.63256193	1.45453616	0	0	0	0	0	3
69	79	0	0.828156353	9.08538092	8.77175034	8.17802576	9.63256193	1.45453616	0	0	0	0	0	3
70	80	0	0.840158619	8.79116411	8.77698124	8.17802576	9.63256193	1.45453616	0	0	0	0	0	3
71	81	0	0.852160885	9.00289414	8.78715023	8.17802576	9.63256193	1.45453616	0	0	0	0	0	3
72	83	0	0.864163151	8.60930548	8.79741879	8.31435595	9.63256193	1.31820598	0	0	0	0	0	3
73	84	0	0.876165417	8.75172908	8.80220414	8.31435595	9.63256193	1.31820598	0	0	0	0	0	3
74	85	0	0.888167683	8.40605768	8.78147499	8.31435595	9.63256193	1.31820598	0	0	0	0	0	3
75	86	0	0.900169949	8.72612603	8.76590129	8.31435595	9.63256193	1.31820598	0	0	0	0	0	3
76	87	0	0.912172215	8.39448765	8.75345463	8.31435595	9.63256193	1.31820598	0	0	0	0	0	3
77	88	0	0.924174481	8.61651171	8.72926295	8.31435595	9.24535957	0.931003617	0	0	0	0	0	3
78	89	0	0.936176747	8.29844037	8.71152912	8.29844037	9.24535957	0.9469192	0	0	0	0	0	3
79	90	0	0.948179013	8.75765012	8.70234208	8.29844037	9.24535957	0.9469192	0	0	0	0	0	3
80	91	0	0.960181279	8.23124068	8.68926582	8.23124068	9.24535957	1.01411888	0	0	0	0	0	3
81	93	0	0.972183545	8.67118637	8.68143171	8.23124068	9.24535957	1.01411888	0	0	0	0	0	3
82	94	0	0.984185811	8.4007319	8.6783042	8.23124068	9.24535957	1.01411888	0	0	0	0	0	3
83	95	0	0.996188077	8.57819631	8.678515	8.23124068	9.24535957	1.01411888	0	0	0	0	0	3
84	96	0	1.00819034	8.29592677	8.6746754	8.23124068	9.24535957	1.01411888	0.397673338	0	39.2	0	0	3
85	97	0	1.02019261	8.80081825	8.67702612	8.23124068	9.24535957	1.01411888	0.397673338	0	39.2	0	0	3
86	98	0	1.03219487	8.32539659	8.67728899	8.23124068	9.24535957	1.01411888	0.397673338	0	39.2	0	0	3
87	99	0	1.04419714	8.73544936	8.67697237	8.23124068	9.24535957	0.786899948	0.397673338	0	50.5	0	0	3
88	100	0	1.05619941	8.48807175	8.6747791	8.23124068	9.24535957	0.683992848	0.397673338	0	58.1	0	0	3
89	101	0	1.06820167	8.61081437	8.66932758	8.23124068	9.24535957	0.496300212	0.397673338	0	80.1	0	0	3
90	102	0	1.08020394	8.39653537	8.65947114	8.23124068	9.24535957	0.410052138	0.397673338	0	96.9	0	0	3
91	104	0	1.0922062	8.81706225	8.64927358	8.23124068	9.10183268	0.346986417	0.397673338	0	100	0	0	3
92	105	0	1.10420847	8.29892325	8.63620295	8.23124068	9.10183268	0.346986417	0.397673338	0	100	0	0	3
93	106	0	1.11621074	8.89324815	8.63143913	8.23124068	9.10183268	0.296963449	0.397673338	0	100	0	0	3
94	107	0	1.128213	8.58994095	8.62359225	8.23124068	9.10183268	0.292772857	0.397673338	0	100	0	0	3
95	108	0	1.14021527	8.65137782	8.61830426	8.23124068	9.10183268	0.254083081	0.397673338	0	100	0	0	3
96	109	0	1.15221753	8.28672037	8.61100316	8.23124068	9.10183268	0.26138418	0.397673338	0	100	0	0	3
97	110	0	1.1642198	8.76839689	8.60762569	8.23124068	9.10183268	0.26476165	0.397673338	0	100	0	0	3
98	111	0	1.17622207	8.19895298	8.60189699	8.19895298	9.10183268	0.270490347	0.397673338	0	100	0	0	3
99	112	0	1.18822433	8.73848173	8.60380435	8.19895298	9.10183268	0.270490347	0.397673338	0	100	0	0	3
100	114	0	1.2002266	8.40978366	8.60266085	8.19895298	9.10183268	0.270490347	0.397673338	0	100	0	0	3
101	115	0	1.21222886	8.78405026	8.60856511	8.19895298	9.10183268	0.270490347	0.397673338	0	100	0	0	3
102	116	0	1.22423113	8.51083203	8.60676028	8.19895298	9.10183268	0.26077653	0.397673338	0	100	0	0	3
103	118	0	1.2362334	8.94251286	8.61074503	8.19895298	9.10183268	0.26077653	0.397673338	0	100	0	0	3
104	119	0	1.24823566	8.3992717	8.609832	8.19895298	9.10183268	0.249739018	0.397673338	0	100	0	0	3
105	120	0	1.26023793	8.8489607	8.61089888	8.19895298	9.10183268	0.246202614	0.397673338	0	100	0	0	3
106	121	0	1.27224019	8.5760383	8.61508072	8.19895298	9.10183268	0.233370151	0.397673338	0	100	0	0	3
107	122	0	1.28424246	8.66304453	8.61119974	8.19895298	9.10183268	0.219973788	0.397673338	0	100	0	0	3
108	123	0	1.29624473	8.29706532	8.60529671	8.19895298	9.10183268	0.200307153	0.397673338	0	100	0	0	3
109	124	0	1.30824699	8.81875732	8.59855682	8.19895298	9.08538092	0.203647327	0.397673338	0	100	0	0	3
110	125	0	1.32024926	8.38804	8.59179943	8.19895298	9.08538092	0.210404715	0.397673338	0	100	0	0	3
111	126	0	1.33225152	8.95614052	8.58872228	8.19895298	9.00289414	0.213481867	0.397673338	0	100	0	0	3
112	127	0	1.34425379	8.71428963	8.58689193	8.19895298	9.00289414	0.215312212	0.397673338	0	100	0	0	3
113	129	0	1.35625606	8.83777626	8.58296055	8.19895298	8.95614052	0.21924359	0.397673338	0	100	0	0	3
114	130	0	1.36825832	8.55199157	8.58159594	8.19895298	8.95614052	0.220608207	0.397673338	0	100	0	0	3
115	131	0	1.38026059	8.9578319	8.58650315	8.19895298	8.9578319	0.199879051	0.397673338	0	100	0	0	3
