Iteration	CPUTime	PhysTime	Travels	Value	AvValue	MinValue	MaxValue	Delta	Criteria	PrevAvRefValue	Progress	CriteriaType	CriteriaVarType	CriteriaPercentage
1	4	0	0.012002266	-2288.18948	-2288.18948	-2288.18948	-2288.18948	0	0	0	0	0	0	3
2	5	0	0.024004532	-629.131135	-1458.66031	-2288.18948	-629.131135	829.529172	0	0	0	0	0	3
3	6	0	0.036006798	-237.437115	-1051.58591	-2288.18948	-237.437115	1236.60357	0	0	0	0	0	3
4	7	0	0.048009064	-210.080509	-841.20956	-2288.18948	-210.080509	1446.97992	0	0	0	0	0	3
5	8	0	0.0600113299	-233.053441	-719.578336	-2288.18948	-210.080509	1568.61114	0	0	0	0	0	3
6	9	0	0.0720135959	-230.01126	-637.983823	-2288.18948	-210.080509	1650.20566	0	0	0	0	0	3
7	10	0	0.0840158619	-225.012276	-578.987888	-2288.18948	-210.080509	1709.20159	0	0	0	0	0	3
8	11	0	0.0960181279	-215.968324	-533.610442	-2288.18948	-210.080509	1754.57904	0	0	0	0	0	3
9	12	0	0.108020394	-205.845727	-497.192141	-2288.18948	-205.845727	1790.99734	0	0	0	0	0	3
10	13	0	0.12002266	-204.218462	-467.894773	-2288.18948	-204.218462	1820.29471	0	0	0	0	0	3
11	14	0	0.132024926	-194.120389	-443.006192	-2288.18948	-194.120389	1845.18329	0	0	0	0	0	3
12	16	0	0.144027192	-202.607372	-422.972957	-2288.18948	-194.120389	1865.21652	0	0	0	0	0	3
13	17	0	0.156029458	-197.071786	-405.595944	-2288.18948	-194.120389	1882.59353	0	0	0	0	0	3
14	18	0	0.168031724	-192.631452	-390.384195	-2288.18948	-192.631452	1897.80528	0	0	0	0	0	3
15	19	0	0.18003399	-202.485987	-377.857648	-2288.18948	-192.631452	1910.33183	0	0	0	0	0	3
16	20	0	0.192036256	-194.079712	-366.371527	-2288.18948	-192.631452	1921.81795	0	0	0	0	0	3
17	21	0	0.204038522	-200.435145	-356.610563	-2288.18948	-192.631452	1931.57892	0	0	0	0	0	3
18	22	0	0.216040788	-195.70444	-347.671334	-2288.18948	-192.631452	1940.51814	0	0	0	0	0	3
19	23	0	0.228043054	-200.46634	-339.923703	-2288.18948	-192.631452	1948.26578	0	0	0	0	0	3
20	24	0	0.24004532	-197.58893	-332.806964	-2288.18948	-192.631452	1955.38251	0	0	0	0	0	3
21	25	0	0.252047586	-200.652494	-326.513894	-2288.18948	-192.631452	1961.67558	0	0	0	0	0	3
22	26	0	0.264049852	-202.219517	-320.86415	-2288.18948	-192.631452	1967.32533	0	0	0	0	0	3
23	28	0	0.276052118	-202.140069	-315.702233	-2288.18948	-192.631452	1972.48725	0	0	0	0	0	3
24	29	0	0.288054384	-202.720382	-310.994656	-2288.18948	-192.631452	1977.19482	0	0	0	0	0	3
25	30	0	0.30005665	-199.940822	-306.552503	-2288.18948	-192.631452	1981.63698	0	0	0	0	0	3
26	31	0	0.312058916	-198.551772	-302.398628	-2288.18948	-192.631452	1985.79085	0	0	0	0	0	3
27	32	0	0.324061182	-199.677946	-298.594159	-2288.18948	-192.631452	1989.59532	0	0	0	0	0	3
28	33	0	0.336063448	-199.080838	-295.040111	-2288.18948	-192.631452	1993.14937	0	0	0	0	0	3
29	34	0	0.348065714	-199.452012	-291.74397	-2288.18948	-192.631452	1996.44551	0	0	0	0	0	3
30	35	0	0.36006798	-200.615781	-288.706364	-2288.18948	-192.631452	1999.48312	0	0	0	0	0	3
31	36	0	0.372070246	-200.564396	-285.863074	-2288.18948	-192.631452	2002.3264	0	0	0	0	0	3
32	38	0	0.384072512	-200.735718	-283.202845	-2288.18948	-192.631452	2004.98663	0	0	0	0	0	3
33	39	0	0.396074778	-199.159379	-280.656073	-2288.18948	-192.631452	2007.53341	0	0	0	0	0	3
34	40	0	0.408077044	-198.807807	-278.248771	-2288.18948	-192.631452	2009.94071	0	0	0	0	0	3
35	41	0	0.42007931	-198.162908	-275.960603	-2288.18948	-192.631452	2012.22888	0	0	0	0	0	3
36	42	0	0.432081576	-198.38695	-273.80578	-2288.18948	-192.631452	2014.3837	0	0	0	0	0	3
37	43	0	0.444083842	-197.665182	-271.747926	-2288.18948	-192.631452	2016.44155	0	0	0	0	0	3
38	44	0	0.456086108	-197.798925	-269.801899	-2288.18948	-192.631452	2018.38758	0	0	0	0	0	3
39	45	0	0.468088374	-197.465919	-267.947131	-2288.18948	-192.631452	2020.24235	0	0	0	0	0	3
40	46	0	0.48009064	-197.616833	-266.188873	-2288.18948	-192.631452	2022.00061	0	0	0	0	0	3
41	48	0	0.492092906	-197.408452	-264.511302	-2288.18948	-192.631452	2023.67818	0	0	0	0	0	3
42	49	0	0.504095172	-197.690275	-262.920325	-2288.18948	-192.631452	2025.26915	0	0	0	0	0	3
43	50	0	0.516097437	-197.617218	-213.144795	-629.131135	-192.631452	436.499683	0	0	0	0	0	3
44	51	0	0.528099703	-198.048621	-202.880926	-237.437115	-192.631452	44.805663	0	0	0	0	0	3
45	52	0	0.540101969	-197.847338	-201.938312	-233.053441	-192.631452	40.4219894	0	0	0	0	0	3
46	53	0	0.552104235	-198.044183	-201.651733	-233.053441	-192.631452	40.4219894	0	0	0	0	0	3
47	54	0	0.564106501	-197.883412	-200.814351	-230.01126	-192.631452	37.3798076	0	0	0	0	0	3
48	55	0	0.576108767	-198.465838	-200.06327	-225.012276	-192.631452	32.3808239	0	0	0	0	0	3
49	57	0	0.588111033	-198.260829	-199.42633	-215.968324	-192.631452	23.3368716	0	0	0	0	0	3
50	58	0	0.600113299	-198.583858	-199.012415	-205.845727	-192.631452	13.214275	0	0	0	0	0	3
51	59	0	0.612115565	-198.332934	-198.833539	-204.218462	-192.631452	11.5870105	0	0	0	0	0	3
52	60	0	0.624117831	-198.888991	-198.706646	-202.720382	-192.631452	10.0889297	0	0	0	0	0	3
53	61	0	0.636120097	-199.048476	-198.823982	-202.720382	-192.631452	10.0889297	0	0	0	0	0	3
54	62	0	0.648122363	-199.735479	-198.755603	-202.720382	-192.631452	10.0889297	0	0	0	0	0	3
55	63	0	0.660124629	-199.377862	-198.81051	-202.720382	-192.631452	10.0889297	0	0	0	0	0	3
56	64	0	0.672126895	-200.141571	-198.989322	-202.720382	-194.079712	8.64066962	0	0	0	0	0	3
57	66	0	0.684129161	-199.858969	-198.926774	-202.720382	-194.079712	8.64066962	0	0	0	0	0	3
58	67	0	0.696131427	-200.183362	-199.072099	-202.720382	-195.70444	7.0159416	0	0	0	0	0	3
59	68	0	0.708133693	-199.561918	-199.051308	-202.720382	-195.70444	7.0159416	0	0	0	0	0	3
60	69	0	0.720135959	-200.092637	-199.155789	-202.720382	-197.408452	5.31192982	0	0	0	0	0	3
61	70	0	0.732138225	-199.767951	-199.139161	-202.720382	-197.408452	5.31192982	0	0	0	0	0	3
62	71	0	0.744140491	-200.023327	-199.197123	-202.720382	-197.408452	5.31192982	0	0	0	0	0	3
63	72	0	0.756142757	-200.005523	-199.181719	-202.720382	-197.408452	5.31192982	0	0	0	0	0	3
64	73	0	0.768145023	-200.372704	-199.137747	-202.720382	-197.408452	5.31192982	0	0	0	0	0	3
65	74	0	0.780147289	-200.209123	-199.091772	-202.720382	-197.408452	5.31192982	0	0	0	0	0	3
66	76	0	0.792149555	-200.590228	-199.041054	-200.735718	-197.408452	3.32726634	0	0	0	0	0	3
67	77	0	0.804151821	-200.422521	-199.052523	-200.735718	-197.408452	3.32726634	0	0	0	0	0	3
68	78	0	0.816154087	-200.760528	-199.105112	-200.760528	-197.408452	3.35207628	0	0	0	0	0	3
69	79	0	0.828156353	-200.652016	-199.128305	-200.760528	-197.408452	3.35207628	0	0	0	0	0	3
70	80	0	0.840158619	-200.930072	-199.172334	-200.930072	-197.408452	3.52162009	0	0	0	0	0	3
71	81	0	0.852160885	-200.818322	-199.204865	-200.930072	-197.408452	3.52162009	0	0	0	0	0	3
72	83	0	0.864163151	-201.482186	-199.225494	-201.482186	-197.408452	4.0737345	0	0	0	0	0	3
73	84	0	0.876165417	-200.916238	-199.233871	-201.482186	-197.408452	4.0737345	0	0	0	0	0	3
74	85	0	0.888167683	-201.381742	-199.249253	-201.482186	-197.408452	4.0737345	0	0	0	0	0	3
75	86	0	0.900169949	-201.494431	-199.304849	-201.494431	-197.408452	4.08597924	0	0	0	0	0	3
76	87	0	0.912172215	-201.756102	-199.375047	-201.756102	-197.408452	4.34764964	0	0	0	0	0	3
77	88	0	0.924174481	-201.578095	-199.45636	-201.756102	-197.408452	4.34764964	0	0	0	0	0	3
78	89	0	0.936176747	-201.635689	-199.533711	-201.756102	-197.408452	4.34764964	0	0	0	0	0	3
79	90	0	0.948179013	-201.507701	-199.6252	-201.756102	-197.408452	4.34764964	0	0	0	0	0	3
80	91	0	0.960181279	-201.883514	-199.722452	-201.883514	-197.408452	4.47506201	0	0	0	0	0	3
81	93	0	0.972183545	-201.635266	-199.821722	-201.883514	-197.408452	4.47506201	0	0	0	0	0	3
82	94	0	0.984185811	-202.007051	-199.926251	-202.007051	-197.408452	4.59859951	0	0	0	0	0	3
83	95	0	0.996188077	-201.752072	-200.029671	-202.007051	-197.617218	4.38983328	0	0	0	0	0	3
84	96	0	1.00819034	-202.061078	-200.133738	-202.061078	-197.617218	4.44385997	1.34416989	0	30.2	0	0	3
85	97	0	1.02019261	-201.770305	-200.232621	-202.061078	-197.847338	4.1742793	1.34416989	0	32.2	0	0	3
86	98	0	1.03219487	-201.995127	-200.326585	-202.061078	-197.847338	3.23166555	1.34416989	0	41.5	0	0	3
87	99	0	1.04419714	-202.015807	-200.425834	-202.061078	-197.883412	2.94508637	1.34416989	0	45.6	0	0	3
88	100	0	1.05619941	-202.398894	-200.529518	-202.398894	-197.883412	2.10770471	1.34416989	0	63.7	0	0	3
89	101	0	1.06820167	-202.056862	-200.628886	-202.398894	-198.260829	1.9222393	1.34416989	0	69.9	0	0	3
90	102	0	1.08020394	-202.414129	-200.722893	-202.414129	-198.260829	2.01624621	1.34416989	0	66.6	0	0	3
91	104	0	1.0922062	-202.089508	-200.814052	-202.414129	-198.332934	2.10740524	1.34416989	0	63.7	0	0	3
92	105	0	1.10420847	-202.336777	-200.903407	-202.414129	-198.332934	2.19676045	1.34416989	0	61.1	0	0	3
93	106	0	1.11621074	-201.935146	-200.989174	-202.414129	-198.888991	2.2825274	1.34416989	0	58.8	0	0	3
94	107	0	1.128213	-202.177571	-201.067473	-202.414129	-199.048476	2.31186992	1.34416989	0	58.1	0	0	3
95	108	0	1.14021527	-201.863013	-201.134486	-202.414129	-199.377862	2.3788827	1.34416989	0	56.5	0	0	3
96	109	0	1.15221753	-201.912904	-201.18633	-202.414129	-199.377862	2.37581957	1.34416989	0	56.5	0	0	3
97	110	0	1.1642198	-201.654148	-201.240527	-202.414129	-199.561918	2.31375256	1.34416989	0	58	0	0	3
98	111	0	1.17622207	-201.798638	-201.279981	-202.414129	-199.561918	2.35320653	1.34416989	0	57.1	0	0	3
99	112	0	1.18822433	-201.455246	-201.317987	-202.414129	-199.561918	2.27693347	1.34416989	0	59	0	0	3
100	114	0	1.2002266	-201.608832	-201.351927	-202.414129	-199.561918	2.31087323	1.34416989	0	58.1	0	0	3
101	115	0	1.21222886	-201.335328	-201.394151	-202.414129	-199.767951	2.35309727	1.34416989	0	57.1	0	0	3
102	116	0	1.22423113	-201.695093	-201.432305	-202.414129	-199.767951	2.39125097	1.34416989	0	56.2	0	0	3
103	118	0	1.2362334	-201.581135	-201.475476	-202.414129	-200.005523	2.40860524	1.34416989	0	55.8	0	0	3
104	119	0	1.24823566	-202.061732	-201.524009	-202.414129	-200.005523	2.40860524	1.34416989	0	55.8	0	0	3
105	120	0	1.26023793	-202.073307	-201.573242	-202.414129	-200.209123	2.20500586	1.34416989	0	60.9	0	0	3
106	121	0	1.27224019	-202.416288	-201.621899	-202.416288	-200.209123	2.20716505	1.34416989	0	60.9	0	0	3
107	122	0	1.28424246	-202.327435	-201.672335	-202.416288	-200.422521	1.99376675	1.34416989	0	67.4	0	0	3
108	123	0	1.29624473	-202.47511	-201.717213	-202.47511	-200.422521	2.05258882	1.34416989	0	65.4	0	0	3
109	124	0	1.30824699	-202.041128	-201.755752	-202.47511	-200.652016	1.82309381	1.34416989	0	73.7	0	0	3
110	125	0	1.32024926	-202.432807	-201.795568	-202.47511	-200.652016	1.82309381	1.34416989	0	73.7	0	0	3
111	126	0	1.33225152	-202.181738	-201.83199	-202.47511	-200.818322	1.6567881	1.34416989	0	81.1	0	0	3
112	127	0	1.34425379	-202.432601	-201.867764	-202.47511	-200.818322	1.6567881	1.34416989	0	81.1	0	0	3
113	129	0	1.35625606	-202.014283	-201.896239	-202.47511	-200.916238	1.55887195	1.34416989	0	86.2	0	0	3
114	130	0	1.36825832	-202.143977	-201.911996	-202.47511	-200.916238	1.55887195	1.34416989	0	86.2	0	0	3
115	131	0	1.38026059	-201.810605	-201.933291	-202.47511	-201.335328	1.13978203	1.34416989	0	100	0	0	3
