Iteration	CPUTime	PhysTime	Travels	Value	AvValue	MinValue	MaxValue	Delta	Criteria	PrevAvRefValue	Progress	CriteriaType	CriteriaVarType	CriteriaPercentage
1	4	0	0.012002266	101326.548	101326.548	101326.548	101326.548	0	0	0	0	0	0	3
2	5	0	0.024004532	101324.994	101325.771	101324.994	101326.548	0.777081636	0	0	0	0	0	3
3	6	0	0.036006798	101325.106	101325.55	101324.994	101326.548	0.998776145	0	0	0	0	0	3
4	7	0	0.048009064	101325.049	101325.424	101324.994	101326.548	1.12393414	0	0	0	0	0	3
5	8	0	0.0600113299	101325.065	101325.352	101324.994	101326.548	1.19582694	0	0	0	0	0	3
6	9	0	0.0720135959	101325.041	101325.301	101324.994	101326.548	1.24767779	0	0	0	0	0	3
7	10	0	0.0840158619	101325.073	101325.268	101324.994	101326.548	1.28022118	0	0	0	0	0	3
8	11	0	0.0960181279	101325.049	101325.241	101324.994	101326.548	1.30766346	0	0	0	0	0	3
9	12	0	0.108020394	101325.072	101325.222	101324.994	101326.548	1.32641043	0	0	0	0	0	3
10	13	0	0.12002266	101325.043	101325.204	101324.994	101326.548	1.34432107	0	0	0	0	0	3
11	14	0	0.132024926	101325.067	101325.192	101324.994	101326.548	1.35673766	0	0	0	0	0	3
12	16	0	0.144027192	101325.039	101325.179	101324.994	101326.548	1.36946585	0	0	0	0	0	3
13	17	0	0.156029458	101325.064	101325.17	101324.994	101326.548	1.37826274	0	0	0	0	0	3
14	18	0	0.168031724	101325.035	101325.16	101324.994	101326.548	1.38787443	0	0	0	0	0	3
15	19	0	0.18003399	101325.059	101325.154	101324.994	101326.548	1.3946469	0	0	0	0	0	3
16	20	0	0.192036256	101325.034	101325.146	101324.994	101326.548	1.40209476	0	0	0	0	0	3
17	21	0	0.204038522	101325.048	101325.14	101324.994	101326.548	1.40787984	0	0	0	0	0	3
18	22	0	0.216040788	101325.033	101325.134	101324.994	101326.548	1.41387226	0	0	0	0	0	3
19	23	0	0.228043054	101325.041	101325.13	101324.994	101326.548	1.41877613	0	0	0	0	0	3
20	24	0	0.24004532	101325.032	101325.125	101324.994	101326.548	1.42362795	0	0	0	0	0	3
21	25	0	0.252047586	101325.042	101325.121	101324.994	101326.548	1.42756246	0	0	0	0	0	3
22	26	0	0.264049852	101325.038	101325.117	101324.994	101326.548	1.43131889	0	0	0	0	0	3
23	28	0	0.276052118	101325.039	101325.114	101324.994	101326.548	1.43470054	0	0	0	0	0	3
24	29	0	0.288054384	101325.039	101325.11	101324.994	101326.548	1.43782826	0	0	0	0	0	3
25	30	0	0.30005665	101325.038	101325.108	101324.994	101326.548	1.44071661	0	0	0	0	0	3
26	31	0	0.312058916	101325.035	101325.105	101324.994	101326.548	1.44352263	0	0	0	0	0	3
27	32	0	0.324061182	101325.028	101325.102	101324.994	101326.548	1.44637227	0	0	0	0	0	3
28	33	0	0.336063448	101325.017	101325.099	101324.994	101326.548	1.44938971	0	0	0	0	0	3
29	34	0	0.348065714	101325.009	101325.096	101324.994	101326.548	1.45250725	0	0	0	0	0	3
30	35	0	0.36006798	101325.002	101325.093	101324.994	101326.548	1.45563715	0	0	0	0	0	3
31	36	0	0.372070246	101324.996	101325.09	101324.994	101326.548	1.45874957	0	0	0	0	0	3
32	38	0	0.384072512	101324.992	101325.087	101324.992	101326.548	1.46178989	0	0	0	0	0	3
33	39	0	0.396074778	101324.991	101325.084	101324.991	101326.548	1.46469793	0	0	0	0	0	3
34	40	0	0.408077044	101324.991	101325.081	101324.991	101326.548	1.46743424	0	0	0	0	0	3
35	41	0	0.42007931	101324.992	101325.078	101324.991	101326.548	1.4699626	0	0	0	0	0	3
36	42	0	0.432081576	101324.995	101325.076	101324.991	101326.548	1.47226702	0	0	0	0	0	3
37	43	0	0.444083842	101324.999	101325.074	101324.991	101326.548	1.47435515	0	0	0	0	0	3
38	44	0	0.456086108	101325.002	101325.072	101324.991	101326.548	1.4762461	0	0	0	0	0	3
39	45	0	0.468088374	101325.005	101325.07	101324.991	101326.548	1.47796037	0	0	0	0	0	3
40	46	0	0.48009064	101325.007	101325.069	101324.991	101326.548	1.47954635	0	0	0	0	0	3
41	48	0	0.492092906	101325.007	101325.067	101324.991	101326.548	1.48104697	0	0	0	0	0	3
42	49	0	0.504095172	101325.007	101325.066	101324.991	101326.548	1.48247323	0	0	0	0	0	3
43	50	0	0.516097437	101325.007	101325.029	101324.991	101325.106	0.11558996	0	0	0	0	0	3
44	51	0	0.528099703	101325.007	101325.029	101324.991	101325.106	0.11558996	0	0	0	0	0	3
45	52	0	0.540101969	101325.006	101325.027	101324.991	101325.073	0.0822735804	0	0	0	0	0	3
46	53	0	0.552104235	101325.006	101325.026	101324.991	101325.073	0.0822735804	0	0	0	0	0	3
47	54	0	0.564106501	101325.006	101325.025	101324.991	101325.073	0.0822735804	0	0	0	0	0	3
48	55	0	0.576108767	101325.006	101325.024	101324.991	101325.073	0.0822735804	0	0	0	0	0	3
49	57	0	0.588111033	101325.006	101325.022	101324.991	101325.072	0.0813689445	0	0	0	0	0	3
50	58	0	0.600113299	101325.006	101325.021	101324.991	101325.072	0.0813689445	0	0	0	0	0	3
51	59	0	0.612115565	101325.007	101325.02	101324.991	101325.067	0.0768515732	0	0	0	0	0	3
52	60	0	0.624117831	101325.007	101325.019	101324.991	101325.067	0.0768515732	0	0	0	0	0	3
53	61	0	0.636120097	101325.007	101325.017	101324.991	101325.064	0.0739297665	0	0	0	0	0	3
54	62	0	0.648122363	101325.007	101325.017	101324.991	101325.064	0.0739297665	0	0	0	0	0	3
55	63	0	0.660124629	101325.006	101325.015	101324.991	101325.059	0.0682936229	0	0	0	0	0	3
56	64	0	0.672126895	101325.006	101325.015	101324.991	101325.059	0.0682936229	0	0	0	0	0	3
57	66	0	0.684129161	101325.005	101325.013	101324.991	101325.048	0.0573139879	0	0	0	0	0	3
58	67	0	0.696131427	101325.005	101325.013	101324.991	101325.048	0.0573139879	0	0	0	0	0	3
59	68	0	0.708133693	101325.005	101325.012	101324.991	101325.042	0.0515024094	0	0	0	0	0	3
60	69	0	0.720135959	101325.006	101325.011	101324.991	101325.042	0.0515024094	0	0	0	0	0	3
61	70	0	0.732138225	101325.006	101325.01	101324.991	101325.042	0.0515024094	0	0	0	0	0	3
62	71	0	0.744140491	101325.006	101325.009	101324.991	101325.042	0.0515024094	0	0	0	0	0	3
63	72	0	0.756142757	101325.007	101325.009	101324.991	101325.039	0.0486583408	0	0	0	0	0	3
64	73	0	0.768145023	101325.007	101325.008	101324.991	101325.039	0.0486583408	0	0	0	0	0	3
65	74	0	0.780147289	101325.007	101325.007	101324.991	101325.039	0.0479893379	0	0	0	0	0	3
66	76	0	0.792149555	101325.006	101325.006	101324.991	101325.038	0.0477180012	0	0	0	0	0	3
67	77	0	0.804151821	101325.006	101325.006	101324.991	101325.035	0.0440820093	0	0	0	0	0	3
68	78	0	0.816154087	101325.005	101325.005	101324.991	101325.028	0.0372921934	0	0	0	0	0	3
69	79	0	0.828156353	101325.005	101325.004	101324.991	101325.017	0.0268945404	0	0	0	0	0	3
70	80	0	0.840158619	101325.005	101325.004	101324.991	101325.009	0.0179569376	0	0	0	0	0	3
71	81	0	0.852160885	101325.005	101325.004	101324.991	101325.007	0.0168050897	0	0	0	0	0	3
72	83	0	0.864163151	101325.006	101325.004	101324.991	101325.007	0.0168050897	0	0	0	0	0	3
73	84	0	0.876165417	101325.006	101325.004	101324.991	101325.007	0.0168050897	0	0	0	0	0	3
74	85	0	0.888167683	101325.006	101325.005	101324.991	101325.007	0.0168050897	0	0	0	0	0	3
75	86	0	0.900169949	101325.007	101325.005	101324.991	101325.007	0.0167826358	0	0	0	0	0	3
76	87	0	0.912172215	101325.007	101325.005	101324.992	101325.007	0.014976692	0	0	0	0	0	3
77	88	0	0.924174481	101325.007	101325.006	101324.995	101325.007	0.011971691	0	0	0	0	0	3
78	89	0	0.936176747	101325.006	101325.006	101324.999	101325.007	0.00857760372	0	0	0	0	0	3
79	90	0	0.948179013	101325.006	101325.006	101325.002	101325.007	0.00526132538	0	0	0	0	0	3
80	91	0	0.960181279	101325.006	101325.006	101325.005	101325.007	0.00231098011	0	0	0	0	0	3
81	93	0	0.972183545	101325.006	101325.006	101325.005	101325.007	0.00231098011	0	0	0	0	0	3
82	94	0	0.984185811	101325.006	101325.006	101325.005	101325.007	0.00231098011	0	0	0	0	0	3
83	95	0	0.996188077	101325.006	101325.006	101325.005	101325.007	0.00231098011	0	0	0	0	0	3
84	96	0	1.00819034	101325.006	101325.006	101325.005	101325.007	0.00225888377	0.00346769881	0	0	0	0	3
85	97	0	1.02019261	101325.006	101325.006	101325.005	101325.007	0.00215695579	0.00346769881	0	0	0	0	3
86	98	0	1.03219487	101325.006	101325.006	101325.005	101325.007	0.00215695579	0.00346769881	0	0	0	0	3
87	99	0	1.04419714	101325.006	101325.006	101325.005	101325.007	0.00215695579	0.00346769881	0	0	0	0	3
88	100	0	1.05619941	101325.006	101325.006	101325.005	101325.007	0.00215695579	0.00346769881	0	0	0	0	3
89	101	0	1.06820167	101325.006	101325.006	101325.005	101325.007	0.00215695579	0.00346769881	0	0	0	0	3
90	102	0	1.08020394	101325.006	101325.006	101325.005	101325.007	0.00215695579	0.00346769881	0	0	0	0	3
91	104	0	1.0922062	101325.005	101325.006	101325.005	101325.007	0.00215695579	0.00346769881	0	0	0	0	3
92	105	0	1.10420847	101325.005	101325.006	101325.005	101325.007	0.00215695579	0.00346769881	0	0	0	0	3
93	106	0	1.11621074	101325.005	101325.006	101325.005	101325.007	0.00215695579	0.00346769881	0	0	0	0	3
94	107	0	1.128213	101325.005	101325.006	101325.005	101325.007	0.00196994582	0.00346769881	0	0	0	0	3
95	108	0	1.14021527	101325.006	101325.006	101325.005	101325.007	0.00190080389	0.00346769881	0	0	0	0	3
96	109	0	1.15221753	101325.006	101325.006	101325.005	101325.007	0.00175712355	0.00346769881	0	0	0	0	3
97	110	0	1.1642198	101325.006	101325.006	101325.005	101325.007	0.00175712355	0.00346769881	0	0	0	0	3
98	111	0	1.17622207	101325.006	101325.006	101325.005	101325.007	0.00175712355	0.00346769881	0	0	0	0	3
99	112	0	1.18822433	101325.006	101325.006	101325.005	101325.007	0.00175712355	0.00346769881	0	0	0	0	3
100	114	0	1.2002266	101325.006	101325.006	101325.005	101325.007	0.00175712355	0.00346769881	0	0	0	0	3
101	115	0	1.21222886	101325.006	101325.006	101325.005	101325.007	0.00175712355	0.00346769881	0	0	0	0	3
102	116	0	1.22423113	101325.006	101325.006	101325.005	101325.007	0.00175712355	0.00346769881	0	0	0	0	3
103	118	0	1.2362334	101325.006	101325.006	101325.005	101325.007	0.00175712355	0.00346769881	0	0	0	0	3
104	119	0	1.24823566	101325.006	101325.006	101325.005	101325.007	0.00175712355	0.00346769881	0	0	0	0	3
105	120	0	1.26023793	101325.006	101325.006	101325.005	101325.007	0.00175712355	0.00346769881	0	0	0	0	3
106	121	0	1.27224019	101325.005	101325.006	101325.005	101325.007	0.00175712355	0.00346769881	0	0	0	0	3
107	122	0	1.28424246	101325.006	101325.006	101325.005	101325.007	0.0016837202	0.00346769881	0	0	0	0	3
108	123	0	1.29624473	101325.006	101325.006	101325.005	101325.007	0.0016837202	0.00346769881	0	0	0	0	3
109	124	0	1.30824699	101325.006	101325.006	101325.005	101325.007	0.0016837202	0.00346769881	0	0	0	0	3
110	125	0	1.32024926	101325.006	101325.006	101325.005	101325.007	0.0016837202	0.00346769881	0	0	0	0	3
111	126	0	1.33225152	101325.006	101325.006	101325.005	101325.007	0.0016837202	0.00346769881	0	0	0	0	3
112	127	0	1.34425379	101325.006	101325.006	101325.005	101325.007	0.00156886863	0.00346769881	0	0	0	0	3
113	129	0	1.35625606	101325.006	101325.006	101325.005	101325.007	0.00156886863	0.00346769881	0	0	0	0	3
114	130	0	1.36825832	101325.006	101325.006	101325.005	101325.007	0.00156886863	0.00346769881	0	0	0	0	3
115	131	0	1.38026059	101325.006	101325.006	101325.005	101325.007	0.00156886863	0.00346769881	0	0	0	0	3
