Iteration	CPUTime	PhysTime	Travels	Value	AvValue	MinValue	MaxValue	Delta	Criteria	PrevAvRefValue	Progress	CriteriaType	CriteriaVarType	CriteriaPercentage
1	4	0	0.012002266	293.199985	293.199985	293.199985	293.199985	0	0	0	0	0	0	3
2	5	0	0.024004532	293.199966	293.199975	293.199966	293.199985	9.35727218e-06	0	0	0	0	0	3
3	6	0	0.036006798	293.199964	293.199972	293.199964	293.199985	1.31979094e-05	0	0	0	0	0	3
4	7	0	0.048009064	293.199958	293.199968	293.199958	293.199985	1.64937533e-05	0	0	0	0	0	3
5	8	0	0.0600113299	293.199953	293.199965	293.199953	293.199985	1.94615212e-05	0	0	0	0	0	3
6	9	0	0.0720135959	293.199944	293.199962	293.199944	293.199985	2.29851497e-05	0	0	0	0	0	3
7	10	0	0.0840158619	293.199934	293.199958	293.199934	293.199985	2.69918826e-05	0	0	0	0	0	3
8	11	0	0.0960181279	293.199923	293.199953	293.199923	293.199985	3.13456251e-05	0	0	0	0	0	3
9	12	0	0.108020394	293.199913	293.199949	293.199913	293.199985	3.58254511e-05	0	0	0	0	0	3
10	13	0	0.12002266	293.199904	293.199944	293.199904	293.199985	4.03666011e-05	0	0	0	0	0	3
11	14	0	0.132024926	293.199893	293.19994	293.199893	293.199985	4.50734391e-05	0	0	0	0	0	3
12	16	0	0.144027192	293.199882	293.199935	293.199882	293.199985	4.9895435e-05	0	0	0	0	0	3
13	17	0	0.156029458	293.199873	293.19993	293.199873	293.199985	5.46887106e-05	0	0	0	0	0	3
14	18	0	0.168031724	293.199863	293.199925	293.199863	293.199985	5.94476555e-05	0	0	0	0	0	3
15	19	0	0.18003399	293.199856	293.199921	293.199856	293.199985	6.40729103e-05	0	0	0	0	0	3
16	20	0	0.192036256	293.199845	293.199916	293.199845	293.199985	6.88128724e-05	0	0	0	0	0	3
17	21	0	0.204038522	293.199835	293.199911	293.199835	293.199985	7.35455547e-05	0	0	0	0	0	3
18	22	0	0.216040788	293.199827	293.199907	293.199827	293.199985	7.8233109e-05	0	0	0	0	0	3
19	23	0	0.228043054	293.199819	293.199902	293.199819	293.199985	8.28516789e-05	0	0	0	0	0	3
20	24	0	0.24004532	293.199811	293.199897	293.199811	293.199985	8.74170423e-05	0	0	0	0	0	3
21	25	0	0.252047586	293.199798	293.199893	293.199798	293.199985	9.21265524e-05	0	0	0	0	0	3
22	26	0	0.264049852	293.199786	293.199888	293.199786	293.199985	9.69933793e-05	0	0	0	0	0	3
23	28	0	0.276052118	293.199771	293.199883	293.199771	293.199985	0.000102051488	0	0	0	0	0	3
24	29	0	0.288054384	293.199757	293.199877	293.199757	293.199985	0.000107308642	0	0	0	0	0	3
25	30	0	0.30005665	293.199741	293.199872	293.199741	293.199985	0.000112772185	0	0	0	0	0	3
26	31	0	0.312058916	293.199713	293.199866	293.199713	293.199985	0.00011889182	0	0	0	0	0	3
27	32	0	0.324061182	293.199683	293.199859	293.199683	293.199985	0.000125672681	0	0	0	0	0	3
28	33	0	0.336063448	293.19965	293.199852	293.19965	293.199985	0.000133154858	0	0	0	0	0	3
29	34	0	0.348065714	293.199613	293.199843	293.199613	293.199985	0.000141364898	0	0	0	0	0	3
30	35	0	0.36006798	293.199576	293.199834	293.199576	293.199985	0.000150291342	0	0	0	0	0	3
31	36	0	0.372070246	293.199518	293.199824	293.199518	293.199985	0.000160493502	0	0	0	0	0	3
32	38	0	0.384072512	293.199465	293.199813	293.199465	293.199985	0.000171725046	0	0	0	0	0	3
33	39	0	0.396074778	293.199418	293.199801	293.199418	293.199985	0.000183710023	0	0	0	0	0	3
34	40	0	0.408077044	293.199379	293.199789	293.199379	293.199985	0.000196130621	0	0	0	0	0	3
35	41	0	0.42007931	293.199349	293.199776	293.199349	293.199985	0.000208682116	0	0	0	0	0	3
36	42	0	0.432081576	293.199322	293.199763	293.199322	293.199985	0.000221283336	0	0	0	0	0	3
37	43	0	0.444083842	293.199309	293.199751	293.199309	293.199985	0.000233558612	0	0	0	0	0	3
38	44	0	0.456086108	293.199305	293.199739	293.199305	293.199985	0.000245288318	0	0	0	0	0	3
39	45	0	0.468088374	293.199307	293.199728	293.199305	293.199985	0.000256378853	0	0	0	0	0	3
40	46	0	0.48009064	293.199309	293.199718	293.199305	293.199985	0.000266852567	0	0	0	0	0	3
41	48	0	0.492092906	293.199311	293.199708	293.199305	293.199985	0.000276766581	0	0	0	0	0	3
42	49	0	0.504095172	293.199312	293.199699	293.199305	293.199985	0.000286188522	0	0	0	0	0	3
43	50	0	0.516097437	293.199313	293.199683	293.199305	293.199966	0.000292832062	0	0	0	0	0	3
44	51	0	0.528099703	293.199312	293.199667	293.199305	293.199964	0.000304554185	0	0	0	0	0	3
45	52	0	0.540101969	293.199312	293.199651	293.199305	293.199958	0.000316789525	0	0	0	0	0	3
46	53	0	0.552104235	293.19931	293.199636	293.199305	293.199953	0.000329268854	0	0	0	0	0	3
47	54	0	0.564106501	293.199308	293.199621	293.199305	293.199944	0.000341109146	0	0	0	0	0	3
48	55	0	0.576108767	293.199307	293.199605	293.199305	293.199934	0.000352271793	0	0	0	0	0	3
49	57	0	0.588111033	293.199306	293.199591	293.199305	293.199923	0.000362857339	0	0	0	0	0	3
50	58	0	0.600113299	293.199305	293.199576	293.199305	293.199913	0.000373080666	0	0	0	0	0	3
51	59	0	0.612115565	293.199304	293.199561	293.199304	293.199904	0.000383029718	0	0	0	0	0	3
52	60	0	0.624117831	293.199306	293.199547	293.199304	293.199893	0.000392547657	0	0	0	0	0	3
53	61	0	0.636120097	293.199306	293.199533	293.199304	293.199882	0.000401690364	0	0	0	0	0	3
54	62	0	0.648122363	293.199307	293.199519	293.199304	293.199873	0.000410580502	0	0	0	0	0	3
55	63	0	0.660124629	293.199307	293.199506	293.199304	293.199863	0.000419296939	0	0	0	0	0	3
56	64	0	0.672126895	293.199306	293.199493	293.199304	293.199856	0.000427941658	0	0	0	0	0	3
57	66	0	0.684129161	293.199304	293.19948	293.199304	293.199845	0.00043633556	0	0	0	0	0	3
58	67	0	0.696131427	293.199303	293.199467	293.199303	293.199835	0.000444510369	0	0	0	0	0	3
59	68	0	0.708133693	293.199301	293.199454	293.199301	293.199827	0.000452546265	0	0	0	0	0	3
60	69	0	0.720135959	293.1993	293.199441	293.1993	293.199819	0.000460462285	0	0	0	0	0	3
61	70	0	0.732138225	293.1993	293.199429	293.1993	293.199811	0.00046825786	0	0	0	0	0	3
62	71	0	0.744140491	293.199299	293.199417	293.199299	293.199798	0.000475718889	0	0	0	0	0	3
63	72	0	0.756142757	293.199299	293.199405	293.199299	293.199786	0.000482739385	0	0	0	0	0	3
64	73	0	0.768145023	293.199299	293.199393	293.199299	293.199771	0.000472254435	0	0	0	0	0	3
65	74	0	0.780147289	293.1993	293.199382	293.199299	293.199757	0.000457361144	0	0	0	0	0	3
66	76	0	0.792149555	293.199301	293.199371	293.199299	293.199741	0.000441687108	0	0	0	0	0	3
67	77	0	0.804151821	293.199301	293.199361	293.199299	293.199713	0.000413701613	0	0	0	0	0	3
68	78	0	0.816154087	293.199301	293.199351	293.199299	293.199683	0.000383609272	0	0	0	0	0	3
69	79	0	0.828156353	293.199299	293.199342	293.199299	293.19965	0.000350410686	0	0	0	0	0	3
70	80	0	0.840158619	293.199299	293.199334	293.199299	293.199613	0.000314958303	0	0	0	0	0	3
71	81	0	0.852160885	293.199298	293.199326	293.199298	293.199576	0.00027802219	0	0	0	0	0	3
72	83	0	0.864163151	293.199297	293.199319	293.199297	293.199518	0.000220917841	0	0	0	0	0	3
73	84	0	0.876165417	293.199297	293.199314	293.199297	293.199465	0.000168133271	0	0	0	0	0	3
74	85	0	0.888167683	293.199297	293.19931	293.199297	293.199418	0.000120806893	0	0	0	0	0	3
75	86	0	0.900169949	293.199297	293.199307	293.199297	293.199379	8.21055643e-05	0	0	0	0	0	3
76	87	0	0.912172215	293.199297	293.199305	293.199297	293.199349	5.26829987e-05	0	0	0	0	0	3
77	88	0	0.924174481	293.199297	293.199304	293.199297	293.199322	2.57899155e-05	0	0	0	0	0	3
78	89	0	0.936176747	293.199297	293.199303	293.199297	293.199313	1.60818017e-05	0	0	0	0	0	3
79	90	0	0.948179013	293.199297	293.199303	293.199297	293.199313	1.61108661e-05	0	0	0	0	0	3
80	91	0	0.960181279	293.199297	293.199303	293.199297	293.199313	1.61177345e-05	0	0	0	0	0	3
81	93	0	0.972183545	293.199296	293.199303	293.199296	293.199313	1.65000508e-05	0	0	0	0	0	3
82	94	0	0.984185811	293.199296	293.199302	293.199296	293.199313	1.65000508e-05	0	0	0	0	0	3
83	95	0	0.996188077	293.199296	293.199302	293.199296	293.199313	1.6660618e-05	0	0	0	0	0	3
84	96	0	1.00819034	293.199296	293.199302	293.199296	293.199313	1.6660618e-05	2.0034467e-05	0	0	0	0	3
85	97	0	1.02019261	293.199296	293.199301	293.199296	293.199312	1.63442787e-05	2.0034467e-05	0	0	0	0	3
86	98	0	1.03219487	293.199296	293.199301	293.199296	293.199312	1.55058452e-05	2.0034467e-05	0	0	0	0	3
87	99	0	1.04419714	293.199296	293.1993	293.199296	293.19931	1.35354264e-05	2.0034467e-05	0	0	0	0	3
88	100	0	1.05619941	293.199297	293.1993	293.199296	293.199308	1.20774815e-05	2.0034467e-05	0	0	0	0	3
89	101	0	1.06820167	293.199298	293.1993	293.199296	293.199307	1.10540192e-05	2.0034467e-05	0	0	0	0	3
90	102	0	1.08020394	293.199299	293.1993	293.199296	293.199307	1.10540192e-05	2.0034467e-05	0	0	0	0	3
91	104	0	1.0922062	293.199298	293.1993	293.199296	293.199307	1.10540192e-05	2.0034467e-05	0	0	0	0	3
92	105	0	1.10420847	293.199298	293.199299	293.199296	293.199307	1.10540192e-05	2.0034467e-05	0	0	0	0	3
93	106	0	1.11621074	293.199297	293.199299	293.199296	293.199307	1.10540192e-05	2.0034467e-05	0	0	0	0	3
94	107	0	1.128213	293.199297	293.199299	293.199296	293.199307	1.10540192e-05	2.0034467e-05	0	0	0	0	3
95	108	0	1.14021527	293.199296	293.199299	293.199296	293.199307	1.10540192e-05	2.0034467e-05	0	0	0	0	3
96	109	0	1.15221753	293.199296	293.199299	293.199296	293.199307	1.05206832e-05	2.0034467e-05	0	0	0	0	3
97	110	0	1.1642198	293.199296	293.199298	293.199296	293.199306	1.00809929e-05	2.0034467e-05	0	0	0	0	3
98	111	0	1.17622207	293.199296	293.199298	293.199296	293.199304	8.28502385e-06	2.0034467e-05	0	0	0	0	3
99	112	0	1.18822433	293.199296	293.199298	293.199296	293.199303	6.94274104e-06	2.0034467e-05	0	0	0	0	3
100	114	0	1.2002266	293.199296	293.199298	293.199296	293.199301	5.31631622e-06	2.0034467e-05	0	0	0	0	3
101	115	0	1.21222886	293.199296	293.199298	293.199296	293.199301	5.31704825e-06	2.0034467e-05	0	0	0	0	3
102	116	0	1.22423113	293.199296	293.199297	293.199296	293.199301	5.38244717e-06	2.0034467e-05	0	0	0	0	3
103	118	0	1.2362334	293.199295	293.199297	293.199295	293.199301	5.54607027e-06	2.0034467e-05	0	0	0	0	3
104	119	0	1.24823566	293.199295	293.199297	293.199295	293.199301	5.54607027e-06	2.0034467e-05	0	0	0	0	3
105	120	0	1.26023793	293.199295	293.199297	293.199295	293.199301	5.70340507e-06	2.0034467e-05	0	0	0	0	3
106	121	0	1.27224019	293.199295	293.199297	293.199295	293.199301	5.70340507e-06	2.0034467e-05	0	0	0	0	3
107	122	0	1.28424246	293.199295	293.199297	293.199295	293.199301	5.70340507e-06	2.0034467e-05	0	0	0	0	3
108	123	0	1.29624473	293.199296	293.199297	293.199295	293.199301	5.48151121e-06	2.0034467e-05	0	0	0	0	3
109	124	0	1.30824699	293.199296	293.199297	293.199295	293.199301	5.46309212e-06	2.0034467e-05	0	0	0	0	3
110	125	0	1.32024926	293.199296	293.199297	293.199295	293.199299	4.17357228e-06	2.0034467e-05	0	0	0	0	3
111	126	0	1.33225152	293.199296	293.199296	293.199295	293.199299	3.7856305e-06	2.0034467e-05	0	0	0	0	3
112	127	0	1.34425379	293.199296	293.199296	293.199295	293.199299	3.7856305e-06	2.0034467e-05	0	0	0	0	3
113	129	0	1.35625606	293.199296	293.199296	293.199295	293.199299	3.7856305e-06	2.0034467e-05	0	0	0	0	3
114	130	0	1.36825832	293.199295	293.199296	293.199295	293.199299	3.7856305e-06	2.0034467e-05	0	0	0	0	3
115	131	0	1.38026059	293.199295	293.199296	293.199295	293.199299	3.95651142e-06	2.0034467e-05	0	0	0	0	3
