Iteration	CPUTime	PhysTime	Travels	Value	AvValue	MinValue	MaxValue	Delta	Criteria	PrevAvRefValue	Progress	CriteriaType	CriteriaVarType	CriteriaPercentage
1	4	0	0.0120085257	1232.8914	1232.8914	1232.8914	1232.8914	0	0	0	0	0	0	3
2	5	0	0.0240170514	-42.930788	594.980308	-42.930788	1232.8914	637.911096	0	0	0	0	0	3
3	5	0	0.036025577	-43.0887163	382.290634	-43.0887163	1232.8914	850.600771	0	0	0	0	0	3
4	6	0	0.0480341027	-15.3552488	282.879163	-43.0887163	1232.8914	950.012242	0	0	0	0	0	3
5	7	0	0.0600426284	-28.4818894	220.606952	-43.0887163	1232.8914	1012.28445	0	0	0	0	0	3
6	8	0	0.0720511541	-53.3830466	174.941953	-53.3830466	1232.8914	1057.94945	0	0	0	0	0	3
7	9	0	0.0840596798	-54.594632	142.151012	-54.594632	1232.8914	1090.74039	0	0	0	0	0	3
8	9	0	0.0960682054	-76.1356875	114.865175	-76.1356875	1232.8914	1118.02623	0	0	0	0	0	3
9	10	0	0.108076731	-73.5711165	93.9278088	-76.1356875	1232.8914	1138.9636	0	0	0	0	0	3
10	11	0	0.120085257	-88.8225705	75.6527709	-88.8225705	1232.8914	1157.23863	0	0	0	0	0	3
11	12	0	0.132093782	-78.6487172	61.6253629	-88.8225705	1232.8914	1171.26604	0	0	0	0	0	3
12	13	0	0.144102308	-92.0094214	48.8224642	-92.0094214	1232.8914	1184.06894	0	0	0	0	0	3
13	14	0	0.156110834	-78.045281	39.0634069	-92.0094214	1232.8914	1193.828	0	0	0	0	0	3
14	15	0	0.16811936	-93.4453253	29.5984974	-93.4453253	1232.8914	1203.29291	0	0	0	0	0	3
15	16	0	0.180127885	-73.9779308	22.6934022	-93.4453253	1232.8914	1210.198	0	0	0	0	0	3
16	17	0	0.192136411	-90.7502004	15.6031771	-93.4453253	1232.8914	1217.28823	0	0	0	0	0	3
17	17	0	0.204144937	-74.6609014	10.2935254	-93.4453253	1232.8914	1222.59788	0	0	0	0	0	3
18	18	0	0.216153462	-88.5992785	4.79948072	-93.4453253	1232.8914	1228.09192	0	0	0	0	0	3
19	19	0	0.228161988	-76.6105377	0.514742908	-93.4453253	1232.8914	1232.37666	0	0	0	0	0	3
20	20	0	0.240170514	-85.4590504	-3.78394676	-93.4453253	1232.8914	1236.67535	0	0	0	0	0	3
21	21	0	0.252179039	-79.9446597	-7.41064737	-93.4453253	1232.8914	1240.30205	0	0	0	0	0	3
22	22	0	0.264187565	-83.1671901	-10.8541266	-93.4453253	1232.8914	1243.74553	0	0	0	0	0	3
23	23	0	0.276196091	-81.110559	-13.9087541	-93.4453253	1232.8914	1246.80016	0	0	0	0	0	3
24	23	0	0.288204616	-83.1756264	-16.7948738	-93.4453253	1232.8914	1249.68628	0	0	0	0	0	3
25	24	0	0.300213142	-81.0022398	-19.3631684	-93.4453253	1232.8914	1252.25457	0	0	0	0	0	3
26	25	0	0.312221668	-82.1433347	-21.7777902	-93.4453253	1232.8914	1254.66919	0	0	0	0	0	3
27	26	0	0.324230193	-80.6570426	-23.9585032	-93.4453253	1232.8914	1256.84991	0	0	0	0	0	3
28	27	0	0.336238719	-81.9176123	-26.0284714	-93.4453253	1232.8914	1258.91988	0	0	0	0	0	3
29	28	0	0.348247245	-80.5471843	-27.908427	-93.4453253	1232.8914	1260.79983	0	0	0	0	0	3
30	29	0	0.36025577	-81.363054	-29.6902479	-93.4453253	1232.8914	1262.58165	0	0	0	0	0	3
31	30	0	0.372264296	-80.8167402	-31.3394896	-93.4453253	1232.8914	1264.23089	0	0	0	0	0	3
32	31	0	0.384272822	-80.7522429	-32.8836382	-93.4453253	1232.8914	1265.77504	0	0	0	0	0	3
33	32	0	0.396281347	-79.5847457	-34.2988232	-93.4453253	1232.8914	1267.19023	0	0	0	0	0	3
34	32	0	0.408289873	-79.3102059	-35.6226874	-93.4453253	1232.8914	1268.51409	0	0	0	0	0	3
35	33	0	0.420298399	-78.4579353	-36.8465517	-93.4453253	1232.8914	1269.73796	0	0	0	0	0	3
36	34	0	0.432306925	-78.1548215	-37.9940036	-93.4453253	1232.8914	1270.88541	0	0	0	0	0	3
37	35	0	0.44431545	-77.7110088	-39.0674362	-93.4453253	1232.8914	1271.95884	0	0	0	0	0	3
38	36	0	0.456323976	-77.3449624	-40.0747395	-93.4453253	1232.8914	1272.96614	0	0	0	0	0	3
39	37	0	0.468332502	-77.5473427	-41.0355755	-93.4453253	1232.8914	1273.92698	0	0	0	0	0	3
40	38	0	0.480341027	-77.3929473	-41.9445098	-93.4453253	1232.8914	1274.83591	0	0	0	0	0	3
41	39	0	0.492349553	-77.5487189	-42.8129051	-93.4453253	1232.8914	1275.70431	0	0	0	0	0	3
42	40	0	0.504358079	-77.6699711	-43.6428353	-93.4453253	1232.8914	1276.53424	0	0	0	0	0	3
43	41	0	0.516366604	-77.8580893	-74.8511565	-93.4453253	-15.3552488	78.0900765	0	0	0	0	0	3
44	42	0	0.52837513	-77.8282649	-75.6820488	-93.4453253	-15.3552488	78.0900765	0	0	0	0	0	3
45	43	0	0.540383656	-77.8965004	-76.5108056	-93.4453253	-15.3552488	78.0900765	0	0	0	0	0	3
46	44	0	0.552392181	-77.7206016	-77.995695	-93.4453253	-28.4818894	64.9634359	0	0	0	0	0	3
47	45	0	0.564400707	-77.5030774	-79.1628661	-93.4453253	-53.3830466	40.0622787	0	0	0	0	0	3
48	46	0	0.576409233	-77.2910484	-79.7321042	-93.4453253	-54.594632	38.8506933	0	0	0	0	0	3
49	47	0	0.588417758	-76.9866785	-80.2652482	-93.4453253	-73.5711165	19.8742088	0	0	0	0	0	3
50	48	0	0.600426284	-76.6965199	-80.2786014	-93.4453253	-73.5711165	19.8742088	0	0	0	0	0	3
51	49	0	0.61243481	-76.5088965	-80.3485485	-93.4453253	-73.9779308	19.4673945	0	0	0	0	0	3
52	50	0	0.624443335	-76.2850786	-80.0500368	-93.4453253	-73.9779308	19.4673945	0	0	0	0	0	3
53	51	0	0.636451861	-76.2228936	-79.9922791	-93.4453253	-73.9779308	19.4673945	0	0	0	0	0	3
54	52	0	0.648460387	-76.20398	-79.6159591	-93.4453253	-73.9779308	19.4673945	0	0	0	0	0	3
55	53	0	0.660468912	-76.347947	-79.5755463	-93.4453253	-73.9779308	19.4673945	0	0	0	0	0	3
56	54	0	0.672477438	-76.1646813	-79.1641024	-90.7502004	-73.9779308	16.7722696	0	0	0	0	0	3
57	55	0	0.684485964	-76.5454344	-79.2252335	-90.7502004	-74.6609014	16.089299	0	0	0	0	0	3
58	56	0	0.696494489	-76.6533104	-78.8895932	-88.5992785	-74.6609014	13.9383771	0	0	0	0	0	3
59	57	0	0.708503015	-76.8860268	-78.9425724	-88.5992785	-76.1646813	12.4345972	0	0	0	0	0	3
60	58	0	0.720511541	-76.911859	-78.6643005	-85.4590504	-76.1646813	9.29436907	0	0	0	0	0	3
61	59	0	0.732520067	-77.2572052	-78.6796974	-85.4590504	-76.1646813	9.29436907	0	0	0	0	0	3
62	60	0	0.744528592	-77.0303823	-78.4790148	-83.1756264	-76.1646813	7.01094514	0	0	0	0	0	3
63	61	0	0.756537118	-77.0385594	-78.4098219	-83.1756264	-76.1646813	7.01094514	0	0	0	0	0	3
64	62	0	0.768545644	-76.8806075	-78.2601414	-83.1756264	-76.1646813	7.01094514	0	0	0	0	0	3
65	63	0	0.780554169	-76.9964317	-78.162186	-83.1756264	-76.1646813	7.01094514	0	0	0	0	0	3
66	63	0	0.792562695	-76.8215624	-78.0108987	-82.1433347	-76.1646813	5.97865339	0	0	0	0	0	3
67	64	0	0.804571221	-77.0866019	-77.9176693	-82.1433347	-76.1646813	5.97865339	0	0	0	0	0	3
68	65	0	0.816579746	-77.0971725	-77.7975225	-81.9176123	-76.1646813	5.75293105	0	0	0	0	0	3
69	66	0	0.828588272	-77.295583	-77.7174878	-81.9176123	-76.1646813	5.75293105	0	0	0	0	0	3
70	67	0	0.840596798	-77.4848547	-77.6119459	-81.363054	-76.1646813	5.19837268	0	0	0	0	0	3
71	68	0	0.852605323	-77.6765007	-77.5435963	-81.363054	-76.1646813	5.19837268	0	0	0	0	0	3
72	69	0	0.864613849	-77.4964016	-77.4515332	-80.8167402	-76.1646813	4.65205889	0	0	0	0	0	3
73	70	0	0.876622375	-77.4490428	-77.3713499	-80.7522429	-76.1646813	4.58756166	0	0	0	0	0	3
74	71	0	0.8886309	-77.1695441	-77.2860476	-79.5847457	-76.1646813	3.42006439	0	0	0	0	0	3
75	72	0	0.900639426	-77.0295391	-77.2252093	-79.3102059	-76.1646813	3.14552466	0	0	0	0	0	3
76	72	0	0.912647952	-76.8174324	-77.1658576	-78.4579353	-76.1646813	2.29325398	0	0	0	0	0	3
77	73	0	0.924656477	-76.6366909	-77.1224946	-78.1548215	-76.1646813	1.99014024	0	0	0	0	0	3
78	74	0	0.936665003	-76.5077351	-77.0832782	-77.8965004	-76.1646813	1.73181908	0	0	0	0	0	3
79	75	0	0.948673529	-76.6931132	-77.0590426	-77.8965004	-76.1646813	1.73181908	0	0	0	0	0	3
80	76	0	0.960682054	-76.7179855	-77.0441146	-77.8965004	-76.1646813	1.73181908	0	0	0	0	0	3
81	77	0	0.97269058	-76.9293411	-77.0294003	-77.8965004	-76.1646813	1.73181908	0	0	0	0	0	3
82	78	0	0.984699106	-77.2126587	-77.0251077	-77.8965004	-76.1646813	1.73181908	0	0	0	0	0	3
83	79	0	0.996707632	-77.3967791	-77.0214901	-77.8965004	-76.1646813	1.73181908	0	0	0	0	0	3
84	80	0	1.00871616	-77.3026397	-77.0127441	-77.8965004	-76.1646813	1.73181908	2.3427023	0	100	0	0	3
85	81	0	1.02072468	-77.5126311	-77.0045189	-77.8965004	-76.1646813	1.73181908	2.3427023	0	100	0	0	3
86	81	0	1.03273321	-77.2439014	-76.9906055	-77.8965004	-76.1646813	1.73181908	2.3427023	0	100	0	0	3
87	82	0	1.04474173	-77.173038	-76.9733802	-77.7206016	-76.1646813	1.55592027	2.3427023	0	100	0	0	3
88	83	0	1.05675026	-76.9982671	-76.9561818	-77.6765007	-76.1646813	1.51181937	2.3427023	0	100	0	0	3
