Iteration	CPUTime	PhysTime	Travels	Value	AvValue	MinValue	MaxValue	Delta	Criteria	PrevAvRefValue	Progress	CriteriaType	CriteriaVarType	CriteriaPercentage
1	4	0	0.0120085257	-3895.0638	-3895.0638	-3895.0638	-3895.0638	0	0	0	0	0	0	3
2	5	0	0.0240170514	-563.1687	-2229.11625	-3895.0638	-563.1687	1665.94755	0	0	0	0	0	3
3	5	0	0.036025577	-182.095846	-1546.77612	-3895.0638	-182.095846	2348.28768	0	0	0	0	0	3
4	6	0	0.0480341027	-245.310849	-1221.4098	-3895.0638	-182.095846	2673.654	0	0	0	0	0	3
5	7	0	0.0600426284	-195.175199	-1016.16288	-3895.0638	-182.095846	2878.90092	0	0	0	0	0	3
6	8	0	0.0720511541	-159.261904	-873.34605	-3895.0638	-159.261904	3021.71775	0	0	0	0	0	3
7	9	0	0.0840596798	-140.223291	-768.614227	-3895.0638	-140.223291	3126.44957	0	0	0	0	0	3
8	9	0	0.0960682054	-85.4571792	-683.219596	-3895.0638	-85.4571792	3211.8442	0	0	0	0	0	3
9	10	0	0.108076731	-84.9928399	-616.749956	-3895.0638	-84.9928399	3278.31384	0	0	0	0	0	3
10	11	0	0.120085257	-45.963553	-559.671316	-3895.0638	-45.963553	3335.39248	0	0	0	0	0	3
11	12	0	0.132093782	-78.0766677	-515.889984	-3895.0638	-45.963553	3379.17381	0	0	0	0	0	3
12	13	0	0.144102308	-49.3186347	-477.009039	-3895.0638	-45.963553	3418.05476	0	0	0	0	0	3
13	14	0	0.156110834	-87.7633634	-447.067063	-3895.0638	-45.963553	3447.99674	0	0	0	0	0	3
14	15	0	0.16811936	-47.2363092	-418.507724	-3895.0638	-45.963553	3476.55608	0	0	0	0	0	3
15	16	0	0.180127885	-97.9028026	-397.134062	-3895.0638	-45.963553	3497.92974	0	0	0	0	0	3
16	17	0	0.192136411	-56.1854962	-375.824777	-3895.0638	-45.963553	3519.23902	0	0	0	0	0	3
17	17	0	0.204144937	-97.678081	-359.463207	-3895.0638	-45.963553	3535.60059	0	0	0	0	0	3
18	18	0	0.216153462	-62.7498688	-342.979132	-3895.0638	-45.963553	3552.08467	0	0	0	0	0	3
19	19	0	0.228161988	-94.2742084	-329.8894	-3895.0638	-45.963553	3565.1744	0	0	0	0	0	3
20	20	0	0.240170514	-71.3328067	-316.96157	-3895.0638	-45.963553	3578.10223	0	0	0	0	0	3
21	21	0	0.252179039	-86.1480883	-305.970452	-3895.0638	-45.963553	3589.09335	0	0	0	0	0	3
22	22	0	0.264187565	-77.5513546	-295.587766	-3895.0638	-45.963553	3599.47603	0	0	0	0	0	3
23	23	0	0.276196091	-84.6307212	-286.41572	-3895.0638	-45.963553	3608.64808	0	0	0	0	0	3
24	23	0	0.288204616	-78.1835679	-277.73938	-3895.0638	-45.963553	3617.32442	0	0	0	0	0	3
25	24	0	0.300213142	-84.7567917	-270.020077	-3895.0638	-45.963553	3625.04372	0	0	0	0	0	3
26	25	0	0.312221668	-80.8449891	-262.744112	-3895.0638	-45.963553	3632.31969	0	0	0	0	0	3
27	26	0	0.324230193	-83.9493768	-256.122085	-3895.0638	-45.963553	3638.94171	0	0	0	0	0	3
28	27	0	0.336238719	-81.4251554	-249.882909	-3895.0638	-45.963553	3645.18089	0	0	0	0	0	3
29	28	0	0.348247245	-84.2549128	-244.171598	-3895.0638	-45.963553	3650.8922	0	0	0	0	0	3
30	29	0	0.36025577	-82.7096093	-238.789532	-3895.0638	-45.963553	3656.27427	0	0	0	0	0	3
31	30	0	0.372264296	-83.7445098	-233.78808	-3895.0638	-45.963553	3661.27572	0	0	0	0	0	3
32	31	0	0.384272822	-82.9755227	-229.075187	-3895.0638	-45.963553	3665.98861	0	0	0	0	0	3
33	32	0	0.396281347	-84.220245	-224.685644	-3895.0638	-45.963553	3670.37816	0	0	0	0	0	3
34	32	0	0.408289873	-83.7908348	-220.541679	-3895.0638	-45.963553	3674.52212	0	0	0	0	0	3
35	33	0	0.420298399	-85.2455008	-216.676074	-3895.0638	-45.963553	3678.38773	0	0	0	0	0	3
36	34	0	0.432306925	-85.1122372	-213.021523	-3895.0638	-45.963553	3682.04228	0	0	0	0	0	3
37	35	0	0.44431545	-86.0442068	-209.589703	-3895.0638	-45.963553	3685.4741	0	0	0	0	0	3
38	36	0	0.456323976	-85.8900741	-206.33445	-3895.0638	-45.963553	3688.72935	0	0	0	0	0	3
39	37	0	0.468332502	-86.0478248	-203.250177	-3895.0638	-45.963553	3691.81362	0	0	0	0	0	3
40	38	0	0.480341027	-85.6020089	-200.308973	-3895.0638	-45.963553	3694.75483	0	0	0	0	0	3
41	39	0	0.492349553	-85.6977177	-197.513577	-3895.0638	-45.963553	3697.55022	0	0	0	0	0	3
42	40	0	0.504358079	-85.3343831	-194.842644	-3895.0638	-45.963553	3700.22116	0	0	0	0	0	3
43	41	0	0.516366604	-85.4451219	-104.137437	-563.1687	-45.963553	517.205147	0	0	0	0	0	3
44	42	0	0.52837513	-85.2522362	-92.7584736	-245.310849	-45.963553	199.347295	0	0	0	0	0	3
45	43	0	0.540383656	-85.4878677	-90.4582836	-245.310849	-45.963553	199.347295	0	0	0	0	0	3
46	44	0	0.552392181	-85.2802399	-86.648031	-195.175199	-45.963553	149.211646	0	0	0	0	0	3
47	45	0	0.564400707	-85.9536511	-84.047518	-159.261904	-45.963553	113.298351	0	0	0	0	0	3
48	46	0	0.576409233	-85.8121499	-82.2987143	-140.223291	-45.963553	94.2597375	0	0	0	0	0	3
49	47	0	0.588417758	-86.452052	-81.0184467	-97.9028026	-45.963553	51.9392495	0	0	0	0	0	3
50	48	0	0.600426284	-86.6064078	-81.0458093	-97.9028026	-45.963553	51.9392495	0	0	0	0	0	3
51	49	0	0.61243481	-87.1773172	-81.0978207	-97.9028026	-45.963553	51.9392495	0	0	0	0	0	3
52	50	0	0.624443335	-87.31828	-82.082457	-97.9028026	-47.2363092	50.6664934	0	0	0	0	0	3
53	51	0	0.636451861	-87.5310876	-82.3075623	-97.9028026	-47.2363092	50.6664934	0	0	0	0	0	3
54	52	0	0.648460387	-87.301258	-83.2119104	-97.9028026	-47.2363092	50.6664934	0	0	0	0	0	3
55	53	0	0.660468912	-87.5898481	-83.2077791	-97.9028026	-47.2363092	50.6664934	0	0	0	0	0	3
56	54	0	0.672477438	-87.4835879	-84.1660477	-97.9028026	-56.1854962	41.7173064	0	0	0	0	0	3
57	55	0	0.684485964	-87.5676908	-83.9199736	-97.678081	-56.1854962	41.4925848	0	0	0	0	0	3
58	56	0	0.696494489	-87.3683835	-84.6624233	-97.678081	-62.7498688	34.9282122	0	0	0	0	0	3
59	57	0	0.708503015	-87.5907369	-84.4222484	-94.2742084	-62.7498688	31.5243396	0	0	0	0	0	3
60	58	0	0.720511541	-87.317855	-85.0072005	-94.2742084	-71.3328067	22.9414017	0	0	0	0	0	3
61	59	0	0.732520067	-87.3813336	-84.8430844	-87.5907369	-71.3328067	16.2579302	0	0	0	0	0	3
62	60	0	0.744528592	-87.3525953	-85.2245079	-87.5907369	-77.5513546	10.0393823	0	0	0	0	0	3
63	61	0	0.756537118	-87.6667221	-85.2606659	-87.6667221	-77.5513546	10.1153676	0	0	0	0	0	3
64	62	0	0.768545644	-87.6169003	-85.5003217	-87.6667221	-78.1835679	9.48315427	0	0	0	0	0	3
65	63	0	0.780554169	-87.9405476	-85.5791271	-87.9405476	-78.1835679	9.75697974	0	0	0	0	0	3
66	63	0	0.792562695	-87.7341887	-85.8065229	-87.9405476	-80.8449891	7.09555846	0	0	0	0	0	3
67	64	0	0.804571221	-88.0094098	-85.8839661	-88.0094098	-80.8449891	7.16442067	0	0	0	0	0	3
68	65	0	0.816579746	-87.8688327	-86.0512005	-88.0094098	-81.4251554	6.58425441	0	0	0	0	0	3
69	66	0	0.828588272	-88.0367225	-86.1485183	-88.0367225	-81.4251554	6.61156711	0	0	0	0	0	3
70	67	0	0.840596798	-87.7636134	-86.2994339	-88.0367225	-82.7096093	5.32711324	0	0	0	0	0	3
71	68	0	0.852605323	-87.8597383	-86.3852631	-88.0367225	-82.7096093	5.32711324	0	0	0	0	0	3
72	69	0	0.864613849	-87.8397328	-86.5074089	-88.0367225	-82.9755227	5.06119984	0	0	0	0	0	3
73	70	0	0.876622375	-88.1109533	-86.6113719	-88.1109533	-82.9755227	5.13543065	0	0	0	0	0	3
74	71	0	0.8886309	-88.2113014	-86.7360333	-88.2113014	-83.7908348	4.42046662	0	0	0	0	0	3
75	72	0	0.900639426	-88.450567	-86.8367552	-88.450567	-83.7908348	4.65973216	0	0	0	0	0	3
76	72	0	0.912647952	-88.3405799	-86.9450825	-88.450567	-85.1122372	3.33832978	0	0	0	0	0	3
77	73	0	0.924656477	-88.7533059	-87.0286016	-88.7533059	-85.1122372	3.6410687	0	0	0	0	0	3
78	74	0	0.936665003	-88.6040816	-87.1117408	-88.7533059	-85.2522362	3.50106969	0	0	0	0	0	3
79	75	0	0.948673529	-88.8083578	-87.1775539	-88.8083578	-85.2522362	3.55612158	0	0	0	0	0	3
80	76	0	0.960682054	-88.5098139	-87.2399287	-88.8083578	-85.2522362	3.55612158	0	0	0	0	0	3
81	77	0	0.97269058	-88.7013815	-87.3031086	-88.8083578	-85.2522362	3.55612158	0	0	0	0	0	3
82	78	0	0.984699106	-88.170112	-87.3642539	-88.8083578	-85.2522362	3.55612158	0	0	0	0	0	3
83	79	0	0.996707632	-88.4153558	-87.4289596	-88.8083578	-85.2522362	3.55612158	0	0	0	0	0	3
84	80	0	1.00871616	-88.1589958	-87.4962123	-88.8083578	-85.2522362	3.55612158	5.98041886	0	100	0	0	3
85	81	0	1.02072468	-88.390641	-87.5663437	-88.8083578	-85.2522362	3.55612158	5.98041886	0	100	0	0	3
86	81	0	1.03273321	-88.2722412	-87.6382485	-88.8083578	-85.2802399	3.52811785	5.98041886	0	100	0	0	3
87	82	0	1.04474173	-88.6498674	-87.7135342	-88.8083578	-85.2802399	3.52811785	5.98041886	0	100	0	0	3
88	83	0	1.05675026	-88.4671703	-87.7894135	-88.8083578	-85.8121499	2.99620784	5.98041886	0	100	0	0	3
