Iteration	CPUTime	PhysTime	Travels	Value	AvValue	MinValue	MaxValue	Delta	Criteria	PrevAvRefValue	Progress	CriteriaType	CriteriaVarType	CriteriaPercentage
1	4	0	0.0120045911	14.292672	14.292672	14.292672	14.292672	0	0	0	0	0	0	3
2	5	0	0.0240091822	9.00365627	11.6481642	9.00365627	14.292672	2.64450789	0	0	0	0	0	3
3	6	0	0.0360137732	13.7562452	12.3508579	9.00365627	14.292672	2.64450789	0	0	0	0	0	3
4	7	0	0.0480183643	3.15617671	10.0521876	3.15617671	14.292672	4.24048448	0	0	0	0	0	3
5	7	0	0.0600229554	10.015732	10.0448965	3.15617671	14.292672	4.2477756	0	0	0	0	0	3
6	8	0	0.0720275465	4.00354399	9.03800437	3.15617671	14.292672	5.25466768	0	0	0	0	0	3
7	9	0	0.0840321375	7.57982705	8.82969333	3.15617671	14.292672	5.46297872	0	0	0	0	0	3
8	10	0	0.0960367286	5.73299247	8.44260572	3.15617671	14.292672	5.85006633	0	0	0	0	0	3
9	11	0	0.10804132	9.07987724	8.51341367	3.15617671	14.292672	5.85006633	0	0	0	0	0	3
10	11	0	0.120045911	5.13646873	8.17571917	3.15617671	14.292672	6.11695288	0	0	0	0	0	3
11	12	0	0.132050502	9.48357751	8.29461539	3.15617671	14.292672	6.11695288	0	0	0	0	0	3
12	13	0	0.144055093	6.67867957	8.15995407	3.15617671	14.292672	6.13271798	0	0	0	0	0	3
13	14	0	0.156059684	9.9031391	8.29404522	3.15617671	14.292672	6.13271798	0	0	0	0	0	3
14	15	0	0.168064275	7.23192489	8.21817949	3.15617671	14.292672	6.13271798	0	0	0	0	0	3
15	16	0	0.180068866	11.8203407	8.45832357	3.15617671	14.292672	6.13271798	0	0	0	0	0	3
16	17	0	0.192073457	8.82527704	8.48125816	3.15617671	14.292672	6.13271798	0	0	0	0	0	3
17	18	0	0.204078048	12.5788242	8.72229146	3.15617671	14.292672	6.13271798	0	0	0	0	0	3
18	18	0	0.216082639	9.62952761	8.77269347	3.15617671	14.292672	6.13271798	0	0	0	0	0	3
19	19	0	0.22808723	12.8752756	8.98861884	3.15617671	14.292672	6.13271798	0	0	0	0	0	3
20	20	0	0.240091822	8.12758286	8.94556704	3.15617671	14.292672	6.13271798	0	0	0	0	0	3
21	21	0	0.252096413	11.4454837	9.06461069	3.15617671	14.292672	6.13271798	0	0	0	0	0	3
22	22	0	0.264101004	11.4829724	9.17453623	3.15617671	14.292672	6.13271798	0	0	0	0	0	3
23	23	0	0.276105595	12.8812385	9.33569719	3.15617671	14.292672	6.13271798	0	0	0	0	0	3
24	24	0	0.288110186	11.1913624	9.41301658	3.15617671	14.292672	6.13271798	0	0	0	0	0	3
25	24	0	0.300114777	11.0467921	9.4783676	3.15617671	14.292672	6.13271798	0	0	0	0	0	3
26	25	0	0.312119368	10.2956613	9.50980197	3.15617671	14.292672	6.13271798	0	0	0	0	0	3
27	26	0	0.324123959	9.13713812	9.49599961	3.15617671	14.292672	6.13271798	0	0	0	0	0	3
28	27	0	0.33612855	8.44623415	9.45850798	3.15617671	14.292672	6.13271798	0	0	0	0	0	3
29	28	0	0.348133141	9.93280616	9.47486309	3.15617671	14.292672	6.13271798	0	0	0	0	0	3
30	29	0	0.360137732	9.80646341	9.48591644	3.15617671	14.292672	6.13271798	0	0	0	0	0	3
31	30	0	0.372142323	10.3301486	9.51314973	3.15617671	14.292672	6.13271798	0	0	0	0	0	3
32	30	0	0.384146914	10.2185517	9.53519354	3.15617671	14.292672	6.13271798	0	0	0	0	0	3
33	31	0	0.396151505	10.8869477	9.57615579	3.15617671	14.292672	6.13271798	0	0	0	0	0	3
34	32	0	0.408156097	11.1736425	9.6231407	3.15617671	14.292672	6.13271798	0	0	0	0	0	3
35	33	0	0.420160688	12.3255015	9.700351	3.15617671	14.292672	6.13271798	0	0	0	0	0	3
36	34	0	0.432165279	11.9451324	9.76270604	3.15617671	14.292672	6.13271798	0	0	0	0	0	3
37	35	0	0.44416987	12.2585018	9.83015998	3.15617671	14.292672	6.13271798	0	0	0	0	0	3
38	35	0	0.456174461	12.0568525	9.88875715	3.15617671	14.292672	6.13271798	0	0	0	0	0	3
39	36	0	0.468179052	12.6035112	9.95836623	3.15617671	14.292672	6.13271798	0	0	0	0	0	3
40	37	0	0.480183643	12.9869364	10.0340805	3.15617671	14.292672	6.13271798	0	0	0	0	0	3
41	38	0	0.492188234	13.4805799	10.1181414	3.15617671	14.292672	6.13271798	0	0	0	0	0	3
42	39	0	0.504192825	12.9954728	10.1866493	3.15617671	14.292672	6.13271798	0	0	0	0	0	3
43	40	0	0.516197416	13.3851985	10.1650428	3.15617671	13.7562452	4.19090378	0	0	0	0	0	3
44	41	0	0.528202007	13.0094627	10.2604192	3.15617671	13.7562452	4.19090378	0	0	0	0	0	3
45	42	0	0.540206598	13.1826716	10.2467627	3.15617671	13.4805799	2.1004651	0	0	0	0	0	3
46	42	0	0.552211189	12.9562074	10.4800967	4.00354399	13.4805799	2.32014265	0	0	0	0	0	3
47	43	0	0.564215781	12.9779494	10.5506257	4.00354399	13.4805799	2.39067163	0	0	0	0	0	3
48	44	0	0.576220372	12.7516487	10.7589139	5.13646873	13.4805799	2.59895984	0	0	0	0	0	3
49	45	0	0.588224963	13.0801057	10.8898729	5.13646873	13.4805799	2.72991886	0	0	0	0	0	3
50	46	0	0.600229554	12.8474138	11.0592639	5.13646873	13.4805799	2.89930984	0	0	0	0	0	3
51	47	0	0.612234145	13.1770138	11.1568148	5.13646873	13.4805799	2.99686071	0	0	0	0	0	3
52	47	0	0.624238736	12.7966221	11.3391994	6.67867957	13.4805799	3.17924532	0	0	0	0	0	3
53	48	0	0.636243327	13.0553137	11.4242407	6.67867957	13.4805799	3.26428665	0	0	0	0	0	3
54	49	0	0.648247918	12.7859722	11.5696525	7.23192489	13.4805799	3.35147296	0	0	0	0	0	3
55	50	0	0.660252509	12.9956118	11.6432828	7.23192489	13.4805799	3.42510327	0	0	0	0	0	3
56	51	0	0.6722571	12.899487	11.7782247	8.12758286	13.4805799	3.31990114	0	0	0	0	0	3
57	52	0	0.684261691	12.9804237	11.8058457	8.12758286	13.4805799	3.32458757	0	0	0	0	0	3
58	52	0	0.696266282	12.7929734	11.9003147	8.12758286	13.4805799	3.17802323	0	0	0	0	0	3
59	53	0	0.708270873	13.019196	11.9107997	8.12758286	13.4805799	3.13810627	0	0	0	0	0	3
60	54	0	0.720275465	12.8006083	11.9863017	8.12758286	13.4805799	3.04073461	0	0	0	0	0	3
61	55	0	0.732280056	13.1342222	11.9924671	8.12758286	13.4805799	3.04690001	0	0	0	0	0	3
62	56	0	0.744284647	12.7623136	12.1028178	8.44623415	13.4805799	3.03820709	0	0	0	0	0	3
63	57	0	0.756289238	12.9832012	12.1394301	8.44623415	13.4805799	2.96489388	0	0	0	0	0	3
64	58	0	0.768293829	12.8290722	12.1714801	8.44623415	13.4805799	2.83578291	0	0	0	0	0	3
65	58	0	0.78029842	13.0585694	12.1757023	8.44623415	13.4805799	2.76268569	0	0	0	0	0	3
66	59	0	0.792303011	12.8396931	12.2149482	8.44623415	13.4805799	2.75644025	0	0	0	0	0	3
67	60	0	0.804307602	12.8544232	12.2579871	8.44623415	13.4805799	2.79947909	0	0	0	0	0	3
68	61	0	0.816312193	12.5622893	12.3119544	8.44623415	13.4805799	2.85344642	0	0	0	0	0	3
69	62	0	0.828316784	12.8201497	12.3996452	8.44623415	13.4805799	2.94113718	0	0	0	0	0	3
70	63	0	0.840321375	12.7847373	12.5029429	9.80646341	13.4805799	3.02807976	0	0	0	0	0	3
71	64	0	0.852325966	13.0497736	12.5771564	9.80646341	13.4805799	3.09123993	0	0	0	0	0	3
72	64	0	0.864330557	12.6550186	12.6449791	10.2185517	13.4805799	3.13182937	0	0	0	0	0	3
73	65	0	0.876335149	12.846278	12.7048869	10.2185517	13.4805799	3.1696934	0	0	0	0	0	3
74	66	0	0.88833974	12.6567001	12.7629381	10.8869477	13.4805799	2.59363217	0	0	0	0	0	3
75	67	0	0.900344331	12.9158698	12.8112458	11.1736425	13.4805799	2.30693739	0	0	0	0	0	3
76	68	0	0.912348922	12.9202452	12.8528315	11.9451324	13.4805799	1.53544749	0	0	0	0	0	3
77	69	0	0.924353513	13.0045303	12.8689989	11.9451324	13.4805799	1.53544749	0	0	0	0	0	3
78	69	0	0.936358104	12.8044687	12.8894593	12.0568525	13.4805799	1.42372746	0	0	0	0	0	3
79	70	0	0.948362695	12.9742079	12.9064999	12.0568525	13.4805799	1.42372746	0	0	0	0	0	3
80	71	0	0.960367286	12.6697157	12.9210919	12.5622893	13.4805799	0.918290565	0	0	0	0	0	3
81	72	0	0.972371877	13.0489056	12.9316965	12.5622893	13.4805799	0.918290565	0	0	0	0	0	3
82	73	0	0.984376468	12.6700875	12.9241525	12.5622893	13.4805799	0.918290565	0	0	0	0	0	3
83	74	0	0.996381059	12.9614052	12.9117912	12.5622893	13.3851985	0.822909174	0	0	0	0	0	3
84	74	0	1.00838565	12.709336	12.9049784	12.5622893	13.3851985	0.822909174	0.318002056	0	38.6	0	0	3
85	75	0	1.02039024	12.9728502	12.8951606	12.5622893	13.1826716	0.620382296	0.318002056	0	51.2	0	0	3
86	76	0	1.03239483	12.7673233	12.8893954	12.5622893	13.1826716	0.620382296	0.318002056	0	51.2	0	0	3
87	77	0	1.04439942	12.881279	12.8822194	12.5622893	13.1770138	0.614724462	0.318002056	0	51.7	0	0	3
88	78	0	1.05640401	12.6549751	12.8750472	12.5622893	13.1770138	0.614724462	0.318002056	0	51.7	0	0	3
89	79	0	1.06840861	12.9612264	12.874649	12.5622893	13.1770138	0.614724462	0.318002056	0	51.7	0	0	3
90	80	0	1.0804132	12.7285355	12.8740987	12.5622893	13.1770138	0.614724462	0.318002056	0	51.7	0	0	3
91	80	0	1.09241779	13.1043912	12.8746769	12.5622893	13.1770138	0.614724462	0.318002056	0	51.7	0	0	3
92	81	0	1.10442238	12.5954844	12.8686786	12.5622893	13.1770138	0.614724462	0.318002056	0	51.7	0	0	3
93	82	0	1.11642697	12.9080778	12.8622753	12.5622893	13.1342222	0.571932887	0.318002056	0	55.6	0	0	3
94	83	0	1.12843156	12.706844	12.8601378	12.5622893	13.1342222	0.571932887	0.318002056	0	55.6	0	0	3
95	84	0	1.14043615	13.0293437	12.8595194	12.5622893	13.1342222	0.571932887	0.318002056	0	55.6	0	0	3
96	85	0	1.15244074	12.8563303	12.8611946	12.5622893	13.1342222	0.571932887	0.318002056	0	55.6	0	0	3
97	85	0	1.16444533	12.8953961	12.8588085	12.5622893	13.1342222	0.571932887	0.318002056	0	55.6	0	0	3
98	86	0	1.17644993	12.5270143	12.8499401	12.5270143	13.1342222	0.607207885	0.318002056	0	52.3	0	0	3
99	87	0	1.18845452	12.8779009	12.8474991	12.5270143	13.1342222	0.607207885	0.318002056	0	52.3	0	0	3
100	88	0	1.20045911	12.6908934	12.8450687	12.5270143	13.1342222	0.607207885	0.318002056	0	52.3	0	0	3
101	89	0	1.2124637	13.1177257	12.8474146	12.5270143	13.1342222	0.607207885	0.318002056	0	52.3	0	0	3
102	90	0	1.22446829	12.7146064	12.8453669	12.5270143	13.1342222	0.607207885	0.318002056	0	52.3	0	0	3
103	91	0	1.23647288	12.9105563	12.8400416	12.5270143	13.1177257	0.590711343	0.318002056	0	53.8	0	0	3
104	92	0	1.24847747	12.5871236	12.8358704	12.5270143	13.1177257	0.590711343	0.318002056	0	53.8	0	0	3
105	93	0	1.26048206	12.9550428	12.8351999	12.5270143	13.1177257	0.590711343	0.318002056	0	53.8	0	0	3
106	94	0	1.27248665	12.8650431	12.8360564	12.5270143	13.1177257	0.590711343	0.318002056	0	53.8	0	0	3
107	94	0	1.28449125	12.9716991	12.833988	12.5270143	13.1177257	0.590711343	0.318002056	0	53.8	0	0	3
108	95	0	1.29649584	12.7633645	12.8321707	12.5270143	13.1177257	0.590711343	0.318002056	0	53.8	0	0	3
109	96	0	1.30850043	12.9753251	12.8350493	12.5270143	13.1177257	0.590711343	0.318002056	0	53.8	0	0	3
110	97	0	1.32050502	12.6223001	12.8364781	12.5270143	13.1177257	0.53205136	0.318002056	0	59.7	0	0	3
111	98	0	1.33250961	13.051352	12.8419829	12.5270143	13.1177257	0.428753666	0.318002056	0	74.1	0	0	3
112	99	0	1.3445142	12.6369574	12.8384644	12.5270143	13.1177257	0.354540155	0.318002056	0	89.6	0	0	3
113	100	0	1.35651879	12.9506605	12.8361045	12.5270143	13.1177257	0.286717412	0.318002056	0	100	0	0	3
114	100	0	1.36852338	12.6948668	12.8370533	12.5270143	13.1177257	0.22680957	0.318002056	0	100	0	0	3
115	101	0	1.38052797	12.9606954	12.8397775	12.5270143	13.1177257	0.168758418	0.318002056	0	100	0	0	3
116	102	0	1.39253256	12.731075	12.8415484	12.5270143	13.1177257	0.12045075	0.318002056	0	100	0	0	3
117	103	0	1.40453716	12.8715913	12.8404941	12.5270143	13.1177257	0.0995258358	0.318002056	0	100	0	0	3
118	104	0	1.41654175	12.5761445	12.8323012	12.5270143	13.1177257	0.0995258358	0.318002056	0	100	0	0	3
119	105	0	1.42854634	12.9737867	12.8315692	12.5270143	13.1177257	0.100127272	0.318002056	0	100	0	0	3
120	105	0	1.44055093	12.759576	12.8305004	12.5270143	13.1177257	0.101196147	0.318002056	0	100	0	0	3
121	106	0	1.45255552	13.0896182	12.8332482	12.5270143	13.1177257	0.101196147	0.318002056	0	100	0	0	3
122	107	0	1.46456011	12.6822213	12.833546	12.5270143	13.1177257	0.101196147	0.318002056	0	100	0	0	3
123	108	0	1.4765647	12.9038716	12.8300928	12.5270143	13.1177257	0.0940596993	0.318002056	0	100	0	0	3
124	109	0	1.48856929	12.6287708	12.8291091	12.5270143	13.1177257	0.082682129	0.318002056	0	100	0	0	3
125	110	0	1.50057388	13.0159653	12.8304081	12.5270143	13.1177257	0.0758693488	0.318002056	0	100	0	0	3
126	111	0	1.51257848	12.9142193	12.8352863	12.5270143	13.1177257	0.0660515312	0.318002056	0	100	0	0	3
127	111	0	1.52458307	13.0317075	12.8366877	12.5270143	13.1177257	0.0602863084	0.318002056	0	100	0	0	3
128	112	0	1.53658766	12.7619505	12.8365597	12.5270143	13.1177257	0.0531102929	0.318002056	0	100	0	0	3
129	113	0	1.54859225	13.0053337	12.8395134	12.5270143	13.1177257	0.0459380948	0.318002056	0	100	0	0	3
130	114	0	1.56059684	12.7554153	12.8419048	12.5270143	13.1177257	0.0455678358	0.318002056	0	100	0	0	3
131	115	0	1.57260143	13.1176847	12.84563	12.5270143	13.1177257	0.0455678358	0.318002056	0	100	0	0	3
132	116	0	1.58460602	12.7445662	12.8460117	12.5270143	13.1177257	0.0455678358	0.318002056	0	100	0	0	3
133	117	0	1.59661061	13.0356744	12.8443756	12.5270143	13.1177257	0.0395695153	0.318002056	0	100	0	0	3
134	117	0	1.6086152	12.6345676	12.8453062	12.5270143	13.1177257	0.0331662782	0.318002056	0	100	0	0	3
135	118	0	1.6206198	12.9444549	12.8461723	12.5270143	13.1177257	0.0320855657	0.318002056	0	100	0	0	3
136	119	0	1.63262439	12.8102081	12.8486333	12.5270143	13.1177257	0.0320855657	0.318002056	0	100	0	0	3
137	120	0	1.64462898	12.9852943	12.8475845	12.5270143	13.1177257	0.0320855657	0.318002056	0	100	0	0	3
138	121	0	1.65663357	12.7147525	12.8442136	12.5270143	13.1177257	0.0296994759	0.318002056	0	100	0	0	3
