Iteration	CPUTime	PhysTime	Travels	Value	AvValue	MinValue	MaxValue	Delta	Criteria	PrevAvRefValue	Progress	CriteriaType	CriteriaVarType	CriteriaPercentage
1	4	0	0.0120045911	2564.74562	2564.74562	2564.74562	2564.74562	0	0	0	0	0	0	3
2	5	0	0.0240091822	117.439322	1341.09247	117.439322	2564.74562	1223.65315	0	0	0	0	0	3
3	6	0	0.0360137732	-9.1306822	891.018088	-9.1306822	2564.74562	1673.72754	0	0	0	0	0	3
4	7	0	0.0480183643	-26.2795591	661.693676	-26.2795591	2564.74562	1903.05195	0	0	0	0	0	3
5	7	0	0.0600229554	30.7866698	535.512275	-26.2795591	2564.74562	2029.23335	0	0	0	0	0	3
6	8	0	0.0720275465	-25.4525408	442.018139	-26.2795591	2564.74562	2122.72748	0	0	0	0	0	3
7	9	0	0.0840321375	-15.3176121	376.68446	-26.2795591	2564.74562	2188.06116	0	0	0	0	0	3
8	10	0	0.0960367286	-46.1542208	323.829625	-46.1542208	2564.74562	2240.916	0	0	0	0	0	3
9	11	0	0.10804132	-43.6543299	282.998075	-46.1542208	2564.74562	2281.74755	0	0	0	0	0	3
10	11	0	0.120045911	-54.4140776	249.256859	-54.4140776	2564.74562	2315.48876	0	0	0	0	0	3
11	12	0	0.132050502	-52.6483435	221.810932	-54.4140776	2564.74562	2342.93469	0	0	0	0	0	3
12	13	0	0.144055093	-59.1095359	198.400893	-59.1095359	2564.74562	2366.34473	0	0	0	0	0	3
13	14	0	0.156059684	-52.4906526	179.101543	-59.1095359	2564.74562	2385.64408	0	0	0	0	0	3
14	15	0	0.168064275	-62.1109163	161.872082	-62.1109163	2564.74562	2402.87354	0	0	0	0	0	3
15	16	0	0.180068866	-50.1247972	147.738957	-62.1109163	2564.74562	2417.00667	0	0	0	0	0	3
16	17	0	0.192073457	-62.0280769	134.628517	-62.1109163	2564.74562	2430.11711	0	0	0	0	0	3
17	18	0	0.204078048	-50.7185527	123.725748	-62.1109163	2564.74562	2441.01988	0	0	0	0	0	3
18	18	0	0.216082639	-61.5186158	113.434395	-62.1109163	2564.74562	2451.31123	0	0	0	0	0	3
19	19	0	0.22808723	-52.224483	104.715506	-62.1109163	2564.74562	2460.03012	0	0	0	0	0	3
20	20	0	0.240091822	-57.3569763	96.6118822	-62.1109163	2564.74562	2468.13374	0	0	0	0	0	3
21	21	0	0.252096413	-50.1007085	89.6255683	-62.1109163	2564.74562	2475.12005	0	0	0	0	0	3
22	22	0	0.264101004	-55.464992	83.0305428	-62.1109163	2564.74562	2481.71508	0	0	0	0	0	3
23	23	0	0.276105595	-52.717214	77.1284665	-62.1109163	2564.74562	2487.61716	0	0	0	0	0	3
24	24	0	0.288110186	-54.1629048	71.6579927	-62.1109163	2564.74562	2493.08763	0	0	0	0	0	3
25	24	0	0.300114777	-53.0480855	66.6697495	-62.1109163	2564.74562	2498.07587	0	0	0	0	0	3
26	25	0	0.312119368	-54.3797503	62.0139995	-62.1109163	2564.74562	2502.73162	0	0	0	0	0	3
27	26	0	0.324123959	-54.0984505	57.7135384	-62.1109163	2564.74562	2507.03208	0	0	0	0	0	3
28	27	0	0.33612855	-55.137338	53.68315	-62.1109163	2564.74562	2511.06247	0	0	0	0	0	3
29	28	0	0.348133141	-55.0233649	49.9346495	-62.1109163	2564.74562	2514.81097	0	0	0	0	0	3
30	29	0	0.360137732	-55.4402302	46.4221535	-62.1109163	2564.74562	2518.32347	0	0	0	0	0	3
31	30	0	0.372142323	-55.1055148	43.1470674	-62.1109163	2564.74562	2521.59856	0	0	0	0	0	3
32	30	0	0.384146914	-55.2633364	40.0717423	-62.1109163	2564.74562	2524.67388	0	0	0	0	0	3
33	31	0	0.396151505	-55.1585912	37.1859746	-62.1109163	2564.74562	2527.55965	0	0	0	0	0	3
34	32	0	0.408156097	-55.8946526	34.4483091	-62.1109163	2564.74562	2530.29731	0	0	0	0	0	3
35	33	0	0.420160688	-55.6149176	31.8750741	-62.1109163	2564.74562	2532.87055	0	0	0	0	0	3
36	34	0	0.432165279	-55.5458442	29.4467152	-62.1109163	2564.74562	2535.29891	0	0	0	0	0	3
37	35	0	0.44416987	-55.0079566	27.1641565	-62.1109163	2564.74562	2537.58147	0	0	0	0	0	3
38	35	0	0.456174461	-54.9910622	25.0021771	-62.1109163	2564.74562	2539.74345	0	0	0	0	0	3
39	36	0	0.468179052	-54.6134574	22.9607505	-62.1109163	2564.74562	2541.78487	0	0	0	0	0	3
40	37	0	0.480183643	-54.9874281	21.0120461	-62.1109163	2564.74562	2543.73358	0	0	0	0	0	3
41	38	0	0.492188234	-54.6765039	19.1659839	-62.1109163	2564.74562	2545.57964	0	0	0	0	0	3
42	39	0	0.504192825	-54.1780825	17.4196966	-62.1109163	2564.74562	2547.32593	0	0	0	0	0	3
43	40	0	0.516197416	-53.7214867	-44.9247584	-62.1109163	117.439322	179.550239	0	0	0	0	0	3
44	41	0	0.528202007	-53.2372261	-48.9884858	-62.1109163	30.7866698	92.8975861	0	0	0	0	0	3
45	42	0	0.540206598	-53.0160674	-50.0333759	-62.1109163	30.7866698	92.8975861	0	0	0	0	0	3
46	42	0	0.552211189	-52.7230301	-50.6629823	-62.1109163	30.7866698	92.8975861	0	0	0	0	0	3
47	43	0	0.564215781	-52.704188	-52.6508599	-62.1109163	-15.3176121	46.7933042	0	0	0	0	0	3
48	44	0	0.576220372	-52.0994549	-53.2853102	-62.1109163	-15.3176121	46.7933042	0	0	0	0	0	3
49	45	0	0.588224963	-52.0722268	-54.1604201	-62.1109163	-43.6543299	18.4565864	0	0	0	0	0	3
50	46	0	0.600229554	-51.9208965	-54.2977219	-62.1109163	-43.6543299	18.4565864	0	0	0	0	0	3
51	47	0	0.612234145	-52.1082851	-54.4990066	-62.1109163	-50.1007085	12.0102078	0	0	0	0	0	3
52	47	0	0.624238736	-52.1035371	-54.4439937	-62.1109163	-50.1007085	12.0102078	0	0	0	0	0	3
53	48	0	0.636243327	-52.1323144	-54.4317073	-62.1109163	-50.1007085	12.0102078	0	0	0	0	0	3
54	49	0	0.648247918	-51.6821785	-54.2548654	-62.1109163	-50.1007085	12.0102078	0	0	0	0	0	3
55	50	0	0.660252509	-51.986981	-54.2428733	-62.1109163	-50.1007085	12.0102078	0	0	0	0	0	3
56	51	0	0.6722571	-51.8523809	-53.9986224	-62.0280769	-50.1007085	11.9273684	0	0	0	0	0	3
57	52	0	0.684261691	-52.1814038	-54.0475892	-62.0280769	-50.1007085	11.9273684	0	0	0	0	0	3
58	52	0	0.696266282	-51.9230306	-53.8069929	-61.5186158	-50.1007085	11.4179073	0	0	0	0	0	3
59	53	0	0.708270873	-52.083357	-53.8394882	-61.5186158	-50.1007085	11.4179073	0	0	0	0	0	3
60	54	0	0.720275465	-51.9859246	-53.6125194	-57.3569763	-50.1007085	7.25626784	0	0	0	0	0	3
61	55	0	0.732280056	-52.2357985	-53.6127888	-57.3569763	-50.1007085	7.25626784	0	0	0	0	0	3
62	56	0	0.744284647	-52.2214081	-53.4905134	-55.8946526	-50.1007085	5.79394409	0	0	0	0	0	3
63	57	0	0.756289238	-52.3821963	-53.5448345	-55.8946526	-51.6821785	4.21247411	0	0	0	0	0	3
64	58	0	0.768293829	-52.1538547	-53.4659979	-55.8946526	-51.6821785	4.21247411	0	0	0	0	0	3
65	58	0	0.78029842	-52.602457	-53.4632656	-55.8946526	-51.6821785	4.21247411	0	0	0	0	0	3
66	59	0	0.792303011	-52.4484251	-53.4224447	-55.8946526	-51.6821785	4.21247411	0	0	0	0	0	3
67	60	0	0.804307602	-52.50917	-53.4096133	-55.8946526	-51.6821785	4.21247411	0	0	0	0	0	3
68	61	0	0.816312193	-52.3671317	-53.3616939	-55.8946526	-51.6821785	4.21247411	0	0	0	0	0	3
69	62	0	0.828316784	-52.403106	-53.3213285	-55.8946526	-51.6821785	4.21247411	0	0	0	0	0	3
70	63	0	0.840321375	-52.3186569	-53.2542171	-55.8946526	-51.6821785	4.21247411	0	0	0	0	0	3
71	64	0	0.852325966	-52.6166801	-53.196915	-55.8946526	-51.6821785	4.21247411	0	0	0	0	0	3
72	64	0	0.864330557	-52.3978234	-53.1244768	-55.8946526	-51.6821785	4.21247411	0	0	0	0	0	3
73	65	0	0.876335149	-52.7358289	-53.0680557	-55.8946526	-51.6821785	4.21247411	0	0	0	0	0	3
74	66	0	0.88833974	-52.27996	-52.9970229	-55.8946526	-51.6821785	4.21247411	0	0	0	0	0	3
75	67	0	0.900344331	-52.4158474	-52.9317195	-55.8946526	-51.6821785	4.21247411	0	0	0	0	0	3
76	68	0	0.912348922	-52.441065	-52.8494912	-55.6149176	-51.6821785	3.93273914	0	0	0	0	0	3
77	69	0	0.924353513	-52.6372455	-52.7785943	-55.5458442	-51.6821785	3.8636657	0	0	0	0	0	3
78	69	0	0.936358104	-52.3887447	-52.7034252	-55.0079566	-51.6821785	3.32577818	0	0	0	0	0	3
79	70	0	0.948362695	-52.3892188	-52.6410743	-54.9910622	-51.6821785	3.30888378	0	0	0	0	0	3
80	71	0	0.960367286	-52.2535541	-52.5758956	-54.9874281	-51.6821785	3.30524967	0	0	0	0	0	3
81	72	0	0.972371877	-52.3910513	-52.5229811	-54.9874281	-51.6821785	3.30524967	0	0	0	0	0	3
82	73	0	0.984376468	-52.2862585	-52.4586676	-54.6765039	-51.6821785	2.99432546	0	0	0	0	0	3
83	74	0	0.996381059	-52.4343407	-52.4052827	-54.1780825	-51.6821785	2.49590404	0	0	0	0	0	3
84	74	0	1.00838565	-52.0346427	-52.3542484	-53.7214867	-51.6821785	2.03930822	2.78692758	0	100	0	0	3
85	75	0	1.02039024	-52.2945099	-52.3202728	-53.2372261	-51.6821785	1.5550476	2.78692758	0	100	0	0	3
86	76	0	1.03239483	-52.2230097	-52.2961248	-53.0160674	-51.6821785	1.33388897	2.78692758	0	100	0	0	3
87	77	0	1.04439942	-52.4285297	-52.2821358	-52.7358289	-51.6821785	1.05365046	2.78692758	0	100	0	0	3
88	78	0	1.05640401	-52.1485888	-52.2684586	-52.7358289	-51.6821785	1.05365046	2.78692758	0	100	0	0	3
89	79	0	1.06840861	-52.1744194	-52.2558451	-52.7358289	-51.6821785	1.05365046	2.78692758	0	100	0	0	3
90	80	0	1.0804132	-52.1733248	-52.2576039	-52.7358289	-51.6821785	1.05365046	2.78692758	0	100	0	0	3
91	80	0	1.09241779	-52.2426752	-52.2616622	-52.7358289	-51.6821785	1.05365046	2.78692758	0	100	0	0	3
92	81	0	1.10442238	-52.1577713	-52.2673021	-52.7358289	-51.6821785	1.05365046	2.78692758	0	100	0	0	3
93	82	0	1.11642697	-52.379721	-52.2737648	-52.7358289	-51.6821785	1.05365046	2.78692758	0	100	0	0	3
94	83	0	1.12843156	-52.1815234	-52.2756217	-52.7358289	-51.6821785	1.05365046	2.78692758	0	100	0	0	3
95	84	0	1.14043615	-52.3063687	-52.2797658	-52.7358289	-51.6821785	1.05365046	2.78692758	0	100	0	0	3
96	85	0	1.15244074	-52.201876	-52.2921395	-52.7358289	-51.8523809	0.88344803	2.78692758	0	100	0	0	3
97	85	0	1.16444533	-52.3353499	-52.300434	-52.7358289	-51.8523809	0.88344803	2.78692758	0	100	0	0	3
98	86	0	1.17644993	-52.013388	-52.3042676	-52.7358289	-51.9230306	0.812798365	2.78692758	0	100	0	0	3
99	87	0	1.18845452	-52.142427	-52.3033395	-52.7358289	-51.9230306	0.812798365	2.78692758	0	100	0	0	3
100	88	0	1.20045911	-52.1258818	-52.3081693	-52.7358289	-51.9859246	0.749904326	2.78692758	0	100	0	0	3
101	89	0	1.2124637	-52.1991881	-52.3109272	-52.7358289	-51.9859246	0.749904326	2.78692758	0	100	0	0	3
102	90	0	1.22446829	-52.2096919	-52.316255	-52.7358289	-52.013388	0.722440919	2.78692758	0	100	0	0	3
103	91	0	1.23647288	-52.2288679	-52.31609	-52.7358289	-52.013388	0.722440919	2.78692758	0	100	0	0	3
104	92	0	1.24847747	-52.0702576	-52.3124912	-52.7358289	-52.013388	0.722440919	2.78692758	0	100	0	0	3
105	93	0	1.26048206	-52.1274691	-52.3064262	-52.7358289	-52.013388	0.722440919	2.78692758	0	100	0	0	3
106	94	0	1.27248665	-52.258412	-52.3089157	-52.7358289	-52.013388	0.722440919	2.78692758	0	100	0	0	3
107	94	0	1.28449125	-52.4783346	-52.3059604	-52.7358289	-52.013388	0.722440919	2.78692758	0	100	0	0	3
108	95	0	1.29649584	-52.2245598	-52.3006303	-52.7358289	-52.013388	0.722440919	2.78692758	0	100	0	0	3
109	96	0	1.30850043	-52.2812522	-52.2952037	-52.7358289	-52.013388	0.722440919	2.78692758	0	100	0	0	3
110	97	0	1.32050502	-52.1865397	-52.2909038	-52.7358289	-52.013388	0.722440919	2.78692758	0	100	0	0	3
111	98	0	1.33250961	-52.479854	-52.2927312	-52.7358289	-52.013388	0.722440919	2.78692758	0	100	0	0	3
112	99	0	1.3445142	-52.3307025	-52.293018	-52.7358289	-52.013388	0.722440919	2.78692758	0	100	0	0	3
113	100	0	1.35651879	-52.4185618	-52.2883009	-52.7358289	-52.013388	0.722440919	2.78692758	0	100	0	0	3
114	100	0	1.36852338	-52.0956464	-52.2811062	-52.7358289	-52.013388	0.722440919	2.78692758	0	100	0	0	3
115	101	0	1.38052797	-52.1930068	-52.2681818	-52.6372455	-52.013388	0.623857516	2.78692758	0	100	0	0	3
116	102	0	1.39253256	-52.2701858	-52.2679491	-52.6372455	-52.013388	0.623857516	2.78692758	0	100	0	0	3
117	103	0	1.40453716	-52.3090721	-52.2654069	-52.6372455	-52.013388	0.593646123	2.78692758	0	100	0	0	3
118	104	0	1.41654175	-52.0617564	-52.2563757	-52.6372455	-52.013388	0.522749169	2.78692758	0	100	0	0	3
119	105	0	1.42854634	-52.1806711	-52.2455049	-52.479854	-52.013388	0.457920341	2.78692758	0	100	0	0	3
120	105	0	1.44055093	-52.0972021	-52.2385634	-52.479854	-52.013388	0.402510929	2.78692758	0	100	0	0	3
121	106	0	1.45255552	-52.3758066	-52.2382441	-52.479854	-52.013388	0.337651499	2.78692758	0	100	0	0	3
122	107	0	1.46456011	-52.2630094	-52.2384692	-52.479854	-52.013388	0.284737067	2.78692758	0	100	0	0	3
123	108	0	1.4765647	-52.2720799	-52.2356365	-52.479854	-52.013388	0.223031031	2.78692758	0	100	0	0	3
124	109	0	1.48856929	-52.1678072	-52.2328163	-52.479854	-52.013388	0.17246646	2.78692758	0	100	0	0	3
125	110	0	1.50057388	-52.2252679	-52.2278383	-52.479854	-52.013388	0.126410104	2.78692758	0	100	0	0	3
126	111	0	1.51257848	-52.1610125	-52.2308471	-52.479854	-52.013388	0.0924344663	2.78692758	0	100	0	0	3
127	111	0	1.52458307	-52.4994694	-52.2357271	-52.4994694	-52.013388	0.0884166592	2.78692758	0	100	0	0	3
128	112	0	1.53658766	-52.1153781	-52.2331645	-52.4994694	-52.013388	0.0884166592	2.78692758	0	100	0	0	3
129	113	0	1.54859225	-52.2892105	-52.2298474	-52.4994694	-52.013388	0.0884166592	2.78692758	0	100	0	0	3
130	114	0	1.56059684	-52.328151	-52.2341226	-52.4994694	-52.013388	0.0884166592	2.78692758	0	100	0	0	3
131	115	0	1.57260143	-52.4322412	-52.2402613	-52.4994694	-52.013388	0.0884166592	2.78692758	0	100	0	0	3
132	116	0	1.58460602	-52.3812936	-52.2452129	-52.4994694	-52.013388	0.0884166592	2.78692758	0	100	0	0	3
133	117	0	1.59661061	-52.4077781	-52.2491439	-52.4994694	-52.013388	0.0884166592	2.78692758	0	100	0	0	3
134	117	0	1.6086152	-52.140743	-52.2487385	-52.4994694	-52.013388	0.0884166592	2.78692758	0	100	0	0	3
135	118	0	1.6206198	-52.2451289	-52.2455339	-52.4994694	-52.013388	0.0884166592	2.78692758	0	100	0	0	3
136	119	0	1.63262439	-52.3863943	-52.2504118	-52.4994694	-52.013388	0.0884166592	2.78692758	0	100	0	0	3
137	120	0	1.64462898	-52.496916	-52.2549486	-52.4994694	-52.013388	0.0884166592	2.78692758	0	100	0	0	3
138	121	0	1.65663357	-52.2841082	-52.2569065	-52.4994694	-52.013388	0.0884166592	2.78692758	0	100	0	0	3
