Iteration	CPUTime	PhysTime	Travels	Value	AvValue	MinValue	MaxValue	Delta	Criteria	PrevAvRefValue	Progress	CriteriaType	CriteriaVarType	CriteriaPercentage
1	4	0	0.0120045911	2717.65088	2717.65088	2717.65088	2717.65088	0	0	0	0	0	0	3
2	5	0	0.0240091822	324.245758	1520.94832	324.245758	2717.65088	1196.70256	0	0	0	0	0	3
3	6	0	0.0360137732	104.826142	1048.90759	104.826142	2717.65088	1668.74329	0	0	0	0	0	3
4	7	0	0.0480183643	57.4268815	801.037417	57.4268815	2717.65088	1916.61347	0	0	0	0	0	3
5	7	0	0.0600229554	73.0633281	655.442599	57.4268815	2717.65088	2062.20829	0	0	0	0	0	3
6	8	0	0.0720275465	65.5287085	557.123617	57.4268815	2717.65088	2160.52727	0	0	0	0	0	3
7	9	0	0.0840321375	71.353011	487.727816	57.4268815	2717.65088	2229.92307	0	0	0	0	0	3
8	10	0	0.0960367286	65.0274301	434.890268	57.4268815	2717.65088	2282.76062	0	0	0	0	0	3
9	11	0	0.10804132	67.4458305	394.063108	57.4268815	2717.65088	2323.58778	0	0	0	0	0	3
10	11	0	0.120045911	61.8335168	360.840149	57.4268815	2717.65088	2356.81074	0	0	0	0	0	3
11	12	0	0.132050502	63.4208078	333.802027	57.4268815	2717.65088	2383.84886	0	0	0	0	0	3
12	13	0	0.144055093	59.2048571	310.91893	57.4268815	2717.65088	2406.73196	0	0	0	0	0	3
13	14	0	0.156059684	61.4003529	291.725193	57.4268815	2717.65088	2425.92569	0	0	0	0	0	3
14	15	0	0.168064275	57.2061441	274.973832	57.2061441	2717.65088	2442.67705	0	0	0	0	0	3
15	16	0	0.180068866	59.4202426	260.603593	57.2061441	2717.65088	2457.04729	0	0	0	0	0	3
16	17	0	0.192073457	55.7776874	247.801974	55.7776874	2717.65088	2469.84891	0	0	0	0	0	3
17	18	0	0.204078048	57.0547673	236.58155	55.7776874	2717.65088	2481.06933	0	0	0	0	0	3
18	18	0	0.216082639	54.3150596	226.455634	54.3150596	2717.65088	2491.19525	0	0	0	0	0	3
19	19	0	0.22808723	55.0602777	217.434826	54.3150596	2717.65088	2500.21606	0	0	0	0	0	3
20	20	0	0.240091822	53.5935315	209.242761	53.5935315	2717.65088	2508.40812	0	0	0	0	0	3
21	21	0	0.252096413	53.4953524	201.826218	53.4953524	2717.65088	2515.82467	0	0	0	0	0	3
22	22	0	0.264101004	52.6529397	195.045614	52.6529397	2717.65088	2522.60527	0	0	0	0	0	3
23	23	0	0.276105595	52.464238	188.846424	52.464238	2717.65088	2528.80446	0	0	0	0	0	3
24	24	0	0.288110186	51.7027909	183.132106	51.7027909	2717.65088	2534.51878	0	0	0	0	0	3
25	24	0	0.300114777	51.3142994	177.859394	51.3142994	2717.65088	2539.79149	0	0	0	0	0	3
26	25	0	0.312119368	50.6700597	172.967496	50.6700597	2717.65088	2544.68339	0	0	0	0	0	3
27	26	0	0.324123959	49.8762254	168.40856	49.8762254	2717.65088	2549.24232	0	0	0	0	0	3
28	27	0	0.33612855	49.3069708	164.154932	49.3069708	2717.65088	2553.49595	0	0	0	0	0	3
29	28	0	0.348133141	48.9783024	160.183324	48.9783024	2717.65088	2557.46756	0	0	0	0	0	3
30	29	0	0.360137732	48.6279511	156.464812	48.6279511	2717.65088	2561.18607	0	0	0	0	0	3
31	30	0	0.372142323	48.2588541	152.974297	48.2588541	2717.65088	2564.67659	0	0	0	0	0	3
32	30	0	0.384146914	47.8100103	149.687913	47.8100103	2717.65088	2567.96297	0	0	0	0	0	3
33	31	0	0.396151505	47.4315068	146.589234	47.4315068	2717.65088	2571.06165	0	0	0	0	0	3
34	32	0	0.408156097	47.0153236	143.66059	47.0153236	2717.65088	2573.9903	0	0	0	0	0	3
35	33	0	0.420160688	46.9288203	140.896825	46.9288203	2717.65088	2576.75406	0	0	0	0	0	3
36	34	0	0.432165279	46.7175758	138.280734	46.7175758	2717.65088	2579.37015	0	0	0	0	0	3
37	35	0	0.44416987	46.6371979	135.803882	46.6371979	2717.65088	2581.847	0	0	0	0	0	3
38	35	0	0.456174461	46.3225657	133.449111	46.3225657	2717.65088	2584.20177	0	0	0	0	0	3
39	36	0	0.468179052	46.1402824	131.210423	46.1402824	2717.65088	2586.44046	0	0	0	0	0	3
40	37	0	0.480183643	45.8575778	129.076602	45.8575778	2717.65088	2588.57428	0	0	0	0	0	3
41	38	0	0.492188234	45.7658965	127.044633	45.7658965	2717.65088	2590.60625	0	0	0	0	0	3
42	39	0	0.504192825	45.6822302	125.107433	45.6822302	2717.65088	2592.54345	0	0	0	0	0	3
43	40	0	0.516197416	45.6815302	61.4891151	45.6815302	324.245758	278.564228	0	0	0	0	0	3
44	41	0	0.528202007	45.5358615	54.8531652	45.5358615	104.826142	59.2902801	0	0	0	0	0	3
45	42	0	0.540206598	45.5112572	53.4409061	45.5112572	73.0633281	27.5520709	0	0	0	0	0	3
46	42	0	0.552211189	45.4452659	53.1556295	45.4452659	73.0633281	27.6180622	0	0	0	0	0	3
47	43	0	0.564215781	45.4289928	52.4976691	45.4289928	71.353011	25.9240183	0	0	0	0	0	3
48	44	0	0.576220372	45.3457767	52.0171231	45.3457767	71.353011	26.0072343	0	0	0	0	0	3
49	45	0	0.588224963	45.3445368	51.3978738	45.3445368	67.4458305	22.1012937	0	0	0	0	0	3
50	46	0	0.600229554	45.3175262	50.9285903	45.3175262	67.4458305	22.1283043	0	0	0	0	0	3
51	47	0	0.612234145	45.3240217	50.4018806	45.3175262	63.4208078	18.1032817	0	0	0	0	0	3
52	47	0	0.624238736	45.2751945	50.0076348	45.2751945	63.4208078	18.1456133	0	0	0	0	0	3
53	48	0	0.636243327	45.2618295	49.5752782	45.2618295	61.4003529	16.1385234	0	0	0	0	0	3
54	49	0	0.648247918	45.1909416	49.2416135	45.1909416	61.4003529	16.2094113	0	0	0	0	0	3
55	50	0	0.660252509	45.1612085	48.8549673	45.1612085	59.4202426	14.2590341	0	0	0	0	0	3
56	51	0	0.6722571	45.1480241	48.5678692	45.1480241	59.4202426	14.2722186	0	0	0	0	0	3
57	52	0	0.684261691	45.1277935	48.2275727	45.1277935	57.0547673	11.9269738	0	0	0	0	0	3
58	52	0	0.696266282	45.0660013	47.9725326	45.0660013	57.0547673	11.9887661	0	0	0	0	0	3
59	53	0	0.708270873	45.055722	47.686841	45.055722	55.0602777	10.0045557	0	0	0	0	0	3
60	54	0	0.720275465	45.025952	47.4656718	45.025952	55.0602777	10.0343257	0	0	0	0	0	3
61	55	0	0.732280056	45.0212456	47.2266472	45.0212456	53.5935315	8.57228584	0	0	0	0	0	3
62	56	0	0.744284647	45.0106136	47.0222921	45.0106136	53.4953524	8.48473878	0	0	0	0	0	3
63	57	0	0.756289238	45.0260494	46.820642	45.0106136	52.6529397	7.64232614	0	0	0	0	0	3
64	58	0	0.768293829	44.984979	46.6380715	44.984979	52.464238	7.47925903	0	0	0	0	0	3
65	58	0	0.78029842	44.977475	46.4598152	44.977475	51.7027909	6.72531595	0	0	0	0	0	3
66	59	0	0.792303011	44.9730705	46.2995838	44.9730705	51.3142994	6.34122889	0	0	0	0	0	3
67	60	0	0.804307602	44.9662579	46.1484399	44.9662579	50.6700597	5.70380176	0	0	0	0	0	3
68	61	0	0.816312193	44.9228114	46.0116007	44.9228114	49.8762254	4.953414	0	0	0	0	0	3
69	62	0	0.828316784	44.916937	45.8935224	44.916937	49.3069708	4.39003373	0	0	0	0	0	3
70	63	0	0.840321375	44.8838542	45.7882101	44.8838542	48.9783024	4.09444822	0	0	0	0	0	3
71	64	0	0.852325966	44.9208751	45.6916047	44.8838542	48.6279511	3.74409689	0	0	0	0	0	3
72	64	0	0.864330557	44.9089569	45.6030572	44.8838542	48.2588541	3.37499991	0	0	0	0	0	3
73	65	0	0.876335149	44.8703627	45.5223788	44.8703627	47.8100103	2.93964765	0	0	0	0	0	3
74	66	0	0.88833974	44.8441385	45.4517629	44.8441385	47.4315068	2.58736826	0	0	0	0	0	3
75	67	0	0.900344331	44.8493052	45.3902819	44.8441385	47.0153236	2.17118515	0	0	0	0	0	3
76	68	0	0.912348922	44.8658667	45.3391043	44.8441385	46.9288203	2.0846818	0	0	0	0	0	3
77	69	0	0.924353513	44.8833552	45.2904028	44.8441385	46.7175758	1.87343726	0	0	0	0	0	3
78	69	0	0.936358104	44.856044	45.2460806	44.8441385	46.6371979	1.79305942	0	0	0	0	0	3
79	70	0	0.948362695	44.8503721	45.2035371	44.8441385	46.3225657	1.47842724	0	0	0	0	0	3
80	71	0	0.960367286	44.8449194	45.1683551	44.8441385	46.1402824	1.29614393	0	0	0	0	0	3
81	72	0	0.972371877	44.859499	45.1378602	44.8441385	45.8575778	1.01343933	0	0	0	0	0	3
82	73	0	0.984376468	44.8541397	45.1139688	44.8441385	45.7658965	0.92175803	0	0	0	0	0	3
83	74	0	0.996381059	44.8467832	45.0920852	44.8441385	45.6822302	0.838091716	0	0	0	0	0	3
84	74	0	1.00838565	44.8132818	45.0713959	44.8132818	45.6815302	0.868248462	1.80038579	0	100	0	0	3
85	75	0	1.02039024	44.8105085	45.0506573	44.8105085	45.5358615	0.725352954	1.80046899	0	100	0	0	3
86	76	0	1.03239483	44.8198174	45.0336086	44.8105085	45.5112572	0.700748651	1.80046899	0	100	0	0	3
87	77	0	1.04439942	44.8315466	45.0174251	44.8105085	45.4452659	0.63475734	1.80038579	0	100	0	0	3
88	78	0	1.05640401	44.7812522	45.0016152	44.7812522	45.4289928	0.647740523	1.80038579	0	100	0	0	3
89	79	0	1.06840861	44.7881215	44.9863564	44.7812522	45.3457767	0.564524455	1.80038579	0	100	0	0	3
90	80	0	1.0804132	44.7728059	44.9727142	44.7728059	45.3445368	0.571730875	1.80038579	0	100	0	0	3
91	80	0	1.09241779	44.8033628	44.9598291	44.7728059	45.3240217	0.551215832	1.80038579	0	100	0	0	3
92	81	0	1.10442238	44.7946771	44.9473803	44.7728059	45.3240217	0.551215832	1.80038579	0	100	0	0	3
93	82	0	1.11642697	44.7781983	44.9343845	44.7728059	45.2751945	0.502388615	1.80038579	0	100	0	0	3
94	83	0	1.12843156	44.7429914	44.921713	44.7429914	45.2618295	0.518838095	1.80038579	0	100	0	0	3
95	84	0	1.14043615	44.7556339	44.9096608	44.7429914	45.1909416	0.447950181	1.80038579	0	100	0	0	3
96	85	0	1.15244074	44.7741678	44.8997376	44.7429914	45.1612085	0.418217076	1.80038579	0	100	0	0	3
97	85	0	1.16444533	44.8004699	44.8911486	44.7429914	45.1480241	0.40503266	1.80038579	0	100	0	0	3
98	86	0	1.17644993	44.7603868	44.8819191	44.7429914	45.1277935	0.384802096	1.80038579	0	100	0	0	3
99	87	0	1.18845452	44.7425051	44.8727456	44.7425051	45.0660013	0.32349617	1.80038579	0	100	0	0	3
100	88	0	1.20045911	44.743403	44.8650647	44.7425051	45.055722	0.313216929	1.80038579	0	100	0	0	3
101	89	0	1.2124637	44.7565606	44.8579418	44.7425051	45.0260494	0.283544293	1.80038579	0	100	0	0	3
102	90	0	1.22446829	44.7679665	44.8517993	44.7425051	45.0260494	0.283544293	1.80038579	0	100	0	0	3
103	91	0	1.23647288	44.7593674	44.8455641	44.7425051	45.0260494	0.283544293	1.80038579	0	100	0	0	3
104	92	0	1.24847747	44.7447043	44.8392329	44.7425051	45.0260494	0.283544293	1.80038579	0	100	0	0	3
105	93	0	1.26048206	44.7395884	44.8324124	44.7395884	44.984979	0.245390557	1.80038579	0	100	0	0	3
106	94	0	1.27248665	44.7515765	44.8268552	44.7395884	44.977475	0.237886552	1.80038579	0	100	0	0	3
107	94	0	1.28449125	44.7512859	44.8214697	44.7395884	44.9730705	0.233482069	1.80038579	0	100	0	0	3
108	95	0	1.29649584	44.7230919	44.8155179	44.7230919	44.9662579	0.243166053	1.80038579	0	100	0	0	3
109	96	0	1.30850043	44.7044996	44.8092855	44.7044996	44.9228114	0.218311785	1.80038579	0	100	0	0	3
110	97	0	1.32050502	44.7056307	44.8041145	44.7044996	44.9208751	0.216375438	1.80038579	0	100	0	0	3
111	98	0	1.33250961	44.7245871	44.7995348	44.7044996	44.9208751	0.216375438	1.80038579	0	100	0	0	3
112	99	0	1.3445142	44.7398906	44.7961071	44.7044996	44.9208751	0.216375438	1.80038579	0	100	0	0	3
113	100	0	1.35651879	44.7398645	44.7917973	44.7044996	44.9089569	0.204457285	1.80038579	0	100	0	0	3
114	100	0	1.36852338	44.7043234	44.7869251	44.7043234	44.8833552	0.179031799	1.80038579	0	100	0	0	3
115	101	0	1.38052797	44.7167358	44.7832673	44.7043234	44.8833552	0.179031799	1.80038579	0	100	0	0	3
116	102	0	1.39253256	44.7308447	44.7805698	44.7043234	44.8833552	0.179031799	1.80038579	0	100	0	0	3
117	103	0	1.40453716	44.7387199	44.7779368	44.7043234	44.8833552	0.179031799	1.80038579	0	100	0	0	3
118	104	0	1.41654175	44.710971	44.7742489	44.7043234	44.8833552	0.179031799	1.80038579	0	100	0	0	3
119	105	0	1.42854634	44.7162232	44.7702695	44.7043234	44.859499	0.155175561	1.80038579	0	100	0	0	3
120	105	0	1.44055093	44.7211599	44.767058	44.7043234	44.859499	0.155175561	1.80038579	0	100	0	0	3
121	106	0	1.45255552	44.726507	44.7641088	44.7043234	44.859499	0.155175561	1.80038579	0	100	0	0	3
122	107	0	1.46456011	44.7440005	44.761706	44.7043234	44.859499	0.155175561	1.80038579	0	100	0	0	3
123	108	0	1.4765647	44.7270031	44.7585513	44.7043234	44.8541397	0.149816265	1.80038579	0	100	0	0	3
124	109	0	1.48856929	44.6884806	44.7546071	44.6884806	44.8467832	0.158302554	1.80038579	0	100	0	0	3
125	110	0	1.50057388	44.6884562	44.7508374	44.6884562	44.8315466	0.143090409	1.80038579	0	100	0	0	3
126	111	0	1.51257848	44.7194787	44.748604	44.6884562	44.8315466	0.143090409	1.80038579	0	100	0	0	3
127	111	0	1.52458307	44.7386405	44.7468928	44.6884562	44.8315466	0.143090409	1.80038579	0	100	0	0	3
128	112	0	1.53658766	44.7089512	44.7442531	44.6884562	44.8315466	0.143090409	1.80038579	0	100	0	0	3
129	113	0	1.54859225	44.7165485	44.7415151	44.6884562	44.8033628	0.114906535	1.80038579	0	100	0	0	3
130	114	0	1.56059684	44.7160869	44.7399635	44.6884562	44.8033628	0.114906535	1.80038579	0	100	0	0	3
131	115	0	1.57260143	44.7204231	44.7383517	44.6884562	44.8033628	0.114906535	1.80038579	0	100	0	0	3
132	116	0	1.58460602	44.7273649	44.7372698	44.6884562	44.8033628	0.114906535	1.80038579	0	100	0	0	3
133	117	0	1.59661061	44.7290006	44.7354992	44.6884562	44.8004699	0.112013626	1.80038579	0	100	0	0	3
134	117	0	1.6086152	44.697524	44.7331861	44.6884562	44.8004699	0.112013626	1.80038579	0	100	0	0	3
135	118	0	1.6206198	44.7216498	44.7318397	44.6884562	44.8004699	0.112013626	1.80038579	0	100	0	0	3
136	119	0	1.63262439	44.722777	44.7313584	44.6884562	44.8004699	0.112013626	1.80038579	0	100	0	0	3
137	120	0	1.64462898	44.7481588	44.7311804	44.6884562	44.8004699	0.112013626	1.80038579	0	100	0	0	3
138	121	0	1.65663357	44.7081293	44.729608	44.6884562	44.8004699	0.112013626	1.80038579	0	100	0	0	3
