Iteration	CPUTime	PhysTime	Travels	Value	AvValue	MinValue	MaxValue	Delta	Criteria	PrevAvRefValue	Progress	CriteriaType	CriteriaVarType	CriteriaPercentage
1	4	0	0.0120045911	7875.46015	7875.46015	7875.46015	7875.46015	0	0	0	0	0	0	3
2	5	0	0.0240091822	-139.782053	3867.83905	-139.782053	7875.46015	4007.6211	0	0	0	0	0	3
3	6	0	0.0360137732	-344.087349	2463.86358	-344.087349	7875.46015	5411.59657	0	0	0	0	0	3
4	7	0	0.0480183643	-388.684466	1750.72657	-388.684466	7875.46015	6124.73358	0	0	0	0	0	3
5	7	0	0.0600229554	-153.160828	1369.94909	-388.684466	7875.46015	6505.51106	0	0	0	0	0	3
6	8	0	0.0720275465	-379.169196	1078.42938	-388.684466	7875.46015	6797.03078	0	0	0	0	0	3
7	9	0	0.0840321375	-315.281522	879.32782	-388.684466	7875.46015	6996.13233	0	0	0	0	0	3
8	10	0	0.0960367286	-432.186635	715.388513	-432.186635	7875.46015	7160.07164	0	0	0	0	0	3
9	11	0	0.10804132	-409.790524	590.36862	-432.186635	7875.46015	7285.09153	0	0	0	0	0	3
10	11	0	0.120045911	-453.724611	485.959297	-453.724611	7875.46015	7389.50086	0	0	0	0	0	3
11	12	0	0.132050502	-443.697241	401.445066	-453.724611	7875.46015	7474.01509	0	0	0	0	0	3
12	13	0	0.144055093	-470.295135	328.800049	-470.295135	7875.46015	7546.6601	0	0	0	0	0	3
13	14	0	0.156059684	-447.502276	269.084486	-470.295135	7875.46015	7606.37567	0	0	0	0	0	3
14	15	0	0.168064275	-479.868114	215.587872	-479.868114	7875.46015	7659.87228	0	0	0	0	0	3
15	16	0	0.180068866	-442.513974	171.714415	-479.868114	7875.46015	7703.74574	0	0	0	0	0	3
16	17	0	0.192073457	-481.032171	130.917754	-481.032171	7875.46015	7744.5424	0	0	0	0	0	3
17	18	0	0.204078048	-442.669402	97.1773328	-481.032171	7875.46015	7778.28282	0	0	0	0	0	3
18	18	0	0.216082639	-480.869299	65.063631	-481.032171	7875.46015	7810.39652	0	0	0	0	0	3
19	19	0	0.22808723	-447.609552	38.0808319	-481.032171	7875.46015	7837.37932	0	0	0	0	0	3
20	20	0	0.240091822	-465.872393	12.8831706	-481.032171	7875.46015	7862.57698	0	0	0	0	0	3
21	21	0	0.252096413	-440.363687	-8.70001309	-481.032171	7875.46015	7884.16017	0	0	0	0	0	3
22	22	0	0.264101004	-459.502079	-29.1910161	-481.032171	7875.46015	7904.65117	0	0	0	0	0	3
23	23	0	0.276105595	-449.367736	-47.4595691	-481.032171	7875.46015	7922.91972	0	0	0	0	0	3
24	24	0	0.288110186	-453.89065	-64.3941975	-481.032171	7875.46015	7939.85435	0	0	0	0	0	3
25	24	0	0.300114777	-449.007658	-79.7787359	-481.032171	7875.46015	7955.23889	0	0	0	0	0	3
26	25	0	0.312119368	-454.468843	-94.1898939	-481.032171	7875.46015	7969.65005	0	0	0	0	0	3
27	26	0	0.324123959	-452.933918	-107.47671	-481.032171	7875.46015	7982.93686	0	0	0	0	0	3
28	27	0	0.33612855	-458.655292	-120.018802	-481.032171	7875.46015	7995.47896	0	0	0	0	0	3
29	28	0	0.348133141	-457.548643	-131.657762	-481.032171	7875.46015	8007.11792	0	0	0	0	0	3
30	29	0	0.360137732	-459.19378	-142.575629	-481.032171	7875.46015	8018.03578	0	0	0	0	0	3
31	30	0	0.372142323	-457.63665	-152.738888	-481.032171	7875.46015	8028.19904	0	0	0	0	0	3
32	30	0	0.384146914	-458.364985	-162.289703	-481.032171	7875.46015	8037.74986	0	0	0	0	0	3
33	31	0	0.396151505	-458.15029	-171.255176	-481.032171	7875.46015	8046.71533	0	0	0	0	0	3
34	32	0	0.408156097	-461.050247	-179.77856	-481.032171	7875.46015	8055.23871	0	0	0	0	0	3
35	33	0	0.420160688	-458.988606	-187.75599	-481.032171	7875.46015	8063.21614	0	0	0	0	0	3
36	34	0	0.432165279	-458.699757	-195.282206	-481.032171	7875.46015	8070.74236	0	0	0	0	0	3
37	35	0	0.44416987	-455.765131	-202.322285	-481.032171	7875.46015	8077.78244	0	0	0	0	0	3
38	35	0	0.456174461	-455.521976	-208.985435	-481.032171	7875.46015	8084.44559	0	0	0	0	0	3
39	36	0	0.468179052	-453.687818	-215.259855	-481.032171	7875.46015	8090.72001	0	0	0	0	0	3
40	37	0	0.480183643	-454.577845	-221.242804	-481.032171	7875.46015	8096.70296	0	0	0	0	0	3
41	38	0	0.492188234	-452.414515	-226.881139	-481.032171	7875.46015	8102.34129	0	0	0	0	0	3
42	39	0	0.504192825	-450.328415	-232.201312	-481.032171	7875.46015	8107.66147	0	0	0	0	0	3
43	40	0	0.516197416	-447.830946	-430.37491	-481.032171	-139.782053	341.250118	0	0	0	0	0	3
44	41	0	0.528202007	-445.88174	-437.662997	-481.032171	-153.160828	327.871343	0	0	0	0	0	3
45	42	0	0.540206598	-444.523037	-440.054323	-481.032171	-153.160828	327.871343	0	0	0	0	0	3
46	42	0	0.552211189	-443.298873	-441.354666	-481.032171	-153.160828	327.871343	0	0	0	0	0	3
47	43	0	0.564215781	-442.54909	-448.244863	-481.032171	-315.281522	165.750649	0	0	0	0	0	3
48	44	0	0.576220372	-440.290079	-449.700122	-481.032171	-315.281522	165.750649	0	0	0	0	0	3
49	45	0	0.588224963	-439.929758	-452.667937	-481.032171	-409.790524	71.2416469	0	0	0	0	0	3
50	46	0	0.600229554	-439.533297	-452.842858	-481.032171	-409.790524	71.2416469	0	0	0	0	0	3
51	47	0	0.612234145	-440.174782	-453.566293	-481.032171	-439.533297	41.4988733	0	0	0	0	0	3
52	47	0	0.624238736	-440.19628	-453.244189	-481.032171	-439.533297	41.4988733	0	0	0	0	0	3
53	48	0	0.636243327	-440.117372	-453.158954	-481.032171	-439.533297	41.4988733	0	0	0	0	0	3
54	49	0	0.648247918	-438.770081	-452.408358	-481.032171	-438.770081	42.2620895	0	0	0	0	0	3
55	50	0	0.660252509	-439.883473	-452.226958	-481.032171	-438.770081	42.2620895	0	0	0	0	0	3
56	51	0	0.6722571	-439.661322	-451.269653	-481.032171	-438.770081	42.2620895	0	0	0	0	0	3
57	52	0	0.684261691	-440.892084	-451.231037	-481.032171	-438.770081	42.2620895	0	0	0	0	0	3
58	52	0	0.696266282	-440.138497	-450.257378	-480.869299	-438.770081	42.0992178	0	0	0	0	0	3
59	53	0	0.708270873	-440.639554	-450.209048	-480.869299	-438.770081	42.0992178	0	0	0	0	0	3
60	54	0	0.720275465	-440.674996	-449.252041	-465.872393	-438.770081	27.1023117	0	0	0	0	0	3
61	55	0	0.732280056	-441.458228	-449.105581	-465.872393	-438.770081	27.1023117	0	0	0	0	0	3
62	56	0	0.744284647	-441.592638	-448.527492	-461.050247	-438.770081	22.2801653	0	0	0	0	0	3
63	57	0	0.756289238	-442.056604	-448.567799	-461.050247	-438.770081	22.2801653	0	0	0	0	0	3
64	58	0	0.768293829	-441.420891	-448.137295	-461.050247	-438.770081	22.2801653	0	0	0	0	0	3
65	58	0	0.78029842	-442.906892	-447.983465	-461.050247	-438.770081	22.2801653	0	0	0	0	0	3
66	59	0	0.792303011	-442.544432	-447.713317	-461.050247	-438.770081	22.2801653	0	0	0	0	0	3
67	60	0	0.804307602	-442.555202	-447.559687	-461.050247	-438.770081	22.2801653	0	0	0	0	0	3
68	61	0	0.816312193	-442.130572	-447.265919	-461.050247	-438.770081	22.2801653	0	0	0	0	0	3
69	62	0	0.828316784	-442.109399	-447.008192	-461.050247	-438.770081	22.2801653	0	0	0	0	0	3
70	63	0	0.840321375	-442.141636	-446.61501	-461.050247	-438.770081	22.2801653	0	0	0	0	0	3
71	64	0	0.852325966	-442.991567	-446.268413	-461.050247	-438.770081	22.2801653	0	0	0	0	0	3
72	64	0	0.864330557	-442.458817	-445.869961	-461.050247	-438.770081	22.2801653	0	0	0	0	0	3
73	65	0	0.876335149	-443.30427	-445.528714	-461.050247	-438.770081	22.2801653	0	0	0	0	0	3
74	66	0	0.88833974	-441.798585	-445.134276	-461.050247	-438.770081	22.2801653	0	0	0	0	0	3
75	67	0	0.900344331	-442.164427	-444.75366	-461.050247	-438.770081	22.2801653	0	0	0	0	0	3
76	68	0	0.912348922	-442.431771	-444.310363	-458.988606	-438.770081	20.2185244	0	0	0	0	0	3
77	69	0	0.924353513	-442.76655	-443.924124	-458.699757	-438.770081	19.9296754	0	0	0	0	0	3
78	69	0	0.936358104	-442.067552	-443.528119	-455.765131	-438.770081	16.9950494	0	0	0	0	0	3
79	70	0	0.948362695	-441.654173	-443.192144	-455.521976	-438.770081	16.7518952	0	0	0	0	0	3
80	71	0	0.960367286	-441.435762	-442.856758	-454.577845	-438.770081	15.8077633	0	0	0	0	0	3
81	72	0	0.972371877	-441.796571	-442.573633	-454.577845	-438.770081	15.8077633	0	0	0	0	0	3
82	73	0	0.984376468	-441.576996	-442.264089	-452.414515	-438.770081	13.6444334	0	0	0	0	0	3
83	74	0	0.996381059	-441.754403	-442.010277	-450.328415	-438.770081	11.5583333	0	0	0	0	0	3
84	74	0	1.00838565	-440.57916	-441.778151	-447.830946	-438.770081	9.06086445	9.83614028	0	100	0	0	3
85	75	0	1.02039024	-441.358776	-441.624052	-445.88174	-438.770081	7.11165888	9.83614028	0	100	0	0	3
86	76	0	1.03239483	-441.277506	-441.514428	-444.523037	-438.770081	5.75295582	9.83614028	0	100	0	0	3
87	77	0	1.04439942	-441.865963	-441.451164	-443.30427	-438.770081	4.53418854	9.83614028	0	100	0	0	3
88	78	0	1.05640401	-440.869655	-441.393325	-443.30427	-438.770081	4.53418854	9.83614028	0	100	0	0	3
89	79	0	1.06840861	-440.72678	-441.349937	-443.30427	-438.770081	4.53418854	9.83614028	0	100	0	0	3
90	80	0	1.0804132	-441.127269	-441.36987	-443.30427	-438.770081	4.53418854	9.83614028	0	100	0	0	3
91	80	0	1.09241779	-441.074503	-441.397126	-443.30427	-438.770081	4.53418854	9.83614028	0	100	0	0	3
92	81	0	1.10442238	-440.974522	-441.431441	-443.30427	-438.770081	4.53418854	9.83614028	0	100	0	0	3
93	82	0	1.11642697	-441.609353	-441.465597	-443.30427	-438.770081	4.53418854	9.83614028	0	100	0	0	3
94	83	0	1.12843156	-441.029595	-441.485438	-443.30427	-438.770081	4.53418854	9.83614028	0	100	0	0	3
95	84	0	1.14043615	-441.231555	-441.511966	-443.30427	-438.770081	4.53418854	9.83614028	0	100	0	0	3
96	85	0	1.15244074	-441.155183	-441.568754	-443.30427	-439.661322	3.64294794	9.83614028	0	100	0	0	3
97	85	0	1.16444533	-441.400653	-441.604878	-443.30427	-439.661322	3.64294794	9.83614028	0	100	0	0	3
98	86	0	1.17644993	-440.41568	-441.622839	-443.30427	-440.138497	3.16577248	9.83614028	0	100	0	0	3
99	87	0	1.18845452	-440.771125	-441.619959	-443.30427	-440.138497	3.16577248	9.83614028	0	100	0	0	3
100	88	0	1.20045911	-440.936137	-441.63895	-443.30427	-440.41568	2.88859007	9.83614028	0	100	0	0	3
101	89	0	1.2124637	-440.917256	-441.645562	-443.30427	-440.41568	2.88859007	9.83614028	0	100	0	0	3
102	90	0	1.22446829	-441.245988	-441.659157	-443.30427	-440.41568	2.88859007	9.83614028	0	100	0	0	3
103	91	0	1.23647288	-441.101781	-441.65067	-443.30427	-440.41568	2.88859007	9.83614028	0	100	0	0	3
104	92	0	1.24847747	-440.772523	-441.631144	-443.30427	-440.41568	2.88859007	9.83614028	0	100	0	0	3
105	93	0	1.26048206	-440.875319	-441.603018	-443.30427	-440.41568	2.88859007	9.83614028	0	100	0	0	3
106	94	0	1.27248665	-441.508138	-441.605095	-443.30427	-440.41568	2.88859007	9.83614028	0	100	0	0	3
107	94	0	1.28449125	-442.024319	-441.584082	-443.30427	-440.41568	2.88859007	9.83614028	0	100	0	0	3
108	95	0	1.29649584	-441.22694	-441.552713	-443.30427	-440.41568	2.88859007	9.83614028	0	100	0	0	3
109	96	0	1.30850043	-441.149202	-441.519236	-443.30427	-440.41568	2.88859007	9.83614028	0	100	0	0	3
110	97	0	1.32050502	-441.071035	-441.494009	-443.30427	-440.41568	2.88859007	9.83614028	0	100	0	0	3
111	98	0	1.33250961	-442.102241	-441.493839	-443.30427	-440.41568	2.88859007	9.83614028	0	100	0	0	3
112	99	0	1.3445142	-441.744099	-441.484374	-443.30427	-440.41568	2.88859007	9.83614028	0	100	0	0	3
113	100	0	1.35651879	-441.680544	-441.453159	-443.30427	-440.41568	2.88859007	9.83614028	0	100	0	0	3
114	100	0	1.36852338	-440.758955	-441.412686	-443.30427	-440.41568	2.88859007	9.83614028	0	100	0	0	3
115	101	0	1.38052797	-440.952375	-441.356689	-442.76655	-440.41568	2.35086996	9.83614028	0	100	0	0	3
116	102	0	1.39253256	-441.448756	-441.348359	-442.76655	-440.41568	2.35086996	9.83614028	0	100	0	0	3
117	103	0	1.40453716	-441.495901	-441.332442	-442.76655	-440.41568	2.35086996	9.83614028	0	100	0	0	3
118	104	0	1.41654175	-440.794357	-441.293456	-442.76655	-440.41568	2.35086996	9.83614028	0	100	0	0	3
119	105	0	1.42854634	-441.097916	-441.253727	-442.102241	-440.41568	1.68656143	9.83614028	0	100	0	0	3
120	105	0	1.44055093	-441.042848	-441.229329	-442.102241	-440.41568	1.68656143	9.83614028	0	100	0	0	3
121	106	0	1.45255552	-441.7372	-441.231306	-442.102241	-440.41568	1.62742874	9.83614028	0	100	0	0	3
122	107	0	1.46456011	-441.478641	-441.232327	-442.102241	-440.41568	1.34430381	9.83614028	0	100	0	0	3
123	108	0	1.4765647	-441.245162	-441.219198	-442.102241	-440.41568	1.04489081	9.83614028	0	100	0	0	3
124	109	0	1.48856929	-440.953879	-441.204362	-442.102241	-440.41568	0.805914747	9.83614028	0	100	0	0	3
125	110	0	1.50057388	-441.065957	-441.18797	-442.102241	-440.41568	0.590181207	9.83614028	0	100	0	0	3
126	111	0	1.51257848	-441.106703	-441.200531	-442.102241	-440.41568	0.471186891	9.83614028	0	100	0	0	3
127	111	0	1.52458307	-442.131997	-441.218941	-442.131997	-440.41568	0.471186891	9.83614028	0	100	0	0	3
128	112	0	1.53658766	-440.831524	-441.208322	-442.131997	-440.41568	0.471186891	9.83614028	0	100	0	0	3
129	113	0	1.54859225	-441.27152	-441.194169	-442.131997	-440.41568	0.471186891	9.83614028	0	100	0	0	3
130	114	0	1.56059684	-441.46656	-441.208381	-442.131997	-440.41568	0.471186891	9.83614028	0	100	0	0	3
131	115	0	1.57260143	-441.56987	-441.228454	-442.131997	-440.41568	0.471186891	9.83614028	0	100	0	0	3
132	116	0	1.58460602	-441.605849	-441.239849	-442.131997	-440.41568	0.471186891	9.83614028	0	100	0	0	3
133	117	0	1.59661061	-441.374093	-441.246982	-442.131997	-440.41568	0.471186891	9.83614028	0	100	0	0	3
134	117	0	1.6086152	-440.729178	-441.241141	-442.131997	-440.41568	0.471186891	9.83614028	0	100	0	0	3
135	118	0	1.6206198	-441.01355	-441.226955	-442.131997	-440.41568	0.471186891	9.83614028	0	100	0	0	3
136	119	0	1.63262439	-441.699198	-441.242898	-442.131997	-440.41568	0.471186891	9.83614028	0	100	0	0	3
137	120	0	1.64462898	-442.009128	-441.261411	-442.131997	-440.41568	0.471186891	9.83614028	0	100	0	0	3
138	121	0	1.65663357	-441.280673	-441.264399	-442.131997	-440.41568	0.471186891	9.83614028	0	100	0	0	3
