Iteration	CPUTime	PhysTime	Travels	Value	AvValue	MinValue	MaxValue	Delta	Criteria	PrevAvRefValue	Progress	CriteriaType	CriteriaVarType	CriteriaPercentage
1	4	0	0.0120045911	-26.6888601	-26.6888601	-26.6888601	-26.6888601	0	0	0	0	0	0	3
2	5	0	0.0240091822	-0.111226023	-13.4000431	-26.6888601	-0.111226023	13.288817	0	0	0	0	0	3
3	6	0	0.0360137732	1.03108049	-8.58966854	-26.6888601	1.03108049	18.0991916	0	0	0	0	0	3
4	7	0	0.0480183643	1.50626779	-6.06568446	-26.6888601	1.50626779	20.6231756	0	0	0	0	0	3
5	7	0	0.0600229554	1.42471613	-4.56760434	-26.6888601	1.50626779	22.1212558	0	0	0	0	0	3
6	8	0	0.0720275465	2.81934363	-3.33644635	-26.6888601	2.81934363	23.3524137	0	0	0	0	0	3
7	9	0	0.0840321375	1.59022992	-2.63263545	-26.6888601	2.81934363	24.0562246	0	0	0	0	0	3
8	10	0	0.0960367286	2.7402795	-1.96102108	-26.6888601	2.81934363	24.727839	0	0	0	0	0	3
9	11	0	0.10804132	1.56727008	-1.56898873	-26.6888601	2.81934363	25.1198714	0	0	0	0	0	3
10	11	0	0.120045911	2.4924422	-1.16284564	-26.6888601	2.81934363	25.5260145	0	0	0	0	0	3
11	12	0	0.132050502	1.41862759	-0.928166255	-26.6888601	2.81934363	25.7606938	0	0	0	0	0	3
12	13	0	0.144055093	2.0561192	-0.679475801	-26.6888601	2.81934363	26.0093843	0	0	0	0	0	3
13	14	0	0.156059684	1.91170373	-0.480154298	-26.6888601	2.81934363	26.2087058	0	0	0	0	0	3
14	15	0	0.168064275	2.78838125	-0.246687473	-26.6888601	2.81934363	26.4421726	0	0	0	0	0	3
15	16	0	0.180068866	1.26483147	-0.145919544	-26.6888601	2.81934363	26.5429405	0	0	0	0	0	3
16	17	0	0.192073457	2.5396451	0.0219282465	-26.6888601	2.81934363	26.7107883	0	0	0	0	0	3
17	18	0	0.204078048	1.58617945	0.113943023	-26.6888601	2.81934363	26.8028031	0	0	0	0	0	3
18	18	0	0.216082639	3.25685227	0.288549093	-26.6888601	3.25685227	26.9774092	0	0	0	0	0	3
19	19	0	0.22808723	1.47560944	0.351025953	-26.6888601	3.25685227	27.039886	0	0	0	0	0	3
20	20	0	0.240091822	2.78938109	0.47294371	-26.6888601	3.25685227	27.1618038	0	0	0	0	0	3
21	21	0	0.252096413	2.54771164	0.571742183	-26.6888601	3.25685227	27.2606023	0	0	0	0	0	3
22	22	0	0.264101004	2.87575418	0.676470001	-26.6888601	3.25685227	27.3653301	0	0	0	0	0	3
23	23	0	0.276105595	2.14075154	0.740134416	-26.6888601	3.25685227	27.4289945	0	0	0	0	0	3
24	24	0	0.288110186	1.78145544	0.783522792	-26.6888601	3.25685227	27.4723829	0	0	0	0	0	3
25	24	0	0.300114777	1.98120803	0.831430201	-26.6888601	3.25685227	27.5202903	0	0	0	0	0	3
26	25	0	0.312119368	1.71855067	0.86555022	-26.6888601	3.25685227	27.5544103	0	0	0	0	0	3
27	26	0	0.324123959	1.51337672	0.889543794	-26.6888601	3.25685227	27.5784039	0	0	0	0	0	3
28	27	0	0.33612855	1.65567695	0.916905692	-26.6888601	3.25685227	27.6057658	0	0	0	0	0	3
29	28	0	0.348133141	1.43665105	0.934827946	-26.6888601	3.25685227	27.623688	0	0	0	0	0	3
30	29	0	0.360137732	1.67243918	0.959414987	-26.6888601	3.25685227	27.6482751	0	0	0	0	0	3
31	30	0	0.372142323	1.50104339	0.976886871	-26.6888601	3.25685227	27.665747	0	0	0	0	0	3
32	30	0	0.384146914	1.48230741	0.992681263	-26.6888601	3.25685227	27.6815414	0	0	0	0	0	3
33	31	0	0.396151505	1.36015627	1.00381687	-26.6888601	3.25685227	27.692677	0	0	0	0	0	3
34	32	0	0.408156097	1.39660191	1.01536937	-26.6888601	3.25685227	27.7042295	0	0	0	0	0	3
35	33	0	0.420160688	1.32295443	1.02415751	-26.6888601	3.25685227	27.7130176	0	0	0	0	0	3
36	34	0	0.432165279	1.54041914	1.03849812	-26.6888601	3.25685227	27.7273582	0	0	0	0	0	3
37	35	0	0.44416987	1.59955335	1.05366177	-26.6888601	3.25685227	27.7425219	0	0	0	0	0	3
38	35	0	0.456174461	1.57991261	1.06751048	-26.6888601	3.25685227	27.7563706	0	0	0	0	0	3
39	36	0	0.468179052	1.51956067	1.07910151	-26.6888601	3.25685227	27.7679616	0	0	0	0	0	3
40	37	0	0.480183643	1.3933412	1.0869575	-26.6888601	3.25685227	27.7758176	0	0	0	0	0	3
41	38	0	0.492188234	1.40356873	1.09467972	-26.6888601	3.25685227	27.7835398	0	0	0	0	0	3
42	39	0	0.504192825	1.51779308	1.10475385	-26.6888601	3.25685227	27.7936139	0	0	0	0	0	3
43	40	0	0.516197416	1.54226632	1.77692353	-0.111226023	3.25685227	3.36807829	0	0	0	0	0	3
44	41	0	0.528202007	1.61331908	1.81798413	1.03108049	3.25685227	2.22577178	0	0	0	0	0	3
45	42	0	0.540206598	1.61860082	1.83197271	1.26483147	3.25685227	1.9920208	0	0	0	0	0	3
46	42	0	0.552211189	1.73178095	1.83734207	1.26483147	3.25685227	1.9920208	0	0	0	0	0	3
47	43	0	0.564215781	1.84262541	1.84729229	1.26483147	3.25685227	1.9920208	0	0	0	0	0	3
48	44	0	0.576220372	1.932819	1.82618456	1.26483147	3.25685227	1.9920208	0	0	0	0	0	3
49	45	0	0.588224963	1.96970105	1.83521959	1.26483147	3.25685227	1.9920208	0	0	0	0	0	3
50	46	0	0.600229554	1.93168967	1.81596745	1.26483147	3.25685227	1.9920208	0	0	0	0	0	3
51	47	0	0.612234145	1.99157363	1.82606991	1.26483147	3.25685227	1.9920208	0	0	0	0	0	3
52	47	0	0.624238736	1.95257879	1.81321602	1.26483147	3.25685227	1.9920208	0	0	0	0	0	3
53	48	0	0.636243327	2.06251344	1.82854664	1.26483147	3.25685227	1.9920208	0	0	0	0	0	3
54	49	0	0.648247918	1.99345641	1.82705467	1.26483147	3.25685227	1.9920208	0	0	0	0	0	3
55	50	0	0.660252509	1.86724815	1.8259962	1.26483147	3.25685227	1.9920208	0	0	0	0	0	3
56	51	0	0.6722571	1.92791403	1.80550888	1.26483147	3.25685227	1.9920208	0	0	0	0	0	3
57	52	0	0.684261691	1.80870739	1.81845831	1.32295443	3.25685227	1.82536404	0	0	0	0	0	3
58	52	0	0.696266282	1.85478685	1.80215216	1.32295443	3.25685227	1.73334926	0	0	0	0	0	3
59	53	0	0.708270873	1.75720129	1.80622411	1.32295443	3.25685227	1.5587432	0	0	0	0	0	3
60	54	0	0.720275465	1.7574441	1.77052392	1.32295443	2.87575418	1.49626633	0	0	0	0	0	3
61	55	0	0.732280056	1.66715899	1.77508462	1.32295443	2.87575418	1.37434858	0	0	0	0	0	3
62	56	0	0.744284647	1.72454371	1.74973135	1.32295443	2.87575418	1.2755501	0	0	0	0	0	3
63	57	0	0.756289238	1.71907688	1.73000195	1.32295443	2.87575418	1.17082229	0	0	0	0	0	3
64	58	0	0.768293829	1.72610202	1.70262928	1.32295443	2.14075154	0.817797119	0	0	0	0	0	3
65	58	0	0.78029842	1.60861684	1.68995941	1.32295443	2.06251344	0.739559009	0	0	0	0	0	3
66	59	0	0.792303011	1.66129635	1.68709848	1.32295443	2.06251344	0.739559009	0	0	0	0	0	3
67	60	0	0.804307602	1.66195444	1.6794972	1.32295443	2.06251344	0.739559009	0	0	0	0	0	3
68	61	0	0.816312193	1.7027116	1.67912008	1.32295443	2.06251344	0.739559009	0	0	0	0	0	3
69	62	0	0.828316784	1.67099834	1.68287297	1.32295443	2.06251344	0.739559009	0	0	0	0	0	3
70	63	0	0.840321375	1.71265685	1.68422964	1.32295443	2.06251344	0.739559009	0	0	0	0	0	3
71	64	0	0.852325966	1.57560597	1.68753809	1.32295443	2.06251344	0.739559009	0	0	0	0	0	3
72	64	0	0.864330557	1.70291303	1.68826366	1.32295443	2.06251344	0.739559009	0	0	0	0	0	3
73	65	0	0.876335149	1.66228206	1.69210267	1.32295443	2.06251344	0.739559009	0	0	0	0	0	3
74	66	0	0.88833974	1.66585908	1.69647295	1.32295443	2.06251344	0.739559009	0	0	0	0	0	3
75	67	0	0.900344331	1.60700994	1.70235042	1.32295443	2.06251344	0.739559009	0	0	0	0	0	3
76	68	0	0.912348922	1.61626661	1.70758053	1.32295443	2.06251344	0.739559009	0	0	0	0	0	3
77	69	0	0.924353513	1.60388591	1.71426938	1.3933412	2.06251344	0.66917224	0	0	0	0	0	3
78	69	0	0.936358104	1.67915277	1.71757256	1.3933412	2.06251344	0.66917224	0	0	0	0	0	3
79	70	0	0.948362695	1.62538315	1.71818755	1.3933412	2.06251344	0.66917224	0	0	0	0	0	3
80	71	0	0.960367286	1.66734761	1.72026934	1.3933412	2.06251344	0.66917224	0	0	0	0	0	3
81	72	0	0.972371877	1.57835108	1.72166911	1.3933412	2.06251344	0.66917224	0	0	0	0	0	3
82	73	0	0.984376468	1.66899076	1.7282322	1.40356873	2.06251344	0.658944702	0	0	0	0	0	3
83	74	0	0.996381059	1.69792406	1.73524066	1.51779308	2.06251344	0.544720355	0	0	0	0	0	3
84	74	0	1.00838565	1.66765548	1.73880881	1.54226632	2.06251344	0.168172209	0.0667731534	0	39.7	0	0	3
85	75	0	1.02039024	1.56959794	1.73945956	1.56959794	2.06251344	0.168172209	0.0667731534	0	39.7	0	0	3
86	76	0	1.03239483	1.62196276	1.73966536	1.56959794	2.06251344	0.168172209	0.0667731534	0	39.7	0	0	3
87	77	0	1.04439942	1.5635783	1.7383553	1.5635783	2.06251344	0.168172209	0.0667731534	0	39.7	0	0	3
88	78	0	1.05640401	1.66289365	1.73671513	1.5635783	2.06251344	0.168172209	0.0667731534	0	39.7	0	0	3
89	79	0	1.06840861	1.62989884	1.73165021	1.5635783	2.06251344	0.156099507	0.0667731534	0	42.7	0	0	3
90	80	0	1.0804132	1.6139346	1.72405773	1.5635783	2.06251344	0.156099507	0.0667731534	0	42.7	0	0	3
91	80	0	1.09241779	1.5508899	1.71408603	1.5508899	2.06251344	0.149426558	0.0667731534	0	44.6	0	0	3
92	81	0	1.10442238	1.6241836	1.70676446	1.5508899	2.06251344	0.149426558	0.0667731534	0	44.6	0	0	3
93	82	0	1.11642697	1.6238379	1.69800885	1.5508899	2.06251344	0.149426558	0.0667731534	0	44.6	0	0	3
94	83	0	1.12843156	1.55899571	1.68863782	1.5508899	2.06251344	0.149426558	0.0667731534	0	44.6	0	0	3
95	84	0	1.14043615	1.56732257	1.67684756	1.5508899	1.99345641	0.150207104	0.0667731534	0	44.4	0	0	3
96	85	0	1.15244074	1.56289059	1.66659599	1.5508899	1.92791403	0.159400205	0.0667731534	0	41.8	0	0	3
97	85	0	1.16444533	1.60803738	1.66042431	1.5508899	1.92791403	0.158034003	0.0667731534	0	42.2	0	0	3
98	86	0	1.17644993	1.70651005	1.65515279	1.5508899	1.85478685	0.163305526	0.0667731534	0	40.8	0	0	3
99	87	0	1.18845452	1.6312947	1.65092867	1.5508899	1.85478685	0.155295437	0.0667731534	0	42.9	0	0	3
100	88	0	1.20045911	1.63936093	1.64579949	1.5508899	1.7574441	0.160424626	0.0667731534	0	41.6	0	0	3
101	89	0	1.2124637	1.64609764	1.64315416	1.5508899	1.7574441	0.13193046	0.0667731534	0	50.6	0	0	3
102	90	0	1.22446829	1.6362378	1.6402683	1.5508899	1.72610202	0.134816324	0.0667731534	0	49.5	0	0	3
103	91	0	1.23647288	1.705365	1.64117796	1.5508899	1.72610202	0.109463053	0.0667731534	0	61	0	0	3
104	92	0	1.24847747	1.69744633	1.64053279	1.5508899	1.72610202	0.0993970667	0.0667731534	0	67.1	0	0	3
105	93	0	1.26048206	1.55578219	1.63664482	1.5508899	1.72610202	0.103020545	0.0667731534	0	64.8	0	0	3
106	94	0	1.27248665	1.57783077	1.63311455	1.5508899	1.71265685	0.106550813	0.0667731534	0	62.6	0	0	3
107	94	0	1.28449125	1.52595789	1.63114648	1.52595789	1.71265685	0.108518883	0.0667731534	0	61.5	0	0	3
108	95	0	1.29649584	1.5909836	1.62947237	1.52595789	1.71265685	0.110192996	0.0667731534	0	60.5	0	0	3
109	96	0	1.30850043	1.53716496	1.62650119	1.52595789	1.71265685	0.113164174	0.0667731534	0	59	0	0	3
110	97	0	1.32050502	1.58585224	1.62371882	1.52595789	1.71265685	0.11594654	0.0667731534	0	57.5	0	0	3
111	98	0	1.33250961	1.45324863	1.61853431	1.45324863	1.71265685	0.121131057	0.0667731534	0	55.1	0	0	3
112	99	0	1.3445142	1.53259534	1.61424713	1.45324863	1.70651005	0.125418235	0.0667731534	0	53.2	0	0	3
113	100	0	1.35651879	1.52494266	1.61304086	1.45324863	1.70651005	0.126624504	0.0667731534	0	52.7	0	0	3
114	100	0	1.36852338	1.64575895	1.61168005	1.45324863	1.70651005	0.127985316	0.0667731534	0	52.1	0	0	3
115	101	0	1.38052797	1.58417231	1.60982029	1.45324863	1.70651005	0.129845072	0.0667731534	0	51.4	0	0	3
116	102	0	1.39253256	1.55220504	1.60711424	1.45324863	1.70651005	0.13255112	0.0667731534	0	50.3	0	0	3
117	103	0	1.40453716	1.57881525	1.60644294	1.45324863	1.70651005	0.133222422	0.0667731534	0	50.1	0	0	3
118	104	0	1.41654175	1.70628112	1.60858614	1.45324863	1.70651005	0.133222422	0.0667731534	0	50.1	0	0	3
119	105	0	1.42854634	1.63304288	1.60928036	1.45324863	1.70651005	0.133222422	0.0667731534	0	50.1	0	0	3
120	105	0	1.44055093	1.69417355	1.60963799	1.45324863	1.70651005	0.133222422	0.0667731534	0	50.1	0	0	3
121	106	0	1.45255552	1.63033623	1.60975592	1.45324863	1.70651005	0.133222422	0.0667731534	0	50.1	0	0	3
122	107	0	1.46456011	1.6223919	1.60868555	1.45324863	1.70651005	0.133222422	0.0667731534	0	50.1	0	0	3
123	108	0	1.4765647	1.68172114	1.61114674	1.45324863	1.70651005	0.133222422	0.0667731534	0	50.1	0	0	3
124	109	0	1.48856929	1.60363146	1.60959057	1.45324863	1.70651005	0.133222422	0.0667731534	0	50.1	0	0	3
125	110	0	1.50057388	1.55378517	1.60615869	1.45324863	1.70651005	0.133506673	0.0667731534	0	50	0	0	3
126	111	0	1.51257848	1.6037732	1.60463768	1.45324863	1.70651005	0.13502768	0.0667731534	0	49.4	0	0	3
127	111	0	1.52458307	1.57248322	1.60470638	1.45324863	1.70651005	0.13502768	0.0667731534	0	49.4	0	0	3
128	112	0	1.53658766	1.64329445	1.60521428	1.45324863	1.70651005	0.13371762	0.0667731534	0	49.9	0	0	3
129	113	0	1.54859225	1.53824422	1.60461109	1.45324863	1.70651005	0.132104044	0.0667731534	0	50.5	0	0	3
130	114	0	1.56059684	1.53282666	1.60151425	1.45324863	1.70651005	0.130135959	0.0667731534	0	51.3	0	0	3
131	115	0	1.57260143	1.54990135	1.59960955	1.45324863	1.70651005	0.124448175	0.0667731534	0	53.6	0	0	3
132	116	0	1.58460602	1.60837357	1.59947714	1.45324863	1.70651005	0.114608887	0.0667731534	0	58.2	0	0	3
133	117	0	1.59661061	1.63298997	1.60143191	1.45324863	1.70651005	0.107287314	0.0667731534	0	62.2	0	0	3
134	117	0	1.6086152	1.63908669	1.60178674	1.45324863	1.70651005	0.098531701	0.0667731534	0	67.7	0	0	3
135	118	0	1.6206198	1.54354104	1.59987491	1.45324863	1.70651005	0.0891606754	0.0667731534	0	74.8	0	0	3
136	119	0	1.63262439	1.50713069	1.59864003	1.45324863	1.70651005	0.0782075296	0.0667731534	0	85.3	0	0	3
137	120	0	1.64462898	1.55527078	1.59835308	1.45324863	1.70651005	0.0682429099	0.0667731534	0	97.8	0	0	3
138	121	0	1.65663357	1.59270504	1.59906295	1.45324863	1.70651005	0.0620712248	0.0667731534	0	100	0	0	3
