Iteration	CPUTime	PhysTime	Travels	Value	AvValue	MinValue	MaxValue	Delta	Criteria	PrevAvRefValue	Progress	CriteriaType	CriteriaVarType	CriteriaPercentage
1	4	0	0.0120045911	101326.68	101326.68	101326.68	101326.68	0	0	0	0	0	0	3
2	5	0	0.0240091822	101324.966	101325.823	101324.966	101326.68	0.856710501	0	0	0	0	0	3
3	6	0	0.0360137732	101325.099	101325.582	101324.966	101326.68	1.09820962	0	0	0	0	0	3
4	7	0	0.0480183643	101325.045	101325.447	101324.966	101326.68	1.232324	0	0	0	0	0	3
5	7	0	0.0600229554	101325.053	101325.369	101324.966	101326.68	1.31115626	0	0	0	0	0	3
6	8	0	0.0720275465	101325.041	101325.314	101324.966	101326.68	1.36571008	0	0	0	0	0	3
7	9	0	0.0840321375	101325.069	101325.279	101324.966	101326.68	1.40067981	0	0	0	0	0	3
8	10	0	0.0960367286	101325.051	101325.251	101324.966	101326.68	1.42912839	0	0	0	0	0	3
9	11	0	0.10804132	101325.075	101325.231	101324.966	101326.68	1.44859959	0	0	0	0	0	3
10	11	0	0.120045911	101325.047	101325.213	101324.966	101326.68	1.46699184	0	0	0	0	0	3
11	12	0	0.132050502	101325.074	101325.2	101324.966	101326.68	1.47964898	0	0	0	0	0	3
12	13	0	0.144055093	101325.044	101325.187	101324.966	101326.68	1.49267034	0	0	0	0	0	3
13	14	0	0.156059684	101325.07	101325.178	101324.966	101326.68	1.501691	0	0	0	0	0	3
14	15	0	0.168064275	101325.039	101325.168	101324.966	101326.68	1.51162043	0	0	0	0	0	3
15	16	0	0.180068866	101325.063	101325.161	101324.966	101326.68	1.51864007	0	0	0	0	0	3
16	17	0	0.192073457	101325.039	101325.153	101324.966	101326.68	1.52626391	0	0	0	0	0	3
17	18	0	0.204078048	101325.052	101325.148	101324.966	101326.68	1.53223299	0	0	0	0	0	3
18	18	0	0.216082639	101325.037	101325.141	101324.966	101326.68	1.53835328	0	0	0	0	0	3
19	19	0	0.22808723	101325.048	101325.136	101324.966	101326.68	1.54328556	0	0	0	0	0	3
20	20	0	0.240091822	101325.039	101325.132	101324.966	101326.68	1.54815008	0	0	0	0	0	3
21	21	0	0.252096413	101325.046	101325.128	101324.966	101326.68	1.55221278	0	0	0	0	0	3
22	22	0	0.264101004	101325.045	101325.124	101324.966	101326.68	1.55595054	0	0	0	0	0	3
23	23	0	0.276105595	101325.048	101325.12	101324.966	101326.68	1.55926803	0	0	0	0	0	3
24	24	0	0.288110186	101325.045	101325.117	101324.966	101326.68	1.56243205	0	0	0	0	0	3
25	24	0	0.300114777	101325.044	101325.114	101324.966	101326.68	1.56535916	0	0	0	0	0	3
26	25	0	0.312119368	101325.041	101325.112	101324.966	101326.68	1.56819405	0	0	0	0	0	3
27	26	0	0.324123959	101325.034	101325.109	101324.966	101326.68	1.571068	0	0	0	0	0	3
28	27	0	0.33612855	101325.025	101325.106	101324.966	101326.68	1.57405347	0	0	0	0	0	3
29	28	0	0.348133141	101325.017	101325.103	101324.966	101326.68	1.5771022	0	0	0	0	0	3
30	29	0	0.360137732	101325.011	101325.1	101324.966	101326.68	1.58015654	0	0	0	0	0	3
31	30	0	0.372142323	101325.005	101325.097	101324.966	101326.68	1.58320101	0	0	0	0	0	3
32	30	0	0.384146914	101325	101325.094	101324.966	101326.68	1.58620577	0	0	0	0	0	3
33	31	0	0.396151505	101324.998	101325.091	101324.966	101326.68	1.58909748	0	0	0	0	0	3
34	32	0	0.408156097	101324.998	101325.088	101324.966	101326.68	1.59183211	0	0	0	0	0	3
35	33	0	0.420160688	101324.998	101325.085	101324.966	101326.68	1.59439635	0	0	0	0	0	3
36	34	0	0.432165279	101325.001	101325.083	101324.966	101326.68	1.59674145	0	0	0	0	0	3
37	35	0	0.44416987	101325.004	101325.081	101324.966	101326.68	1.59886681	0	0	0	0	0	3
38	35	0	0.456174461	101325.008	101325.079	101324.966	101326.68	1.60077522	0	0	0	0	0	3
39	36	0	0.468179052	101325.011	101325.077	101324.966	101326.68	1.60251147	0	0	0	0	0	3
40	37	0	0.480183643	101325.014	101325.076	101324.966	101326.68	1.60410335	0	0	0	0	0	3
41	38	0	0.492188234	101325.013	101325.074	101324.966	101326.68	1.6056212	0	0	0	0	0	3
42	39	0	0.504192825	101325.013	101325.073	101324.966	101326.68	1.60707543	0	0	0	0	0	3
43	40	0	0.516197416	101325.013	101325.033	101324.966	101325.099	0.132213144	0	0	0	0	0	3
44	41	0	0.528202007	101325.013	101325.034	101324.998	101325.099	0.100867002	0	0	0	0	0	3
45	42	0	0.540206598	101325.013	101325.032	101324.998	101325.075	0.0777056727	0	0	0	0	0	3
46	42	0	0.552211189	101325.013	101325.031	101324.998	101325.075	0.0777056727	0	0	0	0	0	3
47	43	0	0.564215781	101325.013	101325.03	101324.998	101325.075	0.0777056727	0	0	0	0	0	3
48	44	0	0.576220372	101325.013	101325.03	101324.998	101325.075	0.0777056727	0	0	0	0	0	3
49	45	0	0.588224963	101325.013	101325.028	101324.998	101325.075	0.0777056727	0	0	0	0	0	3
50	46	0	0.600229554	101325.013	101325.027	101324.998	101325.075	0.0777056727	0	0	0	0	0	3
51	47	0	0.612234145	101325.013	101325.026	101324.998	101325.074	0.0758544013	0	0	0	0	0	3
52	47	0	0.624238736	101325.013	101325.025	101324.998	101325.074	0.0758544013	0	0	0	0	0	3
53	48	0	0.636243327	101325.012	101325.024	101324.998	101325.07	0.0721358683	0	0	0	0	0	3
54	49	0	0.648247918	101325.012	101325.023	101324.998	101325.07	0.0721358683	0	0	0	0	0	3
55	50	0	0.660252509	101325.012	101325.022	101324.998	101325.063	0.0651599159	0	0	0	0	0	3
56	51	0	0.6722571	101325.012	101325.021	101324.998	101325.063	0.0651599159	0	0	0	0	0	3
57	52	0	0.684261691	101325.011	101325.02	101324.998	101325.052	0.0543365671	0	0	0	0	0	3
58	52	0	0.696266282	101325.011	101325.019	101324.998	101325.052	0.0543365671	0	0	0	0	0	3
59	53	0	0.708270873	101325.011	101325.018	101324.998	101325.048	0.0500082137	0	0	0	0	0	3
60	54	0	0.720275465	101325.011	101325.017	101324.998	101325.048	0.0500082137	0	0	0	0	0	3
61	55	0	0.732280056	101325.011	101325.017	101324.998	101325.048	0.0498221132	0	0	0	0	0	3
62	56	0	0.744284647	101325.012	101325.016	101324.998	101325.048	0.0498221132	0	0	0	0	0	3
63	57	0	0.756289238	101325.012	101325.015	101324.998	101325.048	0.0498221132	0	0	0	0	0	3
64	58	0	0.768293829	101325.012	101325.014	101324.998	101325.048	0.0498221132	0	0	0	0	0	3
65	58	0	0.78029842	101325.012	101325.013	101324.998	101325.045	0.0468702913	0	0	0	0	0	3
66	59	0	0.792303011	101325.012	101325.013	101324.998	101325.044	0.0464649754	0	0	0	0	0	3
67	60	0	0.804307602	101325.012	101325.012	101324.998	101325.041	0.043008587	0	0	0	0	0	3
68	61	0	0.816312193	101325.012	101325.011	101324.998	101325.034	0.0362841362	0	0	0	0	0	3
69	62	0	0.828316784	101325.012	101325.011	101324.998	101325.025	0.0274136763	0	0	0	0	0	3
70	63	0	0.840321375	101325.012	101325.01	101324.998	101325.017	0.0196084021	0	0	0	0	0	3
71	64	0	0.852325966	101325.012	101325.01	101324.998	101325.014	0.0158883856	0	0	0	0	0	3
72	64	0	0.864330557	101325.012	101325.01	101324.998	101325.014	0.0158883856	0	0	0	0	0	3
73	65	0	0.876335149	101325.012	101325.01	101324.998	101325.014	0.0158883856	0	0	0	0	0	3
74	66	0	0.88833974	101325.012	101325.011	101324.998	101325.014	0.0158883856	0	0	0	0	0	3
75	67	0	0.900344331	101325.012	101325.011	101324.998	101325.014	0.0158883856	0	0	0	0	0	3
76	68	0	0.912348922	101325.012	101325.011	101324.998	101325.014	0.0153940502	0	0	0	0	0	3
77	69	0	0.924353513	101325.012	101325.012	101325.001	101325.014	0.0126333432	0	0	0	0	0	3
78	69	0	0.936358104	101325.012	101325.012	101325.004	101325.014	0.00919324365	0	0	0	0	0	3
79	70	0	0.948362695	101325.012	101325.012	101325.008	101325.014	0.0052001154	0	0	0	0	0	3
80	71	0	0.960367286	101325.012	101325.012	101325.011	101325.014	0.00230257615	0	0	0	0	0	3
81	72	0	0.972371877	101325.012	101325.012	101325.011	101325.014	0.00223185963	0	0	0	0	0	3
82	73	0	0.984376468	101325.012	101325.012	101325.011	101325.013	0.00208309451	0	0	0	0	0	3
83	74	0	0.996381059	101325.012	101325.012	101325.011	101325.013	0.00194382839	0	0	0	0	0	3
84	74	0	1.00838565	101325.012	101325.012	101325.011	101325.013	0.00194382839	0.00302601005	0	0	0	0	3
85	75	0	1.02039024	101325.012	101325.012	101325.011	101325.013	0.00194382839	0.00302601005	0	0	0	0	3
86	76	0	1.03239483	101325.012	101325.012	101325.011	101325.013	0.00194382839	0.00302601005	0	0	0	0	3
87	77	0	1.04439942	101325.012	101325.012	101325.011	101325.013	0.00194382839	0.00302601005	0	0	0	0	3
88	78	0	1.05640401	101325.012	101325.012	101325.011	101325.013	0.00194382839	0.00302601005	0	0	0	0	3
89	79	0	1.06840861	101325.012	101325.012	101325.011	101325.013	0.00194382839	0.00302601005	0	0	0	0	3
90	80	0	1.0804132	101325.012	101325.012	101325.011	101325.013	0.00194382839	0.00302601005	0	0	0	0	3
91	80	0	1.09241779	101325.012	101325.012	101325.011	101325.013	0.00180598514	0.00302601005	0	0	0	0	3
92	81	0	1.10442238	101325.012	101325.012	101325.011	101325.013	0.00155199823	0.00302601005	0	0	0	0	3
93	82	0	1.11642697	101325.012	101325.012	101325.011	101325.013	0.00141746063	0.00302601005	0	0	0	0	3
94	83	0	1.12843156	101325.012	101325.012	101325.011	101325.012	0.001118418	0.00302601005	0	0	0	0	3
95	84	0	1.14043615	101325.012	101325.012	101325.011	101325.012	0.001118418	0.00302601005	0	0	0	0	3
96	85	0	1.15244074	101325.012	101325.012	101325.011	101325.012	0.001118418	0.00302601005	0	0	0	0	3
97	85	0	1.16444533	101325.012	101325.012	101325.011	101325.012	0.001118418	0.00302601005	0	0	0	0	3
98	86	0	1.17644993	101325.012	101325.012	101325.011	101325.012	0.001118418	0.00302601005	0	0	0	0	3
99	87	0	1.18845452	101325.012	101325.012	101325.011	101325.012	0.00107548769	0.00302601005	0	0	0	0	3
100	88	0	1.20045911	101325.012	101325.012	101325.011	101325.012	0.00104621853	0.00302601005	0	0	0	0	3
101	89	0	1.2124637	101325.012	101325.012	101325.011	101325.012	0.000993130205	0.00302601005	0	0	0	0	3
102	90	0	1.22446829	101325.012	101325.012	101325.011	101325.012	0.000979016855	0.00302601005	0	0	0	0	3
103	91	0	1.23647288	101325.012	101325.012	101325.012	101325.012	0.000810433892	0.00302601005	0	0	0	0	3
104	92	0	1.24847747	101325.012	101325.012	101325.012	101325.012	0.000810433892	0.00302601005	0	0	0	0	3
105	93	0	1.26048206	101325.012	101325.012	101325.012	101325.012	0.000810433892	0.00302601005	0	0	0	0	3
106	94	0	1.27248665	101325.012	101325.012	101325.012	101325.012	0.000810433892	0.00302601005	0	0	0	0	3
107	94	0	1.28449125	101325.012	101325.012	101325.012	101325.012	0.000810433892	0.00302601005	0	0	0	0	3
108	95	0	1.29649584	101325.012	101325.012	101325.012	101325.012	0.000810433892	0.00302601005	0	0	0	0	3
109	96	0	1.30850043	101325.012	101325.012	101325.012	101325.012	0.000810433892	0.00302601005	0	0	0	0	3
110	97	0	1.32050502	101325.013	101325.012	101325.012	101325.013	0.0008768548	0.00302601005	0	0	0	0	3
111	98	0	1.33250961	101325.012	101325.012	101325.012	101325.013	0.0008768548	0.00302601005	0	0	0	0	3
112	99	0	1.3445142	101325.012	101325.012	101325.012	101325.013	0.0008768548	0.00302601005	0	0	0	0	3
113	100	0	1.35651879	101325.012	101325.012	101325.012	101325.013	0.0008768548	0.00302601005	0	0	0	0	3
114	100	0	1.36852338	101325.012	101325.012	101325.012	101325.013	0.0008768548	0.00302601005	0	0	0	0	3
115	101	0	1.38052797	101325.012	101325.012	101325.012	101325.013	0.0008768548	0.00302601005	0	0	0	0	3
116	102	0	1.39253256	101325.012	101325.012	101325.012	101325.013	0.0008768548	0.00302601005	0	0	0	0	3
117	103	0	1.40453716	101325.012	101325.012	101325.012	101325.013	0.000856016457	0.00302601005	0	0	0	0	3
118	104	0	1.41654175	101325.012	101325.012	101325.012	101325.013	0.000530324993	0.00302601005	0	0	0	0	3
119	105	0	1.42854634	101325.012	101325.012	101325.012	101325.013	0.000336176992	0.00302601005	0	0	0	0	3
120	105	0	1.44055093	101325.012	101325.012	101325.012	101325.013	0.000336176992	0.00302601005	0	0	0	0	3
121	106	0	1.45255552	101325.012	101325.012	101325.012	101325.013	0.000336176992	0.00302601005	0	0	0	0	3
122	107	0	1.46456011	101325.012	101325.012	101325.012	101325.013	0.000336176992	0.00302601005	0	0	0	0	3
123	108	0	1.4765647	101325.012	101325.012	101325.012	101325.013	0.000295945298	0.00302601005	0	0	0	0	3
124	109	0	1.48856929	101325.012	101325.012	101325.012	101325.013	0.000255133738	0.00302601005	0	0	0	0	3
125	110	0	1.50057388	101325.012	101325.012	101325.012	101325.013	0.000226681921	0.00302601005	0	0	0	0	3
126	111	0	1.51257848	101325.012	101325.012	101325.012	101325.013	0.000206415687	0.00302601005	0	0	0	0	3
127	111	0	1.52458307	101325.012	101325.012	101325.012	101325.013	0.000195029483	0.00302601005	0	0	0	0	3
128	112	0	1.53658766	101325.012	101325.012	101325.012	101325.013	0.000208585669	0.00302601005	0	0	0	0	3
129	113	0	1.54859225	101325.012	101325.012	101325.012	101325.013	0.000226298725	0.00302601005	0	0	0	0	3
130	114	0	1.56059684	101325.013	101325.012	101325.012	101325.013	0.000241729795	0.00302601005	0	0	0	0	3
131	115	0	1.57260143	101325.012	101325.012	101325.012	101325.013	0.00025512361	0.00302601005	0	0	0	0	3
132	116	0	1.58460602	101325.013	101325.012	101325.012	101325.013	0.000268567266	0.00302601005	0	0	0	0	3
133	117	0	1.59661061	101325.013	101325.012	101325.012	101325.013	0.000281492627	0.00302601005	0	0	0	0	3
134	117	0	1.6086152	101325.013	101325.012	101325.012	101325.013	0.000291648641	0.00302601005	0	0	0	0	3
135	118	0	1.6206198	101325.012	101325.012	101325.012	101325.013	0.000294536163	0.00302601005	0	0	0	0	3
136	119	0	1.63262439	101325.012	101325.012	101325.012	101325.013	0.000294536163	0.00302601005	0	0	0	0	3
137	120	0	1.64462898	101325.012	101325.012	101325.012	101325.013	0.000291023258	0.00302601005	0	0	0	0	3
138	121	0	1.65663357	101325.012	101325.012	101325.012	101325.013	0.000287858013	0.00302601005	0	0	0	0	3
