Iteration	CPUTime	PhysTime	Travels	Value	AvValue	MinValue	MaxValue	Delta	Criteria	PrevAvRefValue	Progress	CriteriaType	CriteriaVarType	CriteriaPercentage
1	4	0	0.0120146873	2751.33685	2751.33685	2751.33685	2751.33685	0	0	0	0	0	0	3
2	5	0	0.0240293746	317.017675	1534.17726	317.017675	2751.33685	1217.15959	0	0	0	0	0	3
3	5	0	0.0360440619	122.986921	1063.78048	122.986921	2751.33685	1687.55637	0	0	0	0	0	3
4	6	0	0.0480587493	53.0421077	811.095888	53.0421077	2751.33685	1940.24096	0	0	0	0	0	3
5	7	0	0.0600734366	101.373473	669.151405	53.0421077	2751.33685	2082.18544	0	0	0	0	0	3
6	8	0	0.0720881239	69.3152963	569.17872	53.0421077	2751.33685	2182.15813	0	0	0	0	0	3
7	9	0	0.0841028112	87.7301953	500.40036	53.0421077	2751.33685	2250.93649	0	0	0	0	0	3
8	10	0	0.0961174985	76.6249619	447.428435	53.0421077	2751.33685	2303.90841	0	0	0	0	0	3
9	10	0	0.108132186	87.8297007	407.47302	53.0421077	2751.33685	2343.86383	0	0	0	0	0	3
10	11	0	0.120146873	73.1823104	374.043949	53.0421077	2751.33685	2377.2929	0	0	0	0	0	3
11	12	0	0.13216156	88.1616887	348.054653	53.0421077	2751.33685	2403.2822	0	0	0	0	0	3
12	13	0	0.144176248	73.3397222	325.161742	53.0421077	2751.33685	2426.17511	0	0	0	0	0	3
13	14	0	0.156190935	79.4136861	306.258045	53.0421077	2751.33685	2445.0788	0	0	0	0	0	3
14	15	0	0.168205622	73.3329996	289.620542	53.0421077	2751.33685	2461.71631	0	0	0	0	0	3
15	15	0	0.18022031	79.1538908	275.589432	53.0421077	2751.33685	2475.74742	0	0	0	0	0	3
16	16	0	0.192234997	72.4343001	262.892236	53.0421077	2751.33685	2488.44461	0	0	0	0	0	3
17	17	0	0.204249684	77.3850902	251.980051	53.0421077	2751.33685	2499.3568	0	0	0	0	0	3
18	18	0	0.216264372	69.9102959	241.865065	53.0421077	2751.33685	2509.47178	0	0	0	0	0	3
19	19	0	0.228279059	77.2350275	233.200326	53.0421077	2751.33685	2518.13652	0	0	0	0	0	3
20	20	0	0.240293746	70.3398513	225.057302	53.0421077	2751.33685	2526.27955	0	0	0	0	0	3
21	21	0	0.252308434	75.0352285	217.913394	53.0421077	2751.33685	2533.42345	0	0	0	0	0	3
22	22	0	0.264323121	70.9999281	211.235509	53.0421077	2751.33685	2540.10134	0	0	0	0	0	3
23	22	0	0.276337808	71.9151304	205.178101	53.0421077	2751.33685	2546.15875	0	0	0	0	0	3
24	23	0	0.288352496	72.6067706	199.654296	53.0421077	2751.33685	2551.68255	0	0	0	0	0	3
25	24	0	0.300367183	73.0254729	194.589143	53.0421077	2751.33685	2556.74771	0	0	0	0	0	3
26	25	0	0.31238187	70.4155519	189.813236	53.0421077	2751.33685	2561.52361	0	0	0	0	0	3
27	26	0	0.324396558	69.229173	185.347159	53.0421077	2751.33685	2565.98969	0	0	0	0	0	3
28	27	0	0.336411245	73.2960718	181.345335	53.0421077	2751.33685	2569.99151	0	0	0	0	0	3
29	28	0	0.348425932	69.1708805	177.47725	53.0421077	2751.33685	2573.8596	0	0	0	0	0	3
30	28	0	0.360440619	73.9405614	174.026027	53.0421077	2751.33685	2577.31082	0	0	0	0	0	3
31	29	0	0.372455307	69.3595629	170.64969	53.0421077	2751.33685	2580.68716	0	0	0	0	0	3
32	30	0	0.384469994	68.4024319	167.454463	53.0421077	2751.33685	2583.88239	0	0	0	0	0	3
33	31	0	0.396484681	68.2274229	164.447583	53.0421077	2751.33685	2586.88927	0	0	0	0	0	3
34	32	0	0.408499369	68.3685958	161.62173	53.0421077	2751.33685	2589.71512	0	0	0	0	0	3
35	33	0	0.420514056	67.3545557	158.928382	53.0421077	2751.33685	2592.40847	0	0	0	0	0	3
36	34	0	0.432528743	67.9213852	156.40041	53.0421077	2751.33685	2594.93644	0	0	0	0	0	3
37	35	0	0.444543431	67.5846453	153.999984	53.0421077	2751.33685	2597.33686	0	0	0	0	0	3
38	36	0	0.456558118	65.7559619	151.677773	53.0421077	2751.33685	2599.65908	0	0	0	0	0	3
39	37	0	0.468572805	67.1056468	149.509257	53.0421077	2751.33685	2601.82759	0	0	0	0	0	3
40	38	0	0.480587493	65.7370328	147.414951	53.0421077	2751.33685	2603.9219	0	0	0	0	0	3
41	39	0	0.49260218	65.6018175	145.419509	53.0421077	2751.33685	2605.91734	0	0	0	0	0	3
42	40	0	0.504616867	65.8159879	143.524187	53.0421077	2751.33685	2607.81266	0	0	0	0	0	3
43	40	0	0.516631555	65.5926016	79.5778955	53.0421077	317.017675	263.975567	0	0	0	0	0	3
44	41	0	0.528646242	65.0721931	73.5791936	53.0421077	122.986921	69.9448137	0	0	0	0	0	3
45	42	0	0.540660929	66.6432458	72.2376775	53.0421077	101.373473	48.3313656	0	0	0	0	0	3
46	43	0	0.552675617	64.6020553	72.5129143	64.6020553	101.373473	36.771418	0	0	0	0	0	3
47	44	0	0.564690304	65.3457477	71.6551113	64.6020553	88.1616887	23.5596334	0	0	0	0	0	3
48	45	0	0.576704991	63.9313068	71.5269211	63.9313068	88.1616887	24.2303819	0	0	0	0	0	3
49	46	0	0.588719678	64.2078757	70.9668659	63.9313068	88.1616887	24.2303819	0	0	0	0	0	3
50	47	0	0.600734366	63.9429972	70.6649143	63.9313068	88.1616887	24.2303819	0	0	0	0	0	3
51	48	0	0.612749053	64.4094391	70.1072891	63.9313068	88.1616887	24.2303819	0	0	0	0	0	3
52	49	0	0.62476374	62.6772567	69.8571687	62.6772567	88.1616887	25.484432	0	0	0	0	0	3
53	50	0	0.636778428	64.1231288	69.2848221	62.6772567	79.4136861	16.7364294	0	0	0	0	0	3
54	50	0	0.648793115	63.7134784	69.0556258	62.6772567	79.4136861	16.7364294	0	0	0	0	0	3
55	51	0	0.660807802	63.5192787	68.6771875	62.6772567	79.1538908	16.4766341	0	0	0	0	0	3
56	52	0	0.67282249	62.4730642	68.4186176	62.4730642	79.1538908	16.6808266	0	0	0	0	0	3
57	53	0	0.684837177	63.7376397	68.051564	62.4730642	77.3850902	14.912026	0	0	0	0	0	3
58	54	0	0.696851864	62.6460696	67.8185109	62.4730642	77.3850902	14.912026	0	0	0	0	0	3
59	55	0	0.708866552	63.1237291	67.4789547	62.4730642	77.2350275	14.7619633	0	0	0	0	0	3
60	56	0	0.720881239	63.6480317	67.3298532	62.4730642	77.2350275	14.7619633	0	0	0	0	0	3
61	56	0	0.732895926	63.184715	66.9953219	62.4730642	75.0352285	12.5621643	0	0	0	0	0	3
62	57	0	0.744910614	62.8771409	66.8176384	62.4730642	75.0352285	12.5621643	0	0	0	0	0	3
63	58	0	0.756925301	63.1123876	66.5337612	62.4730642	73.9405614	11.4674971	0	0	0	0	0	3
64	59	0	0.768939988	63.7185552	66.3603952	62.4730642	73.9405614	11.4674971	0	0	0	0	0	3
65	60	0	0.780954676	63.2261404	66.1535145	62.4730642	73.9405614	11.4674971	0	0	0	0	0	3
66	61	0	0.792969363	63.2475412	65.9306757	62.4730642	73.9405614	11.4674971	0	0	0	0	0	3
67	61	0	0.80498405	63.5313116	65.7046242	62.4730642	73.9405614	11.4674971	0	0	0	0	0	3
68	62	0	0.816998738	62.9623137	65.5271661	62.4730642	73.9405614	11.4674971	0	0	0	0	0	3
69	63	0	0.829013425	63.2481802	65.3847616	62.4730642	73.9405614	11.4674971	0	0	0	0	0	3
70	64	0	0.841028112	62.6885959	65.1322026	62.4730642	73.9405614	11.4674971	0	0	0	0	0	3
71	65	0	0.853042799	63.3981982	64.9947578	62.4730642	73.9405614	11.4674971	0	0	0	0	0	3
72	66	0	0.865057487	63.025283	64.7348702	62.4730642	69.3595629	6.88649873	0	0	0	0	0	3
73	66	0	0.877072174	63.1316901	64.5865875	62.4730642	68.4024319	5.92936769	0	0	0	0	0	3
74	67	0	0.889086861	63.3956212	64.4673777	62.4730642	68.3685958	5.89553162	0	0	0	0	0	3
75	68	0	0.901101549	63.2589547	64.3490809	62.4730642	68.3685958	5.89553162	0	0	0	0	0	3
76	69	0	0.913116236	62.5526788	64.2106067	62.4730642	67.9213852	5.448321	0	0	0	0	0	3
77	70	0	0.925130923	62.9538517	64.105828	62.4730642	67.9213852	5.448321	0	0	0	0	0	3
78	71	0	0.937145611	62.8622589	63.9853726	62.4730642	67.5846453	5.11158105	0	0	0	0	0	3
79	71	0	0.949160298	63.3489896	63.8845237	62.4730642	67.1056468	4.63258261	0	0	0	0	0	3
80	72	0	0.961174985	63.2860185	63.8257155	62.4730642	67.1056468	4.63258261	0	0	0	0	0	3
81	73	0	0.973189673	62.8685816	63.724833	62.4730642	66.6432458	4.17018157	0	0	0	0	0	3
82	74	0	0.98520436	63.0856119	63.6617039	62.4730642	66.6432458	4.17018157	0	0	0	0	0	3
83	75	0	0.997219047	63.3270156	63.607542	62.4730642	66.6432458	4.17018157	0	0	0	0	0	3
84	76	0	1.00923373	63.8110602	63.5598056	62.4730642	66.6432458	4.17018157	2.09834441	0	50.3	0	0	3
85	76	0	1.02124842	62.9237308	63.4962611	62.4730642	66.6432458	4.17018157	2.09834441	0	50.3	0	0	3
86	77	0	1.03326311	63.2688095	63.4533233	62.4730642	66.6432458	4.17018157	2.09834441	0	50.3	0	0	3
87	78	0	1.0452778	62.3955917	63.3521887	62.3955917	65.3457477	2.95015603	2.09834441	0	71.1	0	0	3
88	79	0	1.05729248	63.4389343	63.3244954	62.3955917	65.3457477	2.95015603	2.09834441	0	71.1	0	0	3
89	80	0	1.06930717	62.6036344	63.259207	62.3955917	64.4094391	2.01384745	2.09834441	0	100	0	0	3
90	81	0	1.08132186	63.539892	63.2498876	62.3955917	64.4094391	2.01384745	2.09834441	0	100	0	0	3
91	81	0	1.09333655	62.6489788	63.212771	62.3955917	64.4094391	2.01384745	2.09834441	0	100	0	0	3
92	82	0	1.10535123	63.2882559	63.1971819	62.3955917	64.4094391	2.01384745	2.09834441	0	100	0	0	3
