Iteration	CPUTime	PhysTime	Travels	Value	AvValue	MinValue	MaxValue	Delta	Criteria	PrevAvRefValue	Progress	CriteriaType	CriteriaVarType	CriteriaPercentage
1	4	0	0.0111679391	293.200197	293.200197	293.200197	293.200197	0	0	0	0	0	0	3
2	5	0	0.0223358782	293.200172	293.200184	293.200172	293.200197	1.2727875e-05	0	0	0	0	0	3
3	7	0	0.0335038174	293.200178	293.200182	293.200172	293.200197	1.47206536e-05	0	0	0	0	0	3
4	8	0	0.0446717565	293.20018	293.200182	293.200172	293.200197	1.53423679e-05	0	0	0	0	0	3
5	10	0	0.0558396956	293.200182	293.200182	293.200172	293.200197	1.53423679e-05	0	0	0	0	0	3
6	11	0	0.0670076347	293.200183	293.200182	293.200172	293.200197	1.53423679e-05	0	0	0	0	0	3
7	12	0	0.0781755738	293.200185	293.200183	293.200172	293.200197	1.53423679e-05	0	0	0	0	0	3
8	13	0	0.089343513	293.200185	293.200183	293.200172	293.200197	1.53423679e-05	0	0	0	0	0	3
9	14	0	0.100511452	293.200187	293.200183	293.200172	293.200197	1.53423679e-05	0	0	0	0	0	3
10	15	0	0.111679391	293.200188	293.200184	293.200172	293.200197	1.53423679e-05	0	0	0	0	0	3
11	16	0	0.12284733	293.200192	293.200184	293.200172	293.200197	1.53423679e-05	0	0	0	0	0	3
12	17	0	0.134015269	293.200196	293.200185	293.200172	293.200197	1.53423679e-05	0	0	0	0	0	3
13	18	0	0.145183209	293.2002	293.200187	293.200172	293.2002	1.53423679e-05	0	0	0	0	0	3
14	19	0	0.156351148	293.200205	293.200188	293.200172	293.200205	1.53423679e-05	0	0	0	0	0	3
15	20	0	0.167519087	293.200211	293.200189	293.200172	293.200211	1.53423679e-05	0	0	0	0	0	3
16	20	0	0.178687026	293.200221	293.200191	293.200172	293.200221	1.53423679e-05	0	0	0	0	0	3
17	21	0	0.189854965	293.200231	293.200194	293.200172	293.200231	1.53423679e-05	0	0	0	0	0	3
18	22	0	0.201022904	293.200241	293.200196	293.200172	293.200241	1.53423679e-05	0	0	0	0	0	3
19	22	0	0.212190843	293.200249	293.200199	293.200172	293.200249	1.7351566e-05	0	0	0	0	0	3
20	23	0	0.223358782	293.200257	293.200202	293.200172	293.200257	2.02414087e-05	0	0	0	0	0	3
21	23	0	0.234526722	293.200266	293.200205	293.200172	293.200266	2.32714287e-05	0	0	0	0	0	3
22	24	0	0.245694661	293.200271	293.200208	293.200172	293.200271	2.62459623e-05	0	0	0	0	0	3
23	25	0	0.2568626	293.200271	293.200211	293.200172	293.200271	2.89937547e-05	0	0	0	0	0	3
24	25	0	0.268030539	293.200268	293.200213	293.200172	293.200271	3.1396193e-05	0	0	0	0	0	3
25	26	0	0.279198478	293.20026	293.200215	293.200172	293.200271	3.3285474e-05	0	0	0	0	0	3
26	26	0	0.290366417	293.200236	293.200216	293.200172	293.200271	3.41073275e-05	0	0	0	0	0	3
27	27	0	0.301534356	293.200201	293.200215	293.200172	293.200271	3.41073275e-05	0	0	0	0	0	3
28	27	0	0.312702295	293.200156	293.200213	293.200156	293.200271	3.41073275e-05	0	0	0	0	0	3
29	28	0	0.323870234	293.200103	293.200209	293.200103	293.200271	3.41073275e-05	0	0	0	0	0	3
30	28	0	0.335038174	293.200046	293.200204	293.200046	293.200271	3.41073275e-05	0	0	0	0	0	3
31	29	0	0.346206113	293.199958	293.200196	293.199958	293.200271	3.41073275e-05	0	0	0	0	0	3
32	29	0	0.357374052	293.199872	293.200186	293.199872	293.200271	3.41073275e-05	0	0	0	0	0	3
33	30	0	0.368541991	293.199793	293.200174	293.199793	293.200271	4.18925252e-05	0	0	0	0	0	3
34	31	0	0.37970993	293.199725	293.200161	293.199725	293.200271	5.50949613e-05	0	0	0	0	0	3
35	32	0	0.390877869	293.199668	293.200147	293.199668	293.200271	6.91636124e-05	0	0	0	0	0	3
36	33	0	0.402045808	293.19961	293.200132	293.19961	293.200271	8.40713337e-05	0	0	0	0	0	3
37	33	0	0.413213747	293.199571	293.200117	293.199571	293.200271	9.92285687e-05	0	0	0	0	0	3
38	34	0	0.424381687	293.199548	293.200102	293.199548	293.200271	0.000114201891	0	0	0	0	0	3
39	34	0	0.435549626	293.199537	293.200087	293.199537	293.200271	0.000128689662	0	0	0	0	0	3
40	35	0	0.446717565	293.199532	293.200073	293.199532	293.200271	0.00014257001	0	0	0	0	0	3
41	36	0	0.457885504	293.199529	293.20006	293.199529	293.200271	0.000155857963	0	0	0	0	0	3
42	36	0	0.469053443	293.199527	293.200047	293.199527	293.200271	0.000168546208	0	0	0	0	0	3
43	37	0	0.480221382	293.199527	293.200035	293.199527	293.200271	0.000180640008	0	0	0	0	0	3
44	37	0	0.491389321	293.199527	293.200024	293.199527	293.200271	0.000192199163	0	0	0	0	0	3
45	38	0	0.50255726	293.199523	293.200013	293.199523	293.200271	0.000203336163	0	0	0	0	0	3
46	39	0	0.513725199	293.199518	293.199997	293.199518	293.200271	0.000218423971	0	0	0	0	0	3
47	39	0	0.524893139	293.199516	293.199983	293.199516	293.200271	0.000232998165	0	0	0	0	0	3
48	40	0	0.536061078	293.199516	293.199968	293.199516	293.200271	0.000247730334	0	0	0	0	0	3
49	40	0	0.547229017	293.199515	293.199953	293.199515	293.200271	0.000262497243	0	0	0	0	0	3
50	41	0	0.558396956	293.199516	293.199939	293.199515	293.200271	0.000277296354	0	0	0	0	0	3
51	41	0	0.569564895	293.199518	293.199924	293.199515	293.200271	0.000292087664	0	0	0	0	0	3
52	42	0	0.580732834	293.19952	293.199909	293.199515	293.200271	0.000306856573	0	0	0	0	0	3
53	42	0	0.591900773	293.199521	293.199894	293.199515	293.200271	0.000321612155	0	0	0	0	0	3
54	43	0	0.603068712	293.199522	293.19988	293.199515	293.200271	0.000336378086	0	0	0	0	0	3
55	44	0	0.614236652	293.199521	293.199865	293.199515	293.200271	0.000351191373	0	0	0	0	0	3
56	44	0	0.625404591	293.199519	293.19985	293.199515	293.200271	0.000366141521	0	0	0	0	0	3
57	45	0	0.63657253	293.199518	293.199835	293.199515	293.200271	0.000381203466	0	0	0	0	0	3
58	45	0	0.647740469	293.199515	293.199819	293.199515	293.200271	0.000396426373	0	0	0	0	0	3
59	46	0	0.658908408	293.199513	293.199804	293.199513	293.200271	0.000411812873	0	0	0	0	0	3
60	47	0	0.670076347	293.199512	293.199789	293.199512	293.200271	0.000427352886	0	0	0	0	0	3
61	47	0	0.681244286	293.199511	293.199773	293.199511	293.200271	0.000443145057	0	0	0	0	0	3
62	48	0	0.692412225	293.199509	293.199757	293.199509	293.200271	0.000459189831	0	0	0	0	0	3
63	48	0	0.703580165	293.199508	293.19974	293.199508	293.200271	0.00047548037	0	0	0	0	0	3
64	49	0	0.714748104	293.199507	293.199724	293.199507	293.200271	0.000491967584	0	0	0	0	0	3
65	49	0	0.725916043	293.199508	293.199707	293.199507	293.200271	0.00050860422	0	0	0	0	0	3
66	50	0	0.737083982	293.19951	293.199691	293.199507	293.200271	0.000525402551	0	0	0	0	0	3
67	50	0	0.748251921	293.199512	293.199674	293.199507	293.200271	0.000542259524	0	0	0	0	0	3
68	51	0	0.75941986	293.199514	293.199657	293.199507	293.200268	0.000559085869	0	0	0	0	0	3
69	52	0	0.770587799	293.199515	293.19964	293.199507	293.20026	0.000575833711	0	0	0	0	0	3
70	53	0	0.781755738	293.199515	293.199624	293.199507	293.200236	0.000592404291	0	0	0	0	0	3
71	53	0	0.792923677	293.199514	293.199607	293.199507	293.200201	0.000607919145	0	0	0	0	0	3
72	54	0	0.804091617	293.199514	293.199592	293.199507	293.200156	0.000621060693	0	0	0	0	0	3
73	55	0	0.815259556	293.199513	293.199578	293.199507	293.200103	0.000595613411	0	0	0	0	0	3
74	56	0	0.826427495	293.199513	293.199565	293.199507	293.200046	0.000538707028	0	0	0	0	0	3
75	56	0	0.837595434	293.199513	293.199553	293.199507	293.199958	0.000450111933	0	0	0	0	0	3
76	57	0	0.848763373	293.199513	293.199543	293.199507	293.199872	0.000364442384	0	0	0	0	0	3
77	57	0	0.859931312	293.199513	293.199535	293.199507	293.199793	0.000285938411	0	0	0	0	0	3
78	58	0	0.871099251	293.199513	293.199529	293.199507	293.199725	0.000217658737	0	0	0	0	0	3
79	58	0	0.88226719	293.199513	293.199524	293.199507	293.199668	0.000160936342	0	0	0	0	0	3
80	59	0	0.89343513	293.199512	293.199521	293.199507	293.19961	0.00010259251	0	0	0	0	0	3
81	59	0	0.904603069	293.199511	293.199518	293.199507	293.199571	6.35450579e-05	0	0	0	0	0	3
82	60	0	0.915771008	293.19951	293.199517	293.199507	293.199548	4.02192755e-05	0	0	0	0	0	3
83	61	0	0.926938947	293.19951	293.199516	293.199507	293.199537	2.92091112e-05	0	0	0	0	0	3
84	61	0	0.938106886	293.199511	293.199516	293.199507	293.199532	2.4530518e-05	0	0	0	0	0	3
85	62	0	0.949274825	293.199513	293.199515	293.199507	293.199529	2.10580021e-05	0	0	0	0	0	3
86	63	0	0.960442764	293.199515	293.199515	293.199507	293.199527	1.98544745e-05	0	0	0	0	0	3
87	63	0	0.971610703	293.199517	293.199515	293.199507	293.199527	1.98544745e-05	0	0	0	0	0	3
88	64	0	0.982778642	293.199518	293.199515	293.199507	293.199527	1.91912462e-05	0	0	0	0	0	3
89	65	0	0.993946582	293.199519	293.199514	293.199507	293.199523	1.50699382e-05	0	0	0	0	0	3
90	65	0	1.00511452	293.199518	293.199514	293.199507	293.199522	1.47339858e-05	2.29131585e-05	0	0	0	0	3
91	66	0	1.01628246	293.199516	293.199514	293.199507	293.199522	1.47339858e-05	2.29131585e-05	0	0	0	0	3
92	66	0	1.0274504	293.199516	293.199514	293.199507	293.199522	1.47339858e-05	2.29131585e-05	0	0	0	0	3
93	67	0	1.03861834	293.199515	293.199514	293.199507	293.199522	1.47339858e-05	2.29131585e-05	0	0	0	0	3
94	67	0	1.04978628	293.199514	293.199514	293.199507	293.199522	1.47339858e-05	2.29131585e-05	0	0	0	0	3
