Iteration	CPUTime	PhysTime	Travels	Value	AvValue	MinValue	MaxValue	Delta	Criteria	PrevAvRefValue	Progress	CriteriaType	CriteriaVarType	CriteriaPercentage
1	3	0	0.0123847119	2306.40315	2306.40315	2306.40315	2306.40315	0	0	0	0	0	0	3
2	3	0	0.0247694238	406.673097	1356.53812	406.673097	2306.40315	949.865025	0	0	0	0	0	3
3	4	0	0.0371541357	214.575266	975.883837	214.575266	2306.40315	1330.51931	0	0	0	0	0	3
4	4	0	0.0495388476	119.704469	761.838995	119.704469	2306.40315	1544.56415	0	0	0	0	0	3
5	5	0	0.0619235595	138.881581	637.247512	119.704469	2306.40315	1669.15564	0	0	0	0	0	3
6	5	0	0.0743082714	113.389967	549.937921	113.389967	2306.40315	1756.46523	0	0	0	0	0	3
7	5	0	0.0866929833	129.281124	489.844093	113.389967	2306.40315	1816.55905	0	0	0	0	0	3
8	6	0	0.0990776952	108.948672	442.232165	108.948672	2306.40315	1864.17098	0	0	0	0	0	3
9	6	0	0.111462407	118.203449	406.228975	108.948672	2306.40315	1900.17417	0	0	0	0	0	3
10	6	0	0.123847119	100.482058	375.654283	100.482058	2306.40315	1930.74886	0	0	0	0	0	3
11	7	0	0.136231831	107.36317	351.264182	100.482058	2306.40315	1955.13897	0	0	0	0	0	3
12	7	0	0.148616543	95.0177305	329.910311	95.0177305	2306.40315	1976.49284	0	0	0	0	0	3
13	8	0	0.161001255	100.699835	312.278736	95.0177305	2306.40315	1994.12441	0	0	0	0	0	3
14	8	0	0.173385967	91.9196335	296.5388	91.9196335	2306.40315	2009.86435	0	0	0	0	0	3
15	8	0	0.185770678	96.3665538	283.193984	91.9196335	2306.40315	2023.20916	0	0	0	0	0	3
16	9	0	0.19815539	90.4786243	271.149274	90.4786243	2306.40315	2035.25387	0	0	0	0	0	3
17	9	0	0.210540102	92.5662034	260.644387	90.4786243	2306.40315	2045.75876	0	0	0	0	0	3
18	9	0	0.222924814	88.365024	251.073311	88.365024	2306.40315	2055.32984	0	0	0	0	0	3
19	10	0	0.235309526	89.7487313	242.582544	88.365024	2306.40315	2063.8206	0	0	0	0	0	3
20	10	0	0.247694238	87.0963977	234.808237	87.0963977	2306.40315	2071.59491	0	0	0	0	0	3
21	11	0	0.26007895	87.0639281	227.772793	87.0639281	2306.40315	2078.63035	0	0	0	0	0	3
22	11	0	0.272463662	85.6016941	221.310471	85.6016941	2306.40315	2085.09268	0	0	0	0	0	3
23	11	0	0.284848374	84.7500089	215.373059	84.7500089	2306.40315	2091.03009	0	0	0	0	0	3
24	12	0	0.297233085	84.3006015	209.911707	84.3006015	2306.40315	2096.49144	0	0	0	0	0	3
25	12	0	0.309617797	83.311794	204.84771	83.311794	2306.40315	2101.55544	0	0	0	0	0	3
26	12	0	0.322002509	83.2840794	200.172186	83.2840794	2306.40315	2106.23096	0	0	0	0	0	3
27	13	0	0.334387221	82.7594649	195.823567	82.7594649	2306.40315	2110.57958	0	0	0	0	0	3
28	13	0	0.346771933	82.267868	191.768006	82.267868	2306.40315	2114.63514	0	0	0	0	0	3
29	14	0	0.359156645	82.0694906	187.985299	82.0694906	2306.40315	2118.41785	0	0	0	0	0	3
30	14	0	0.371541357	81.3046057	184.429276	81.3046057	2306.40315	2121.97387	0	0	0	0	0	3
31	14	0	0.383926069	80.7145526	181.083639	80.7145526	2306.40315	2125.31951	0	0	0	0	0	3
32	15	0	0.396310781	80.1086896	177.928172	80.1086896	2306.40315	2128.47497	0	0	0	0	0	3
33	15	0	0.408695493	79.8695494	174.956699	79.8695494	2306.40315	2131.44645	0	0	0	0	0	3
34	16	0	0.421080204	79.6518184	172.153614	79.6518184	2306.40315	2134.24953	0	0	0	0	0	3
35	16	0	0.433464916	79.5994285	169.509209	79.5994285	2306.40315	2136.89394	0	0	0	0	0	3
36	17	0	0.445849628	80.0333864	167.023769	79.5994285	2306.40315	2139.37938	0	0	0	0	0	3
37	17	0	0.45823434	79.8571637	164.667915	79.5994285	2306.40315	2141.73523	0	0	0	0	0	3
38	18	0	0.470619052	79.8619187	162.436178	79.5994285	2306.40315	2143.96697	0	0	0	0	0	3
39	18	0	0.483003764	79.9968979	160.322351	79.5994285	2306.40315	2146.0808	0	0	0	0	0	3
40	19	0	0.495388476	79.6090155	158.304517	79.5994285	2306.40315	2148.09863	0	0	0	0	0	3
41	19	0	0.507773188	79.6245904	156.385495	79.5994285	2306.40315	2150.01765	0	0	0	0	0	3
42	19	0	0.5201579	79.6148779	102.073586	79.5994285	406.673097	327.073669	0	0	0	0	0	3
43	20	0	0.532542611	79.6346278	94.0970376	79.5994285	214.575266	134.975837	0	0	0	0	0	3
44	20	0	0.544927323	79.8209569	90.8103471	79.5994285	138.881581	59.2821527	0	0	0	0	0	3
45	21	0	0.557312035	79.9225721	89.840057	79.5994285	138.881581	59.2821527	0	0	0	0	0	3
46	21	0	0.569696747	80.1842443	88.4084146	79.5994285	129.281124	49.681696	0	0	0	0	0	3
47	21	0	0.582081459	80.1479259	87.5976331	79.5994285	129.281124	49.681696	0	0	0	0	0	3
48	22	0	0.594466171	80.1343813	86.3989321	79.5994285	118.203449	38.604021	0	0	0	0	0	3
49	22	0	0.606850883	80.1343143	85.6961428	79.5994285	118.203449	38.604021	0	0	0	0	0	3
50	23	0	0.619235595	79.9758178	84.7637616	79.5994285	107.36317	27.7637412	0	0	0	0	0	3
51	23	0	0.631620307	79.6065331	84.2546025	79.5994285	107.36317	27.7637412	0	0	0	0	0	3
52	23	0	0.644005019	79.6035263	83.577538	79.5994285	100.699835	21.1004063	0	0	0	0	0	3
53	24	0	0.65638973	79.3907158	83.1963913	79.3907158	100.699835	21.3091189	0	0	0	0	0	3
54	24	0	0.668774442	79.3747815	82.676268	79.3747815	96.3665538	16.9917723	0	0	0	0	0	3
55	25	0	0.681159154	79.1239485	82.3641782	79.1239485	96.3665538	17.2426053	0	0	0	0	0	3
56	25	0	0.693543866	79.2166666	81.9458882	79.1239485	92.5662034	13.4422549	0	0	0	0	0	3
57	25	0	0.705928578	79.4600494	81.6771425	79.1239485	92.5662034	13.4422549	0	0	0	0	0	3
58	26	0	0.71831329	79.595536	81.3607847	79.1239485	89.7487313	10.6247828	0	0	0	0	0	3
59	26	0	0.730698002	79.5780589	81.1464685	79.1239485	89.7487313	10.6247828	0	0	0	0	0	3
60	26	0	0.743082714	79.4978765	80.8964477	79.1239485	87.0963977	7.97244919	0	0	0	0	0	3
61	27	0	0.755467426	79.3156216	80.7066727	79.1239485	87.0639281	7.9399796	0	0	0	0	0	3
62	27	0	0.767852137	79.3190876	80.5177741	79.1239485	85.6016941	6.47774555	0	0	0	0	0	3
63	28	0	0.780236849	79.0598078	80.3582159	79.0598078	84.7500089	5.69020115	0	0	0	0	0	3
64	28	0	0.792621561	79.0094688	80.2182027	79.0094688	84.3006015	5.29113264	0	0	0	0	0	3
65	28	0	0.805006273	78.9433118	80.0875371	78.9433118	83.311794	4.36848219	0	0	0	0	0	3
66	29	0	0.817390985	78.9060419	79.9800798	78.9060419	83.2840794	4.37803759	0	0	0	0	0	3
67	29	0	0.829775697	78.9347502	79.8739986	78.9060419	82.7594649	3.85342304	0	0	0	0	0	3
68	30	0	0.842160409	78.9416928	79.7808822	78.9060419	82.267868	3.36182618	0	0	0	0	0	3
69	30	0	0.854545121	78.8708472	79.698028	78.8708472	82.0694906	3.19864341	0	0	0	0	0	3
70	30	0	0.866929833	78.7096387	79.6160804	78.7096387	81.3046057	2.594967	0	0	0	0	0	3
71	31	0	0.879314545	78.7141106	79.5528976	78.7096387	80.7145526	2.00491389	0	0	0	0	0	3
72	31	0	0.891699256	78.6307956	79.5020742	78.6307956	80.1842443	1.55344868	0	0	0	0	0	3
73	31	0	0.904083968	78.5349469	79.4636903	78.5349469	80.1842443	1.64929732	0	0	0	0	0	3
74	32	0	0.91646868	78.6917967	79.4349646	78.5349469	80.1842443	1.64929732	0	0	0	0	0	3
75	32	0	0.928853392	78.8752397	79.4160237	78.5349469	80.1842443	1.64929732	0	0	0	0	0	3
76	33	0	0.941238104	79.1973939	79.4062179	78.5349469	80.1842443	1.64929732	0	0	0	0	0	3
77	33	0	0.953622816	79.3159521	79.3887195	78.5349469	80.1842443	1.64929732	0	0	0	0	0	3
78	33	0	0.966007528	79.1642874	79.3718201	78.5349469	80.1842443	1.64929732	0	0	0	0	0	3
79	34	0	0.97839224	79.0509805	79.3520411	78.5349469	80.1842443	1.64929732	0	0	0	0	0	3
80	34	0	0.990776952	78.983471	79.3273234	78.5349469	80.1842443	1.64929732	0	0	0	0	0	3
81	34	0	1.00316166	79.1670892	79.3165447	78.5349469	80.1842443	1.64929732	4.08120957	0	100	0	0	3
