Iteration	CPUTime	PhysTime	Travels	Value	AvValue	MinValue	MaxValue	Delta	Criteria	PrevAvRefValue	Progress	CriteriaType	CriteriaVarType	CriteriaPercentage
1	1	0	0.0119358283	-2876.42742	-2876.42742	-2876.42742	-2876.42742	0	0	0	0	0	0	3
2	2	0	0.0238716566	-316.554693	-1596.49106	-2876.42742	-316.554693	1279.93637	0	0	0	0	0	3
3	2	0	0.0358074849	-138.13975	-1110.37396	-2876.42742	-138.13975	1766.05347	0	0	0	0	0	3
4	2	0	0.0477433132	-50.6721306	-845.448499	-2876.42742	-50.6721306	2030.97892	0	0	0	0	0	3
5	2	0	0.0596791415	-98.24459	-696.007717	-2876.42742	-50.6721306	2180.41971	0	0	0	0	0	3
6	2	0	0.0716149697	-64.5590262	-590.766269	-2876.42742	-50.6721306	2285.66115	0	0	0	0	0	3
7	3	0	0.083550798	-86.7918579	-518.769924	-2876.42742	-50.6721306	2357.6575	0	0	0	0	0	3
8	3	0	0.0954866263	-63.1075286	-461.812125	-2876.42742	-50.6721306	2414.6153	0	0	0	0	0	3
9	3	0	0.107422455	-79.4819616	-419.330996	-2876.42742	-50.6721306	2457.09643	0	0	0	0	0	3
10	3	0	0.119358283	-60.8199384	-383.47989	-2876.42742	-50.6721306	2492.94753	0	0	0	0	0	3
11	3	0	0.131294111	-71.6595612	-355.132587	-2876.42742	-50.6721306	2521.29484	0	0	0	0	0	3
12	4	0	0.143229939	-61.4607277	-330.659932	-2876.42742	-50.6721306	2545.76749	0	0	0	0	0	3
13	4	0	0.155165768	-68.2158194	-310.471924	-2876.42742	-50.6721306	2565.9555	0	0	0	0	0	3
14	4	0	0.167101596	-61.320479	-292.675392	-2876.42742	-50.6721306	2583.75203	0	0	0	0	0	3
15	4	0	0.179037424	-65.9567906	-277.560818	-2876.42742	-50.6721306	2598.8666	0	0	0	0	0	3
16	4	0	0.190973253	-61.5000571	-264.057021	-2876.42742	-50.6721306	2612.3704	0	0	0	0	0	3
17	5	0	0.202909081	-63.1812558	-252.240799	-2876.42742	-50.6721306	2624.18662	0	0	0	0	0	3
18	5	0	0.214844909	-60.5583587	-241.591775	-2876.42742	-50.6721306	2634.83565	0	0	0	0	0	3
19	5	0	0.226780738	-61.4719556	-232.111784	-2876.42742	-50.6721306	2644.31564	0	0	0	0	0	3
20	5	0	0.238716566	-59.7752408	-223.494957	-2876.42742	-50.6721306	2652.93247	0	0	0	0	0	3
21	6	0	0.250652394	-59.9682736	-215.707972	-2876.42742	-50.6721306	2660.71945	0	0	0	0	0	3
22	6	0	0.262588222	-59.1134384	-208.590039	-2876.42742	-50.6721306	2667.83738	0	0	0	0	0	3
23	6	0	0.274524051	-58.769537	-202.076104	-2876.42742	-50.6721306	2674.35132	0	0	0	0	0	3
24	6	0	0.286459879	-58.1509751	-196.079224	-2876.42742	-50.6721306	2680.3482	0	0	0	0	0	3
25	6	0	0.298395707	-57.7869042	-190.547531	-2876.42742	-50.6721306	2685.87989	0	0	0	0	0	3
26	7	0	0.310331536	-57.265851	-185.421312	-2876.42742	-50.6721306	2691.00611	0	0	0	0	0	3
27	7	0	0.322267364	-56.7880053	-180.657116	-2876.42742	-50.6721306	2695.77031	0	0	0	0	0	3
28	7	0	0.334203192	-56.3967	-176.219244	-2876.42742	-50.6721306	2700.20818	0	0	0	0	0	3
29	7	0	0.34613902	-55.8605204	-172.068943	-2876.42742	-50.6721306	2704.35848	0	0	0	0	0	3
30	8	0	0.358074849	-55.4820885	-168.182715	-2876.42742	-50.6721306	2708.24471	0	0	0	0	0	3
31	8	0	0.370010677	-54.9558378	-164.530235	-2876.42742	-50.6721306	2711.89719	0	0	0	0	0	3
32	8	0	0.381946505	-54.1760958	-161.081668	-2876.42742	-50.6721306	2715.34576	0	0	0	0	0	3
33	8	0	0.393882334	-53.7292949	-157.828566	-2876.42742	-50.6721306	2718.59886	0	0	0	0	0	3
34	9	0	0.405818162	-53.4427136	-154.758394	-2876.42742	-50.6721306	2721.66903	0	0	0	0	0	3
35	9	0	0.41775399	-53.230705	-151.857602	-2876.42742	-50.6721306	2724.56982	0	0	0	0	0	3
36	9	0	0.429689818	-53.0172289	-149.112037	-2876.42742	-50.6721306	2727.31539	0	0	0	0	0	3
37	9	0	0.441625647	-52.2942496	-146.49534	-2876.42742	-50.6721306	2729.93208	0	0	0	0	0	3
38	10	0	0.453561475	-51.9782752	-144.008048	-2876.42742	-50.6721306	2732.41937	0	0	0	0	0	3
39	10	0	0.465497303	-51.7587949	-141.642683	-2876.42742	-50.6721306	2734.78474	0	0	0	0	0	3
40	10	0	0.477433132	-51.5596545	-139.390607	-2876.42742	-50.6721306	2737.03682	0	0	0	0	0	3
41	10	0	0.48936896	-51.4305082	-137.245239	-2876.42742	-50.6721306	2739.18218	0	0	0	0	0	3
42	11	0	0.501304788	-51.2853766	-135.198576	-2876.42742	-50.6721306	2741.22885	0	0	0	0	0	3
43	11	0	0.513240617	-51.2100434	-67.9314951	-316.554693	-50.6721306	265.882562	0	0	0	0	0	3
44	11	0	0.525176445	-50.9854499	-61.6084179	-138.13975	-50.6721306	87.467619	0	0	0	0	0	3
45	11	0	0.537112273	-50.9047138	-59.5313932	-98.24459	-50.6721306	47.5724594	0	0	0	0	0	3
46	12	0	0.549048101	-50.6317937	-59.5304328	-98.24459	-50.6317937	47.6127963	0	0	0	0	0	3
47	12	0	0.56098393	-50.573007	-58.3953951	-86.7918579	-50.573007	36.2188508	0	0	0	0	0	3
48	12	0	0.572919758	-50.4013458	-58.0583075	-86.7918579	-50.4013458	36.390512	0	0	0	0	0	3
49	12	0	0.584855586	-50.3444992	-57.1905132	-79.4819616	-50.3444992	29.1374624	0	0	0	0	0	3
50	13	0	0.596791415	-50.1809826	-56.8827383	-79.4819616	-50.1809826	29.3009789	0	0	0	0	0	3
51	13	0	0.608727243	-50.1075126	-56.1833467	-71.6595612	-50.1075126	21.5520486	0	0	0	0	0	3
52	13	0	0.620663071	-49.9776919	-55.925198	-71.6595612	-49.9776919	21.6818693	0	0	0	0	0	3
53	13	0	0.632598899	-50.0093188	-55.409716	-68.2158194	-49.9776919	18.2381276	0	0	0	0	0	3
54	14	0	0.644534728	-49.8707247	-55.1337635	-68.2158194	-49.8707247	18.3450948	0	0	0	0	0	3
55	14	0	0.656470556	-49.859118	-54.6966992	-65.9567906	-49.859118	16.0976725	0	0	0	0	0	3
56	14	0	0.668406384	-49.6869301	-54.41971	-65.9567906	-49.6869301	16.2698605	0	0	0	0	0	3
57	14	0	0.680342213	-49.727615	-54.033301	-63.1812558	-49.6869301	13.4943257	0	0	0	0	0	3
58	15	0	0.692278041	-49.5781567	-53.7494463	-63.1812558	-49.5781567	13.6030991	0	0	0	0	0	3
59	15	0	0.704213869	-49.633264	-53.426875	-61.4719556	-49.5781567	11.8937989	0	0	0	0	0	3
60	15	0	0.716149697	-49.5131466	-53.1638938	-61.4719556	-49.5131466	11.958809	0	0	0	0	0	3
61	15	0	0.728085526	-49.5005308	-52.8788599	-59.9682736	-49.5005308	10.4677428	0	0	0	0	0	3
62	15	0	0.740021354	-49.4825257	-52.6337952	-59.9682736	-49.4825257	10.4857479	0	0	0	0	0	3
63	16	0	0.751957182	-49.4915797	-52.3843501	-59.1134384	-49.4825257	9.63091263	0	0	0	0	0	3
64	16	0	0.763893011	-49.3722989	-52.1524182	-58.769537	-49.3722989	9.39723807	0	0	0	0	0	3
65	16	0	0.775828839	-49.418691	-51.929779	-58.1509751	-49.3722989	8.77867615	0	0	0	0	0	3
66	17	0	0.787764667	-49.4097513	-51.7216547	-57.7869042	-49.3722989	8.41460523	0	0	0	0	0	3
67	17	0	0.799700495	-49.4817815	-51.5239136	-57.265851	-49.3722989	7.89355203	0	0	0	0	0	3
68	17	0	0.811636324	-49.3786315	-51.3361227	-56.7880053	-49.3722989	7.41570631	0	0	0	0	0	3
69	17	0	0.823572152	-49.4022414	-51.1602712	-56.3967	-49.3722989	7.02440109	0	0	0	0	0	3
70	17	0	0.83550798	-49.300878	-50.991323	-55.8605204	-49.300878	6.55964241	0	0	0	0	0	3
71	18	0	0.847443809	-49.3782625	-50.8369836	-55.4820885	-49.300878	6.18121052	0	0	0	0	0	3
72	18	0	0.859379637	-49.297091	-50.6897217	-54.9558378	-49.297091	5.65874683	0	0	0	0	0	3
73	18	0	0.871315465	-49.3448567	-50.5561269	-54.1760958	-49.297091	4.87900479	0	0	0	0	0	3
74	18	0	0.883251294	-49.2872405	-50.4397256	-53.7292949	-49.2872405	4.44205434	0	0	0	0	0	3
75	19	0	0.895187122	-49.3689182	-50.3359071	-53.4427136	-49.2872405	4.15547308	0	0	0	0	0	3
76	19	0	0.90712295	-49.2926179	-50.2370953	-53.230705	-49.2872405	3.94346446	0	0	0	0	0	3
77	19	0	0.919058778	-49.2994803	-50.1434947	-53.0172289	-49.2872405	3.72998839	0	0	0	0	0	3
78	19	0	0.930994607	-49.2123374	-50.0529021	-52.2942496	-49.2123374	3.08191226	0	0	0	0	0	3
79	20	0	0.942930435	-49.2774064	-49.9810725	-51.9782752	-49.2123374	2.76593782	0	0	0	0	0	3
80	20	0	0.954866263	-49.2204659	-49.9154104	-51.7587949	-49.2123374	2.54645752	0	0	0	0	0	3
81	20	0	0.966802092	-49.1990642	-49.8544644	-51.5596545	-49.1990642	2.36059032	0	0	0	0	0	3
82	20	0	0.97873792	-49.1881242	-49.7979994	-51.4305082	-49.1881242	2.24238402	0	0	0	0	0	3
83	21	0	0.990673748	-49.2029159	-49.7449615	-51.2853766	-49.1881242	2.09725238	0	0	0	0	0	3
84	21	0	1.00260958	-49.1885193	-49.6950363	-51.2100434	-49.1881242	2.02191924	2.66854876	0	100	0	0	3
85	21	0	1.0145454	-49.1690812	-49.6464419	-50.9854499	-49.1690812	1.81636867	2.66912005	0	100	0	0	3
86	21	0	1.02648123	-49.1549009	-49.6028574	-50.9047138	-49.1549009	1.74981286	2.66933276	0	100	0	0	3
87	22	0	1.03841706	-49.1946072	-49.5621406	-50.6317937	-49.1549009	1.4768928	2.66854876	0	100	0	0	3
88	22	0	1.05035289	-49.1748499	-49.5274515	-50.573007	-49.1549009	1.4181061	2.66854876	0	100	0	0	3
89	22	0	1.06228872	-49.1711337	-49.4940736	-50.4013458	-49.1549009	1.24644493	2.66854876	0	100	0	0	3
