Iteration	CPUTime	PhysTime	Travels	Value	AvValue	MinValue	MaxValue	Delta	Criteria	PrevAvRefValue	Progress	CriteriaType	CriteriaVarType	CriteriaPercentage
1	6	0	0.0101222912	-1801.13311	-1801.13311	-1801.13311	-1801.13311	0	0	0	0	0	0	3
2	7	0	0.0202445824	-143.237505	-972.18531	-1801.13311	-143.237505	828.947805	0	0	0	0	0	3
3	7	0	0.0303668736	-62.9823951	-669.117672	-1801.13311	-62.9823951	1132.01544	0	0	0	0	0	3
4	8	0	0.0404891648	-41.3232811	-512.169074	-1801.13311	-41.3232811	1288.96404	0	0	0	0	0	3
5	9	0	0.050611456	-51.9412716	-420.123514	-1801.13311	-41.3232811	1381.0096	0	0	0	0	0	3
6	10	0	0.0607337472	-43.8816192	-357.416531	-1801.13311	-41.3232811	1443.71658	0	0	0	0	0	3
7	11	0	0.0708560384	-47.0193864	-313.074082	-1801.13311	-41.3232811	1488.05903	0	0	0	0	0	3
8	12	0	0.0809783296	-42.3959953	-279.239321	-1801.13311	-41.3232811	1521.89379	0	0	0	0	0	3
9	12	0	0.0911006208	-43.833616	-253.083132	-1801.13311	-41.3232811	1548.04998	0	0	0	0	0	3
10	13	0	0.101222912	-40.8943729	-231.864256	-1801.13311	-40.8943729	1569.26886	0	0	0	0	0	3
11	14	0	0.111345203	-40.5936837	-214.476022	-1801.13311	-40.5936837	1586.65709	0	0	0	0	0	3
12	15	0	0.121467494	-39.2240818	-199.871694	-1801.13311	-39.2240818	1601.26142	0	0	0	0	0	3
13	16	0	0.131589786	-39.812297	-187.559432	-1801.13311	-39.2240818	1613.57368	0	0	0	0	0	3
14	17	0	0.141712077	-39.0132718	-176.948992	-1801.13311	-39.0132718	1624.18412	0	0	0	0	0	3
15	18	0	0.151834368	-39.2807461	-167.771109	-1801.13311	-39.0132718	1633.36201	0	0	0	0	0	3
16	19	0	0.161956659	-39.0646778	-159.726957	-1801.13311	-39.0132718	1641.40616	0	0	0	0	0	3
17	20	0	0.17207895	-38.9988805	-152.625306	-1801.13311	-38.9988805	1648.50781	0	0	0	0	0	3
18	21	0	0.182201242	-38.7688224	-146.299945	-1801.13311	-38.7688224	1654.83317	0	0	0	0	0	3
19	21	0	0.192323533	-38.5789012	-140.630417	-1801.13311	-38.5789012	1660.5027	0	0	0	0	0	3
20	22	0	0.202445824	-38.2778999	-135.512791	-1801.13311	-38.2778999	1665.62032	0	0	0	0	0	3
21	23	0	0.212568115	-38.0835024	-130.873301	-1801.13311	-38.0835024	1670.25981	0	0	0	0	0	3
22	24	0	0.222690406	-37.7834622	-126.641945	-1801.13311	-37.7834622	1674.49117	0	0	0	0	0	3
23	25	0	0.232812698	-37.5041703	-122.766389	-1801.13311	-37.5041703	1678.36673	0	0	0	0	0	3
24	26	0	0.242934989	-37.2323334	-119.20247	-1801.13311	-37.2323334	1681.93064	0	0	0	0	0	3
25	27	0	0.25305728	-37.0398377	-115.915965	-1801.13311	-37.0398377	1685.21715	0	0	0	0	0	3
26	28	0	0.263179571	-36.953983	-112.878966	-1801.13311	-36.953983	1688.25415	0	0	0	0	0	3
27	29	0	0.273301862	-36.605265	-110.054014	-1801.13311	-36.605265	1691.0791	0	0	0	0	0	3
28	29	0	0.283424154	-36.4114511	-107.423922	-1801.13311	-36.4114511	1693.70919	0	0	0	0	0	3
29	30	0	0.293546445	-36.094107	-104.964274	-1801.13311	-36.094107	1696.16884	0	0	0	0	0	3
30	31	0	0.303668736	-36.0137263	-102.665922	-1801.13311	-36.0137263	1698.46719	0	0	0	0	0	3
31	32	0	0.313791027	-35.897775	-100.512111	-1801.13311	-35.897775	1700.621	0	0	0	0	0	3
32	33	0	0.323913318	-35.7631927	-98.488707	-1801.13311	-35.7631927	1702.64441	0	0	0	0	0	3
33	34	0	0.33403561	-35.668512	-96.5850648	-1801.13311	-35.668512	1704.54805	0	0	0	0	0	3
34	35	0	0.344157901	-35.6306068	-94.7922866	-1801.13311	-35.6306068	1706.34083	0	0	0	0	0	3
35	36	0	0.354280192	-35.5212178	-93.0988275	-1801.13311	-35.5212178	1708.03429	0	0	0	0	0	3
36	37	0	0.364402483	-35.3155028	-91.4937351	-1801.13311	-35.3155028	1709.63938	0	0	0	0	0	3
37	38	0	0.374524774	-35.3098789	-89.9752525	-1801.13311	-35.3098789	1711.15786	0	0	0	0	0	3
38	39	0	0.384647066	-35.2470324	-88.5350362	-1801.13311	-35.2470324	1712.59808	0	0	0	0	0	3
39	41	0	0.394769357	-35.1780206	-87.1669076	-1801.13311	-35.1780206	1713.96621	0	0	0	0	0	3
40	42	0	0.404891648	-35.1931314	-85.8675632	-1801.13311	-35.1780206	1715.26555	0	0	0	0	0	3
41	43	0	0.415013939	-35.1205415	-84.629831	-1801.13311	-35.1205415	1716.50328	0	0	0	0	0	3
42	44	0	0.42513623	-35.0913775	-83.450344	-1801.13311	-35.0913775	1717.68277	0	0	0	0	0	3
43	45	0	0.435258522	-34.9821948	-82.3231777	-1801.13311	-34.9821948	1718.80994	0	0	0	0	0	3
44	46	0	0.445380813	-34.8549694	-81.2443548	-1801.13311	-34.8549694	1719.88876	0	0	0	0	0	3
45	48	0	0.455503104	-34.5959565	-80.2077237	-1801.13311	-34.5959565	1720.92539	0	0	0	0	0	3
46	50	0	0.465625395	-34.567805	-79.2155516	-1801.13311	-34.567805	1721.91756	0	0	0	0	0	3
47	51	0	0.475747686	-34.5711139	-78.2656699	-1801.13311	-34.567805	1722.86745	0	0	0	0	0	3
48	52	0	0.485869978	-34.5685559	-77.3553134	-1801.13311	-34.567805	1723.7778	0	0	0	0	0	3
49	54	0	0.495992269	-34.5873394	-76.4824976	-1801.13311	-34.567805	1724.65062	0	0	0	0	0	3
50	55	0	0.50611456	-34.5612007	-75.6440717	-1801.13311	-34.5612007	1725.48904	0	0	0	0	0	3
51	56	0	0.516236851	-34.516411	-40.3117376	-143.237505	-34.516411	108.721094	0	0	0	0	0	3
52	57	0	0.526359143	-34.502718	-38.1370418	-62.9823951	-34.502718	28.479677	0	0	0	0	0	3
53	58	0	0.536481434	-34.3968295	-37.5653305	-51.9412716	-34.3968295	17.5444421	0	0	0	0	0	3
54	60	0	0.546603725	-34.4540106	-37.4279451	-51.9412716	-34.3968295	17.5444421	0	0	0	0	0	3
55	61	0	0.556726016	-34.4087884	-37.0772955	-47.0193864	-34.3968295	12.6225568	0	0	0	0	0	3
56	62	0	0.566848307	-34.4007383	-36.8876778	-47.0193864	-34.3968295	12.6225568	0	0	0	0	0	3
57	63	0	0.576970599	-34.3606964	-36.634504	-43.833616	-34.3606964	9.47291958	0	0	0	0	0	3
58	64	0	0.58709289	-34.2966172	-36.4725165	-43.833616	-34.2966172	9.53699883	0	0	0	0	0	3
59	65	0	0.597215181	-34.224045	-36.2803251	-40.8943729	-34.224045	6.6703279	0	0	0	0	0	3
60	66	0	0.607337472	-34.3940248	-36.1503181	-40.5936837	-34.224045	6.3696387	0	0	0	0	0	3
61	67	0	0.617459763	-34.3534465	-36.0255134	-39.812297	-34.224045	5.58825204	0	0	0	0	0	3
62	68	0	0.627582055	-34.4539731	-35.9301112	-39.812297	-34.224045	5.58825204	0	0	0	0	0	3
63	69	0	0.637704346	-34.4196658	-35.8222586	-39.2807461	-34.224045	5.05670113	0	0	0	0	0	3
64	70	0	0.647826637	-34.4684552	-35.7313622	-39.2807461	-34.224045	5.05670113	0	0	0	0	0	3
65	72	0	0.657948928	-34.5047449	-35.6358422	-39.0646778	-34.224045	4.84063284	0	0	0	0	0	3
66	73	0	0.668071219	-34.4921783	-35.5443922	-38.9988805	-34.224045	4.77483554	0	0	0	0	0	3
67	74	0	0.678193511	-34.4318252	-35.4530511	-38.7688224	-34.224045	4.54477744	0	0	0	0	0	3
68	75	0	0.688315802	-34.4673266	-35.3670212	-38.5789012	-34.224045	4.35485629	0	0	0	0	0	3
69	76	0	0.698438093	-34.4443358	-35.2843299	-38.2778999	-34.224045	4.05385494	0	0	0	0	0	3
70	78	0	0.708560384	-34.484473	-35.2084613	-38.0835024	-34.224045	3.85945744	0	0	0	0	0	3
71	79	0	0.718682675	-34.298042	-35.1327521	-37.7834622	-34.224045	3.55941728	0	0	0	0	0	3
72	80	0	0.728804967	-34.6692603	-35.0704681	-37.5041703	-34.224045	3.28012531	0	0	0	0	0	3
73	81	0	0.738927258	-34.7050507	-35.0144857	-37.2323334	-34.224045	3.00828848	0	0	0	0	0	3
74	83	0	0.749049549	-34.7171769	-34.9641826	-37.0398377	-34.224045	2.8157927	0	0	0	0	0	3
75	84	0	0.75917184	-34.7297502	-34.9179808	-36.953983	-34.224045	2.72993804	0	0	0	0	0	3
76	85	0	0.769294131	-34.7079952	-34.8730611	-36.605265	-34.224045	2.38122002	0	0	0	0	0	3
77	86	0	0.779416423	-34.6038939	-34.8330336	-36.4114511	-34.224045	2.18740619	0	0	0	0	0	3
78	88	0	0.789538714	-34.4510279	-34.7938252	-36.094107	-34.224045	1.87006204	0	0	0	0	0	3
79	89	0	0.799661005	-34.4120401	-34.7601838	-36.0137263	-34.224045	1.7896814	0	0	0	0	0	3
80	91	0	0.809783296	-34.3930642	-34.7277706	-35.897775	-34.224045	1.67373006	0	0	0	0	0	3
81	92	0	0.819905587	-34.3181545	-34.6961782	-35.7631927	-34.224045	1.53914775	0	0	0	0	0	3
82	94	0	0.830027879	-34.248298	-34.6658803	-35.668512	-34.224045	1.44446708	0	0	0	0	0	3
83	95	0	0.84015017	-34.1466908	-34.6354439	-35.6306068	-34.1466908	1.48391594	0	0	0	0	0	3
84	96	0	0.850272461	-34.2734148	-34.6083	-35.5212178	-34.1466908	1.37452697	0	0	0	0	0	3
85	97	0	0.860394752	-34.1366776	-34.5806092	-35.3155028	-34.1366776	1.17882517	0	0	0	0	0	3
86	98	0	0.870517043	-34.2811386	-34.5599219	-35.3098789	-34.1366776	1.17320124	0	0	0	0	0	3
87	99	0	0.880639335	-34.1331355	-34.5363871	-35.2470324	-34.1331355	1.11389686	0	0	0	0	0	3
88	100	0	0.890761626	-34.4262401	-34.5199712	-35.1931314	-34.1331355	1.05999589	0	0	0	0	0	3
89	101	0	0.900883917	-34.4042243	-34.5044953	-35.1931314	-34.1331355	1.05999589	0	0	0	0	0	3
90	102	0	0.911006208	-34.5379611	-34.4913919	-35.1205415	-34.1331355	0.987405937	0	0	0	0	0	3
91	103	0	0.921128499	-34.4542015	-34.4780651	-35.0913775	-34.1331355	0.958241981	0	0	0	0	0	3
92	104	0	0.931250791	-34.4100315	-34.4644382	-34.9821948	-34.1331355	0.849059256	0	0	0	0	0	3
93	105	0	0.941373082	-34.3746485	-34.4522873	-34.8549694	-34.1331355	0.721833905	0	0	0	0	0	3
94	106	0	0.951495373	-34.4734257	-34.4446564	-34.7297502	-34.1331355	0.596614705	0	0	0	0	0	3
95	107	0	0.961617664	-34.5107033	-34.4429513	-34.7297502	-34.1331355	0.596614705	0	0	0	0	0	3
96	108	0	0.971739955	-34.5416795	-34.4424288	-34.7297502	-34.1331355	0.596614705	0	0	0	0	0	3
97	109	0	0.981862247	-34.4088482	-34.4391835	-34.7297502	-34.1331355	0.596614705	0	0	0	0	0	3
98	111	0	0.991984538	-34.4507888	-34.4368282	-34.7297502	-34.1331355	0.596614705	0	0	0	0	0	3
99	112	0	1.00210683	-34.3646507	-34.4323744	-34.7297502	-34.1331355	0.596614705	0.865477786	0	100	0	0	3
100	113	0	1.01222912	-34.5839544	-34.4328295	-34.7297502	-34.1331355	0.596614705	0.865477786	0	100	0	0	3
101	115	0	1.02235141	-34.6320224	-34.4351417	-34.7297502	-34.1331355	0.596614705	0.865477786	0	100	0	0	3
102	116	0	1.0324737	-34.5966063	-34.4370194	-34.7297502	-34.1331355	0.596614705	0.865477786	0	100	0	0	3
103	117	0	1.04259599	-34.5550783	-34.4401844	-34.7297502	-34.1331355	0.596614705	0.865477786	0	100	0	0	3
104	118	0	1.05271829	-34.4020483	-34.4391452	-34.7297502	-34.1331355	0.596614705	0.865477786	0	100	0	0	3
105	119	0	1.06284058	-34.2504417	-34.4359782	-34.7297502	-34.1331355	0.596614705	0.865477786	0	100	0	0	3
106	120	0	1.07296287	-34.2381402	-34.4327263	-34.7297502	-34.1331355	0.596614705	0.865477786	0	100	0	0	3
107	121	0	1.08308516	-34.2317202	-34.4301468	-34.7297502	-34.1331355	0.596614705	0.865477786	0	100	0	0	3
108	122	0	1.09320745	-34.2468666	-34.4291517	-34.7297502	-34.1331355	0.596614705	0.865477786	0	100	0	0	3
109	122	0	1.10332974	-34.2162127	-34.4289951	-34.7297502	-34.1331355	0.596614705	0.865477786	0	100	0	0	3
110	123	0	1.11345203	-34.2423592	-34.4259618	-34.7297502	-34.1331355	0.596614705	0.865477786	0	100	0	0	3
111	124	0	1.12357432	-34.2031576	-34.422956	-34.7297502	-34.1331355	0.596614705	0.865477786	0	100	0	0	3
112	125	0	1.13369661	-34.2508262	-34.4188931	-34.7297502	-34.1331355	0.596614705	0.865477786	0	100	0	0	3
113	126	0	1.14381891	-34.5082958	-34.4206657	-34.7297502	-34.1331355	0.596614705	0.865477786	0	100	0	0	3
114	127	0	1.1539412	-34.5888414	-34.4230734	-34.7297502	-34.1331355	0.596614705	0.865477786	0	100	0	0	3
115	128	0	1.16406349	-34.567749	-34.4243335	-34.7297502	-34.1331355	0.596614705	0.865477786	0	100	0	0	3
116	129	0	1.17418578	-34.7579654	-34.4296492	-34.7579654	-34.1331355	0.624829828	0.865477786	0	100	0	0	3
117	130	0	1.18430807	-34.6123172	-34.4332591	-34.7579654	-34.1331355	0.624829828	0.865477786	0	100	0	0	3
118	130	0	1.19443036	-34.6046114	-34.4360048	-34.7579654	-34.1331355	0.624829828	0.865477786	0	100	0	0	3
119	131	0	1.20455265	-34.4847562	-34.4368132	-34.7579654	-34.1331355	0.624829828	0.865477786	0	100	0	0	3
120	132	0	1.21467494	-34.5402271	-34.4379282	-34.7579654	-34.1331355	0.624829828	0.865477786	0	100	0	0	3
121	133	0	1.22479724	-34.4591234	-34.4411499	-34.7579654	-34.1331355	0.624829828	0.865477786	0	100	0	0	3
122	134	0	1.23491953	-34.4513792	-34.4367922	-34.7579654	-34.1331355	0.595592632	0.865477786	0	100	0	0	3
123	135	0	1.24504182	-34.3263904	-34.429219	-34.7579654	-34.1331355	0.545289502	0.865477786	0	100	0	0	3
124	136	0	1.25516411	-34.4024092	-34.4229237	-34.7579654	-34.1331355	0.499087754	0.865477786	0	100	0	0	3
125	137	0	1.2652864	-34.2964899	-34.4142585	-34.7579654	-34.1331355	0.458802589	0.865477786	0	100	0	0	3
126	137	0	1.27540869	-34.263917	-34.4053769	-34.7579654	-34.1331355	0.427656732	0.865477786	0	100	0	0	3
127	139	0	1.28553098	-34.2895256	-34.3990895	-34.7579654	-34.1331355	0.394735634	0.865477786	0	100	0	0	3
