Iteration	CPUTime	PhysTime	Travels	Value	AvValue	MinValue	MaxValue	Delta	Criteria	PrevAvRefValue	Progress	CriteriaType	CriteriaVarType	CriteriaPercentage
1	4	0	0.011905887	608.364337	608.364337	608.364337	608.364337	0	0	0	0	0	0	3
2	5	0	0.0238117739	98.8066576	353.585497	98.8066576	608.364337	254.77884	0	0	0	0	0	3
3	6	0	0.0357176609	46.9392146	251.37007	46.9392146	608.364337	356.994267	0	0	0	0	0	3
4	7	0	0.0476235478	23.1493027	194.314878	23.1493027	608.364337	414.049459	0	0	0	0	0	3
5	8	0	0.0595294348	25.5158025	160.555063	23.1493027	608.364337	447.809274	0	0	0	0	0	3
6	9	0	0.0714353217	19.5712682	137.057764	19.5712682	608.364337	471.306573	0	0	0	0	0	3
7	10	0	0.0833412087	25.2452029	121.084541	19.5712682	608.364337	487.279796	0	0	0	0	0	3
8	10	0	0.0952470956	19.7801234	108.421489	19.5712682	608.364337	499.942848	0	0	0	0	0	3
9	11	0	0.107152983	22.581684	98.8837326	19.5712682	608.364337	509.480605	0	0	0	0	0	3
10	12	0	0.11905887	17.1270441	90.7080637	17.1270441	608.364337	517.656273	0	0	0	0	0	3
11	13	0	0.130964756	16.8796942	83.9963937	16.8796942	608.364337	524.367943	0	0	0	0	0	3
12	14	0	0.142870643	14.5546652	78.209583	14.5546652	608.364337	530.154754	0	0	0	0	0	3
13	15	0	0.15477653	15.853883	73.4129907	14.5546652	608.364337	534.951346	0	0	0	0	0	3
14	16	0	0.166682417	14.4728496	69.2029806	14.4728496	608.364337	539.161356	0	0	0	0	0	3
15	16	0	0.178588304	15.7704048	65.6408089	14.4728496	608.364337	542.723528	0	0	0	0	0	3
16	17	0	0.190494191	14.4068889	62.4386889	14.4068889	608.364337	545.925648	0	0	0	0	0	3
17	18	0	0.202400078	14.180019	59.5999436	14.180019	608.364337	548.764393	0	0	0	0	0	3
18	19	0	0.214305965	12.9630805	57.0090068	12.9630805	608.364337	551.35533	0	0	0	0	0	3
19	20	0	0.226211852	12.3478432	54.6584192	12.3478432	608.364337	553.705918	0	0	0	0	0	3
20	20	0	0.238117739	12.8603176	52.5685142	12.3478432	608.364337	555.795823	0	0	0	0	0	3
21	21	0	0.250023626	11.9133404	50.6325535	11.9133404	608.364337	557.731784	0	0	0	0	0	3
22	22	0	0.261929513	11.3471996	48.8468556	11.3471996	608.364337	559.517481	0	0	0	0	0	3
23	23	0	0.2738354	10.2314033	47.1679229	10.2314033	608.364337	561.196414	0	0	0	0	0	3
24	24	0	0.285741287	9.48456409	45.5977829	9.48456409	608.364337	562.766554	0	0	0	0	0	3
25	24	0	0.297647174	8.2932928	44.1056033	8.2932928	608.364337	564.258734	0	0	0	0	0	3
26	25	0	0.309553061	8.8358429	42.7490741	8.2932928	608.364337	565.615263	0	0	0	0	0	3
27	26	0	0.321458948	8.49733723	41.4804912	8.2932928	608.364337	566.883846	0	0	0	0	0	3
28	27	0	0.333364835	8.45931331	40.3011635	8.2932928	608.364337	568.063174	0	0	0	0	0	3
29	28	0	0.345270722	8.24829002	39.195892	8.24829002	608.364337	569.168445	0	0	0	0	0	3
30	29	0	0.357176609	7.59565972	38.1425509	7.59565972	608.364337	570.221786	0	0	0	0	0	3
31	29	0	0.369082495	7.8300561	37.1647285	7.59565972	608.364337	571.199609	0	0	0	0	0	3
32	30	0	0.380988382	7.07201567	36.2243312	7.07201567	608.364337	572.140006	0	0	0	0	0	3
33	31	0	0.392894269	6.80959909	35.3329757	6.80959909	608.364337	573.031361	0	0	0	0	0	3
34	32	0	0.404800156	6.25289667	34.4776792	6.25289667	608.364337	573.886658	0	0	0	0	0	3
35	33	0	0.416706043	6.42600373	33.6762028	6.25289667	608.364337	574.688134	0	0	0	0	0	3
36	34	0	0.42861193	6.32939373	32.9165692	6.25289667	608.364337	575.447768	0	0	0	0	0	3
37	34	0	0.440517817	6.04296075	32.1902555	6.04296075	608.364337	576.174082	0	0	0	0	0	3
38	35	0	0.452423704	5.66460487	31.492212	5.66460487	608.364337	576.872125	0	0	0	0	0	3
39	36	0	0.464329591	5.45992049	30.8247174	5.45992049	608.364337	577.53962	0	0	0	0	0	3
40	37	0	0.476235478	5.34656725	30.1877636	5.34656725	608.364337	578.176573	0	0	0	0	0	3
41	38	0	0.488141365	4.56301749	29.5627698	4.56301749	608.364337	578.801567	0	0	0	0	0	3
42	39	0	0.500047252	4.59584099	28.9683191	4.56301749	608.364337	579.396018	0	0	0	0	0	3
43	40	0	0.511953139	4.56038846	14.5920346	4.56038846	98.8066576	94.2462692	0	0	0	0	0	3
44	41	0	0.523859026	4.79600638	12.3536858	4.56038846	46.9392146	42.3788261	0	0	0	0	0	3
45	42	0	0.535764913	4.62435769	11.3461892	4.56038846	25.5158025	20.955414	0	0	0	0	0	3
46	42	0	0.5476708	5.42756544	10.9242431	4.56038846	25.5158025	20.955414	0	0	0	0	0	3
47	43	0	0.559576687	5.07930276	10.4376598	4.56038846	25.2452029	20.6848144	0	0	0	0	0	3
48	44	0	0.571482574	5.44036101	10.1012096	4.56038846	25.2452029	20.6848144	0	0	0	0	0	3
49	45	0	0.583388461	5.2276099	9.62460022	4.56038846	22.581684	18.0212955	0	0	0	0	0	3
50	46	0	0.595294348	5.23765891	9.27835107	4.56038846	22.581684	18.0212955	0	0	0	0	0	3
51	47	0	0.607200234	4.75434739	8.85389067	4.56038846	17.1270441	12.5666556	0	0	0	0	0	3
52	48	0	0.619106121	4.80493852	8.56050721	4.56038846	16.8796942	12.3193057	0	0	0	0	0	3
53	49	0	0.631012008	4.32522073	8.26159117	4.32522073	15.853883	11.5286623	0	0	0	0	0	3
54	50	0	0.642917895	4.77936196	8.02884586	4.32522073	15.853883	11.5286623	0	0	0	0	0	3
55	50	0	0.654823782	4.23174166	7.75212821	4.23174166	15.7704048	11.5386631	0	0	0	0	0	3
56	51	0	0.666729669	4.37850881	7.51178676	4.23174166	15.7704048	11.5386631	0	0	0	0	0	3
57	52	0	0.678635556	4.01207554	7.23182654	4.01207554	14.4068889	10.3948134	0	0	0	0	0	3
58	53	0	0.690541443	4.11950884	6.98688892	4.01207554	14.180019	10.1679435	0	0	0	0	0	3
59	54	0	0.70244733	4.02201706	6.74503173	4.01207554	12.9630805	8.95100501	0	0	0	0	0	3
60	55	0	0.714353217	4.38156274	6.54070988	4.01207554	12.8603176	8.84824209	0	0	0	0	0	3
61	56	0	0.726259104	4.50211357	6.35390679	4.01207554	12.8603176	8.84824209	0	0	0	0	0	3
62	57	0	0.738164991	4.55031347	6.15604955	4.01207554	11.9133404	7.90126489	0	0	0	0	0	3
63	58	0	0.750070878	4.58981955	5.98168	4.01207554	11.3471996	7.33512407	0	0	0	0	0	3
64	58	0	0.761976765	4.45963759	5.81769043	4.01207554	10.2314033	6.21932776	0	0	0	0	0	3
65	59	0	0.773882652	4.47495494	5.68063214	4.01207554	9.48456409	5.47248854	0	0	0	0	0	3
66	60	0	0.785788539	4.54268629	5.56296838	4.01207554	8.8358429	4.82376736	0	0	0	0	0	3
67	61	0	0.797694426	4.52969605	5.47335893	4.01207554	8.8358429	4.82376736	0	0	0	0	0	3
68	62	0	0.809600313	4.38330286	5.36734608	4.01207554	8.49733723	4.48526169	0	0	0	0	0	3
69	63	0	0.8215062	4.14652754	5.26375537	4.01207554	8.45931331	4.44723777	0	0	0	0	0	3
70	64	0	0.833412087	4.06441601	5.15911496	4.01207554	8.24829002	4.23621448	0	0	0	0	0	3
71	65	0	0.845317973	4.08664071	5.06002807	4.01207554	7.8300561	3.81798055	0	0	0	0	0	3
72	66	0	0.85722386	4.25415292	4.98046838	4.01207554	7.8300561	3.81798055	0	0	0	0	0	3
73	67	0	0.869129747	4.37605732	4.89823032	4.01207554	7.07201567	3.05994013	0	0	0	0	0	3
74	67	0	0.881035634	4.41135865	4.83488134	4.01207554	6.80959909	2.79752355	0	0	0	0	0	3
75	68	0	0.892941521	4.56016303	4.78132334	4.01207554	6.42600373	2.41392819	0	0	0	0	0	3
76	69	0	0.904847408	4.62759199	4.74262561	4.01207554	6.42600373	2.41392819	0	0	0	0	0	3
77	70	0	0.916753295	4.61241237	4.69944486	4.01207554	6.32939373	2.31731818	0	0	0	0	0	3
78	71	0	0.928659182	4.33938833	4.65206378	4.01207554	6.04296075	2.0308852	0	0	0	0	0	3
79	72	0	0.940565069	4.33774483	4.6114634	4.01207554	5.66460487	1.65252933	0	0	0	0	0	3
80	73	0	0.952470956	4.18689668	4.57627987	4.01207554	5.45992049	1.44784495	0	0	0	0	0	3
81	74	0	0.964376843	4.14841648	4.54505359	4.01207554	5.44036101	1.42828547	0	0	0	0	0	3
82	74	0	0.97628273	3.94682516	4.5117264	3.94682516	5.44036101	1.49353585	0	0	0	0	0	3
83	75	0	0.988188617	3.95353282	4.49721486	3.94682516	5.44036101	1.49353585	0	0	0	0	0	3
84	76	0	1.0000945	3.92164994	4.48116269	3.92164994	5.44036101	1.51871107	1.29052694	0	84.9	0	0	3
85	77	0	1.01200039	3.99237449	4.46763855	3.92164994	5.44036101	1.51871107	1.29052694	0	84.9	0	0	3
86	78	0	1.02390628	4.21408225	4.45378321	3.92164994	5.44036101	1.51871107	1.29052694	0	84.9	0	0	3
87	79	0	1.03581216	4.37105	4.44775207	3.92164994	5.44036101	1.51871107	1.29052694	0	84.9	0	0	3
88	80	0	1.04771805	4.54412795	4.42671785	3.92164994	5.44036101	1.51871107	1.29052694	0	84.9	0	0	3
89	81	0	1.05962394	4.4976572	4.41286914	3.92164994	5.44036101	1.51871107	1.29052694	0	84.9	0	0	3
90	82	0	1.07152983	4.20401488	4.38343233	3.92164994	5.23765891	1.31600897	1.29052694	0	98	0	0	3
91	83	0	1.08343571	4.30497943	4.36146494	3.92164994	5.23765891	1.31600897	1.29052694	0	98	0	0	3
92	84	0	1.0953416	4.28576385	4.33880077	3.92164994	4.80493852	0.883288579	1.29052694	0	100	0	0	3
93	85	0	1.10724749	4.18898799	4.32533983	3.92164994	4.80493852	0.883288579	1.29052694	0	100	0	0	3
94	85	0	1.11915337	4.17456569	4.31033096	3.92164994	4.77936196	0.857712026	1.29052694	0	100	0	0	3
95	86	0	1.13105926	4.03374929	4.30339116	3.92164994	4.77936196	0.857712026	1.29052694	0	100	0	0	3
96	87	0	1.14296515	3.99653166	4.28475234	3.92164994	4.62759199	0.705942053	1.29052694	0	100	0	0	3
97	88	0	1.15487103	3.90176477	4.27689575	3.90176477	4.62759199	0.725827227	1.29052694	0	100	0	0	3
98	89	0	1.16677692	3.89516969	4.26538768	3.89516969	4.62759199	0.732422307	1.29052694	0	100	0	0	3
99	90	0	1.17868281	3.8770832	4.26217357	3.8770832	4.62759199	0.750508789	1.29052694	0	100	0	0	3
100	91	0	1.1905887	4.15449581	4.2630066	3.8770832	4.62759199	0.750508789	1.29052694	0	100	0	0	3
101	92	0	1.20249458	4.28709067	4.26931787	3.8770832	4.62759199	0.750508789	1.29052694	0	100	0	0	3
102	93	0	1.21440047	4.68530017	4.27654972	3.8770832	4.68530017	0.80821697	1.29052694	0	100	0	0	3
