Iteration	CPUTime	PhysTime	Travels	Value	AvValue	MinValue	MaxValue	Delta	Criteria	PrevAvRefValue	Progress	CriteriaType	CriteriaVarType	CriteriaPercentage
1	4	0	0.0120085257	-2591.3246	-2591.3246	-2591.3246	-2591.3246	0	0	0	0	0	0	3
2	5	0	0.0240170514	-293.699536	-1442.51207	-2591.3246	-293.699536	1148.81253	0	0	0	0	0	3
3	5	0	0.036025577	-92.137566	-992.387235	-2591.3246	-92.137566	1598.93737	0	0	0	0	0	3
4	6	0	0.0480341027	-51.3668411	-757.132137	-2591.3246	-51.3668411	1834.19247	0	0	0	0	0	3
5	7	0	0.0600426284	-67.0660331	-619.118916	-2591.3246	-51.3668411	1972.20569	0	0	0	0	0	3
6	8	0	0.0720511541	-61.5870784	-526.196943	-2591.3246	-51.3668411	2065.12766	0	0	0	0	0	3
7	9	0	0.0840596798	-66.4388738	-460.517219	-2591.3246	-51.3668411	2130.80739	0	0	0	0	0	3
8	9	0	0.0960682054	-60.4660257	-410.51082	-2591.3246	-51.3668411	2180.81378	0	0	0	0	0	3
9	10	0	0.108076731	-62.5377494	-371.847145	-2591.3246	-51.3668411	2219.47746	0	0	0	0	0	3
10	11	0	0.120085257	-57.2303823	-340.385469	-2591.3246	-51.3668411	2250.93914	0	0	0	0	0	3
11	12	0	0.132093782	-57.6868504	-314.685595	-2591.3246	-51.3668411	2276.63901	0	0	0	0	0	3
12	13	0	0.144102308	-53.7178867	-292.938286	-2591.3246	-51.3668411	2298.38632	0	0	0	0	0	3
13	14	0	0.156110834	-55.1156988	-274.64424	-2591.3246	-51.3668411	2316.68036	0	0	0	0	0	3
14	15	0	0.16811936	-51.6375863	-258.715194	-2591.3246	-51.3668411	2332.60941	0	0	0	0	0	3
15	16	0	0.180127885	-53.6830178	-245.046382	-2591.3246	-51.3668411	2346.27822	0	0	0	0	0	3
16	17	0	0.192136411	-50.4915563	-232.886705	-2591.3246	-50.4915563	2358.4379	0	0	0	0	0	3
17	17	0	0.204144937	-51.8375069	-222.236753	-2591.3246	-50.4915563	2369.08785	0	0	0	0	0	3
18	18	0	0.216153462	-49.6650846	-212.649438	-2591.3246	-49.6650846	2378.67517	0	0	0	0	0	3
19	19	0	0.228161988	-50.815859	-204.131881	-2591.3246	-49.6650846	2387.19272	0	0	0	0	0	3
20	20	0	0.240170514	-49.2252668	-196.38655	-2591.3246	-49.2252668	2394.93805	0	0	0	0	0	3
21	21	0	0.252179039	-49.5979262	-189.396616	-2591.3246	-49.2252668	2401.92799	0	0	0	0	0	3
22	22	0	0.264187565	-48.6876043	-183.000752	-2591.3246	-48.6876043	2408.32385	0	0	0	0	0	3
23	23	0	0.276196091	-48.2926573	-177.143878	-2591.3246	-48.2926573	2414.18073	0	0	0	0	0	3
24	23	0	0.288204616	-47.7555012	-171.752696	-2591.3246	-47.7555012	2419.57191	0	0	0	0	0	3
25	24	0	0.300213142	-47.3898723	-166.778183	-2591.3246	-47.3898723	2424.54642	0	0	0	0	0	3
26	25	0	0.312221668	-47.2192063	-162.17976	-2591.3246	-47.2192063	2429.14484	0	0	0	0	0	3
27	26	0	0.324230193	-46.8992781	-157.910113	-2591.3246	-46.8992781	2433.41449	0	0	0	0	0	3
28	27	0	0.336238719	-46.5152578	-153.931725	-2591.3246	-46.5152578	2437.39288	0	0	0	0	0	3
29	28	0	0.348247245	-45.9606204	-150.208584	-2591.3246	-45.9606204	2441.11602	0	0	0	0	0	3
30	29	0	0.36025577	-45.640408	-146.722978	-2591.3246	-45.640408	2444.60163	0	0	0	0	0	3
31	30	0	0.372264296	-45.4150799	-143.454981	-2591.3246	-45.4150799	2447.86962	0	0	0	0	0	3
32	31	0	0.384272822	-45.015996	-140.378763	-2591.3246	-45.015996	2450.94584	0	0	0	0	0	3
33	32	0	0.396281347	-44.7972114	-137.482352	-2591.3246	-44.7972114	2453.84225	0	0	0	0	0	3
34	32	0	0.408289873	-44.5783649	-134.749882	-2591.3246	-44.5783649	2456.57472	0	0	0	0	0	3
35	33	0	0.420298399	-43.7705766	-132.150473	-2591.3246	-43.7705766	2459.17413	0	0	0	0	0	3
36	34	0	0.432306925	-43.6369752	-129.691765	-2591.3246	-43.6369752	2461.63284	0	0	0	0	0	3
37	35	0	0.44431545	-43.4667546	-127.361359	-2591.3246	-43.4667546	2463.96324	0	0	0	0	0	3
38	36	0	0.456323976	-43.2989543	-125.149191	-2591.3246	-43.2989543	2466.17541	0	0	0	0	0	3
39	37	0	0.468332502	-43.1503698	-123.046657	-2591.3246	-43.1503698	2468.27795	0	0	0	0	0	3
40	38	0	0.480341027	-42.9618286	-121.044536	-2591.3246	-42.9618286	2470.28007	0	0	0	0	0	3
41	39	0	0.492349553	-42.7961122	-119.136038	-2591.3246	-42.7961122	2472.18857	0	0	0	0	0	3
42	40	0	0.504358079	-42.6155978	-117.314123	-2591.3246	-42.6155978	2474.01048	0	0	0	0	0	3
43	41	0	0.516366604	-42.4749291	-56.6272257	-293.699536	-42.4749291	251.224607	0	0	0	0	0	3
44	42	0	0.52837513	-42.3248289	-50.6421137	-92.137566	-42.3248289	49.8127371	0	0	0	0	0	3
45	43	0	0.540383656	-42.2020591	-49.453173	-67.0660331	-42.2020591	24.8639739	0	0	0	0	0	3
46	44	0	0.552392181	-42.1007211	-49.2325511	-67.0660331	-42.1007211	24.9653119	0	0	0	0	0	3
47	45	0	0.564400707	-42.0132897	-48.6360572	-66.4388738	-42.0132897	24.425584	0	0	0	0	0	3
48	46	0	0.576409233	-41.9619426	-48.1687921	-66.4388738	-41.9619426	24.4769312	0	0	0	0	0	3
49	47	0	0.588417758	-41.8825143	-47.5841169	-62.5377494	-41.8825143	20.6552351	0	0	0	0	0	3
50	48	0	0.600426284	-41.8736952	-47.1414423	-62.5377494	-41.8736952	20.6640542	0	0	0	0	0	3
51	49	0	0.61243481	-41.8660669	-46.6492594	-57.6868504	-41.8660669	15.8207835	0	0	0	0	0	3
52	50	0	0.624443335	-41.8188093	-46.2823172	-57.6868504	-41.8188093	15.868041	0	0	0	0	0	3
53	51	0	0.636451861	-41.7721619	-45.9033961	-55.1156988	-41.7721619	13.3435369	0	0	0	0	0	3
54	52	0	0.648460387	-41.7255792	-45.6178649	-55.1156988	-41.7255792	13.3901195	0	0	0	0	0	3
55	53	0	0.660468912	-41.6430718	-45.2970881	-53.6830178	-41.6430718	12.039946	0	0	0	0	0	3
56	54	0	0.672477438	-41.5994208	-45.0580842	-53.6830178	-41.5994208	12.083597	0	0	0	0	0	3
57	55	0	0.684485964	-41.4987919	-44.7679835	-51.8375069	-41.4987919	10.338715	0	0	0	0	0	3
58	56	0	0.696494489	-41.427705	-44.5521776	-51.8375069	-41.427705	10.4098019	0	0	0	0	0	3
59	57	0	0.708503015	-41.3282122	-44.3019563	-50.815859	-41.3282122	9.48764678	0	0	0	0	0	3
60	58	0	0.720511541	-41.2917529	-44.1025912	-50.815859	-41.2917529	9.52410613	0	0	0	0	0	3
61	59	0	0.732520067	-41.2176498	-43.8740624	-49.5979262	-41.2176498	8.38027644	0	0	0	0	0	3
62	60	0	0.744528592	-41.2396146	-43.6839278	-49.5979262	-41.2176498	8.38027644	0	0	0	0	0	3
63	61	0	0.756537118	-41.2370401	-43.4848591	-48.6876043	-41.2176498	7.4699545	0	0	0	0	0	3
64	62	0	0.768545644	-41.2520174	-43.3078213	-48.2926573	-41.2176498	7.07500748	0	0	0	0	0	3
65	63	0	0.780554169	-41.201206	-43.1389773	-47.7555012	-41.201206	6.55429521	0	0	0	0	0	3
66	63	0	0.792562695	-41.2065563	-42.98305	-47.3898723	-41.201206	6.18866625	0	0	0	0	0	3
67	64	0	0.804571221	-41.0971142	-42.8332224	-47.2192063	-41.0971142	6.12209212	0	0	0	0	0	3
68	65	0	0.816579746	-41.0282057	-42.6858177	-46.8992781	-41.0282057	5.87107238	0	0	0	0	0	3
69	66	0	0.828588272	-40.9933426	-42.5452001	-46.5152578	-40.9933426	5.5219152	0	0	0	0	0	3
70	67	0	0.840596798	-40.9298509	-42.4122143	-45.9606204	-40.9298509	5.03076954	0	0	0	0	0	3
71	68	0	0.852605323	-40.890896	-42.2915065	-45.640408	-40.890896	4.74951198	0	0	0	0	0	3
72	69	0	0.864613849	-40.9117699	-42.1789199	-45.4150799	-40.890896	4.52418391	0	0	0	0	0	3
73	70	0	0.876622375	-40.9509658	-42.0726315	-45.015996	-40.890896	4.12510001	0	0	0	0	0	3
74	71	0	0.8886309	-40.9898456	-41.9767708	-44.7972114	-40.890896	3.90631537	0	0	0	0	0	3
75	72	0	0.900639426	-41.0364375	-41.8872285	-44.5783649	-40.890896	3.68746891	0	0	0	0	0	3
76	72	0	0.912647952	-41.0716701	-41.8037358	-43.7705766	-40.890896	2.87968056	0	0	0	0	0	3
77	73	0	0.924656477	-41.1024502	-41.740209	-43.6369752	-40.890896	2.74607917	0	0	0	0	0	3
78	74	0	0.936665003	-41.1292014	-41.6805001	-43.4667546	-40.890896	2.57585858	0	0	0	0	0	3
79	75	0	0.948673529	-41.0952382	-41.6240354	-43.2989543	-40.890896	2.40805826	0	0	0	0	0	3
80	76	0	0.960682054	-41.0500139	-41.5704892	-43.1503698	-40.890896	2.25947386	0	0	0	0	0	3
81	77	0	0.97269058	-40.9947468	-41.5191648	-42.9618286	-40.890896	2.07093264	0	0	0	0	0	3
82	78	0	0.984699106	-40.9485021	-41.4712285	-42.7961122	-40.890896	1.90521623	0	0	0	0	0	3
83	79	0	0.996707632	-40.8951538	-41.4259676	-42.6155978	-40.890896	1.72470184	0	0	0	0	0	3
84	80	0	1.00871616	-40.9087506	-41.3853284	-42.4749291	-40.890896	1.58403315	1.5374001	0	97	0	0	3
85	81	0	1.02072468	-40.865269	-41.3470031	-42.3248289	-40.865269	1.45955993	1.53816891	0	100	0	0	3
86	81	0	1.03273321	-40.9358636	-41.3139325	-42.2020591	-40.865269	1.33679011	1.53816891	0	100	0	0	3
87	82	0	1.04474173	-40.9494509	-41.2841085	-42.1007211	-40.865269	1.23545211	1.5374001	0	100	0	0	3
88	83	0	1.05675026	-41.004618	-41.2580108	-42.0132897	-40.865269	1.1480207	1.5374001	0	100	0	0	3
