Iteration	CPUTime	PhysTime	Travels	Value	AvValue	MinValue	MaxValue	Delta	Criteria	PrevAvRefValue	Progress	CriteriaType	CriteriaVarType	CriteriaPercentage
1	4	0	0.0120085257	1226.54454	1226.54454	1226.54454	1226.54454	0	0	0	0	0	0	3
2	5	0	0.0240170514	-29.9804408	598.282049	-29.9804408	1226.54454	628.26249	0	0	0	0	0	3
3	5	0	0.036025577	-30.7326192	388.610493	-30.7326192	1226.54454	837.934046	0	0	0	0	0	3
4	6	0	0.0480341027	-16.6904693	287.285252	-30.7326192	1226.54454	939.259286	0	0	0	0	0	3
5	7	0	0.0600426284	-23.1794429	225.192313	-30.7326192	1226.54454	1001.35223	0	0	0	0	0	3
6	8	0	0.0720511541	-45.4500587	180.085251	-45.4500587	1226.54454	1046.45929	0	0	0	0	0	3
7	9	0	0.0840596798	-52.50293	146.858368	-52.50293	1226.54454	1079.68617	0	0	0	0	0	3
8	9	0	0.0960682054	-70.8035115	119.650633	-70.8035115	1226.54454	1106.89391	0	0	0	0	0	3
9	10	0	0.108076731	-65.8282594	99.0418674	-70.8035115	1226.54454	1127.50267	0	0	0	0	0	3
10	11	0	0.120085257	-85.2624733	80.6114333	-85.2624733	1226.54454	1145.93311	0	0	0	0	0	3
11	12	0	0.132093782	-72.8908497	66.6566803	-85.2624733	1226.54454	1159.88786	0	0	0	0	0	3
12	13	0	0.144102308	-87.0510944	53.8476991	-87.0510944	1226.54454	1172.69684	0	0	0	0	0	3
13	14	0	0.156110834	-69.203766	44.3822018	-87.0510944	1226.54454	1182.16234	0	0	0	0	0	3
14	15	0	0.16811936	-87.2216221	34.9819286	-87.2216221	1226.54454	1191.56261	0	0	0	0	0	3
15	16	0	0.180127885	-66.2260626	28.2347292	-87.2216221	1226.54454	1198.30981	0	0	0	0	0	3
16	17	0	0.192136411	-83.7196585	21.23758	-87.2216221	1226.54454	1205.30696	0	0	0	0	0	3
17	17	0	0.204144937	-67.6108724	16.0112004	-87.2216221	1226.54454	1210.53334	0	0	0	0	0	3
18	18	0	0.216153462	-82.8259828	10.5202458	-87.2216221	1226.54454	1216.02429	0	0	0	0	0	3
19	19	0	0.228161988	-68.5849014	6.35681701	-87.2216221	1226.54454	1220.18772	0	0	0	0	0	3
20	20	0	0.240170514	-78.363182	2.12081706	-87.2216221	1226.54454	1224.42372	0	0	0	0	0	3
21	21	0	0.252179039	-71.7996953	-1.39920733	-87.2216221	1226.54454	1227.94375	0	0	0	0	0	3
22	22	0	0.264187565	-76.850385	-4.82880632	-87.2216221	1226.54454	1231.37334	0	0	0	0	0	3
23	23	0	0.276196091	-72.5816989	-7.77458426	-87.2216221	1226.54454	1234.31912	0	0	0	0	0	3
24	23	0	0.288204616	-74.6050434	-10.5591867	-87.2216221	1226.54454	1237.10373	0	0	0	0	0	3
25	24	0	0.300213142	-71.2167337	-12.9854886	-87.2216221	1226.54454	1239.53003	0	0	0	0	0	3
26	25	0	0.312221668	-73.1774369	-15.3005635	-87.2216221	1226.54454	1241.8451	0	0	0	0	0	3
27	26	0	0.324230193	-70.941438	-17.3613367	-87.2216221	1226.54454	1243.90588	0	0	0	0	0	3
28	27	0	0.336238719	-72.4010635	-19.3270412	-87.2216221	1226.54454	1245.87158	0	0	0	0	0	3
29	28	0	0.348247245	-70.1541014	-21.0796984	-87.2216221	1226.54454	1247.62424	0	0	0	0	0	3
30	29	0	0.36025577	-71.1628742	-22.7491376	-87.2216221	1226.54454	1249.29368	0	0	0	0	0	3
31	30	0	0.372264296	-70.1938097	-24.2796109	-87.2216221	1226.54454	1250.82415	0	0	0	0	0	3
32	31	0	0.384272822	-70.6494842	-25.7286695	-87.2216221	1226.54454	1252.27321	0	0	0	0	0	3
33	32	0	0.396281347	-69.1871527	-27.0455932	-87.2216221	1226.54454	1253.59013	0	0	0	0	0	3
34	32	0	0.408289873	-69.370597	-28.2904463	-87.2216221	1226.54454	1254.83498	0	0	0	0	0	3
35	33	0	0.420298399	-68.4525539	-29.437935	-87.2216221	1226.54454	1255.98247	0	0	0	0	0	3
36	34	0	0.432306925	-68.5613998	-30.524698	-87.2216221	1226.54454	1257.06924	0	0	0	0	0	3
37	35	0	0.44431545	-67.7479219	-31.530731	-87.2216221	1226.54454	1258.07527	0	0	0	0	0	3
38	36	0	0.456323976	-67.751281	-32.4839034	-87.2216221	1226.54454	1259.02844	0	0	0	0	0	3
39	37	0	0.468332502	-67.6808117	-33.3863882	-87.2216221	1226.54454	1259.93093	0	0	0	0	0	3
40	38	0	0.480341027	-67.7704783	-34.2459905	-87.2216221	1226.54454	1260.79053	0	0	0	0	0	3
41	39	0	0.492349553	-67.8681014	-35.066042	-87.2216221	1226.54454	1261.61058	0	0	0	0	0	3
42	40	0	0.504358079	-68.1276108	-35.8532222	-87.2216221	1226.54454	1262.39776	0	0	0	0	0	3
43	41	0	0.516366604	-68.1747981	-66.679873	-87.2216221	-16.6904693	70.5311528	0	0	0	0	0	3
44	42	0	0.52837513	-68.2838213	-67.5918583	-87.2216221	-16.6904693	70.5311528	0	0	0	0	0	3
45	43	0	0.540383656	-68.3147624	-68.4866712	-87.2216221	-16.6904693	70.5311528	0	0	0	0	0	3
46	44	0	0.552392181	-68.355526	-69.7167916	-87.2216221	-23.1794429	64.0421792	0	0	0	0	0	3
47	45	0	0.564400707	-68.0417328	-70.7849414	-87.2216221	-45.4500587	41.7715633	0	0	0	0	0	3
48	46	0	0.576409233	-67.9578278	-71.3208407	-87.2216221	-52.50293	34.718692	0	0	0	0	0	3
49	47	0	0.588417758	-67.7105994	-71.682928	-87.2216221	-65.8282594	21.3933627	0	0	0	0	0	3
50	48	0	0.600426284	-67.5727108	-71.6060042	-87.2216221	-65.8282594	21.3933627	0	0	0	0	0	3
51	49	0	0.61243481	-67.296311	-71.6409578	-87.2216221	-66.2260626	20.9955595	0	0	0	0	0	3
52	50	0	0.624443335	-67.3017811	-71.2133223	-87.2216221	-66.2260626	20.9955595	0	0	0	0	0	3
53	51	0	0.636451861	-67.1675353	-71.0770529	-87.2216221	-66.2260626	20.9955595	0	0	0	0	0	3
54	52	0	0.648460387	-67.2661926	-70.6059838	-87.2216221	-66.2260626	20.9955595	0	0	0	0	0	3
55	53	0	0.660468912	-67.2094184	-70.5584993	-87.2216221	-66.2260626	20.9955595	0	0	0	0	0	3
56	54	0	0.672477438	-67.2029281	-70.0818638	-83.7196585	-66.2260626	17.4935959	0	0	0	0	0	3
57	55	0	0.684485964	-67.4382933	-70.1107264	-83.7196585	-67.1675353	16.5521232	0	0	0	0	0	3
58	56	0	0.696494489	-67.6532402	-69.7281926	-82.8259828	-67.1675353	15.6584475	0	0	0	0	0	3
59	57	0	0.708503015	-67.7461297	-69.731413	-82.8259828	-67.1675353	15.6584475	0	0	0	0	0	3
60	58	0	0.720511541	-67.9295352	-69.3767357	-78.363182	-67.1675353	11.1956466	0	0	0	0	0	3
61	59	0	0.732520067	-68.1226287	-69.3657292	-78.363182	-67.1675353	11.1956466	0	0	0	0	0	3
62	60	0	0.744528592	-68.0787032	-69.1208607	-76.850385	-67.1675353	9.68284965	0	0	0	0	0	3
63	61	0	0.756537118	-68.0168174	-69.0307921	-76.850385	-67.1675353	9.68284965	0	0	0	0	0	3
64	62	0	0.768545644	-68.0204565	-68.8205558	-74.6050434	-67.1675353	7.43750805	0	0	0	0	0	3
65	63	0	0.780554169	-68.0007566	-68.7114857	-74.6050434	-67.1675353	7.43750805	0	0	0	0	0	3
66	63	0	0.792562695	-68.0436955	-68.5552631	-73.1774369	-67.1675353	6.00990155	0	0	0	0	0	3
67	64	0	0.804571221	-68.11611	-68.4814388	-73.1774369	-67.1675353	6.00990155	0	0	0	0	0	3
68	65	0	0.816579746	-68.2121767	-68.3632183	-72.4010635	-67.1675353	5.23352819	0	0	0	0	0	3
69	66	0	0.828588272	-68.2495955	-68.2991268	-72.4010635	-67.1675353	5.23352819	0	0	0	0	0	3
70	67	0	0.840596798	-68.6224104	-68.2091589	-71.1628742	-67.1675353	3.99533892	0	0	0	0	0	3
71	68	0	0.852605323	-68.5305792	-68.1705036	-71.1628742	-67.1675353	3.99533892	0	0	0	0	0	3
72	69	0	0.864613849	-68.628786	-68.1101681	-70.6494842	-67.1675353	3.48194893	0	0	0	0	0	3
73	70	0	0.876622375	-68.384412	-68.0670872	-70.6494842	-67.1675353	3.48194893	0	0	0	0	0	3
74	71	0	0.8886309	-68.3381683	-68.0120559	-69.370597	-67.1675353	2.20306166	0	0	0	0	0	3
75	72	0	0.900639426	-68.0615556	-67.985256	-69.370597	-67.1675353	2.20306166	0	0	0	0	0	3
76	72	0	0.912647952	-68.0801029	-67.9545299	-68.628786	-67.1675353	1.46125066	0	0	0	0	0	3
77	73	0	0.924656477	-67.7461778	-67.9377114	-68.628786	-67.1675353	1.46125066	0	0	0	0	0	3
78	74	0	0.936665003	-67.8535472	-67.9208578	-68.628786	-67.1675353	1.46125066	0	0	0	0	0	3
79	75	0	0.948673529	-67.7781051	-67.9215765	-68.628786	-67.1675353	1.46125066	0	0	0	0	0	3
80	76	0	0.960682054	-67.9855263	-67.9271537	-68.628786	-67.1675353	1.46125066	0	0	0	0	0	3
81	77	0	0.97269058	-67.9424579	-67.9333834	-68.628786	-67.1675353	1.46125066	0	0	0	0	0	3
82	78	0	0.984699106	-68.420121	-67.9488511	-68.628786	-67.1675353	1.46125066	0	0	0	0	0	3
83	79	0	0.996707632	-68.3466092	-67.9602441	-68.628786	-67.1675353	1.46125066	0	0	0	0	0	3
84	80	0	1.00871616	-68.4920786	-67.9689219	-68.628786	-67.1675353	1.46125066	2.11593458	0	100	0	0	3
85	81	0	1.02072468	-68.4550844	-67.9755954	-68.628786	-67.1675353	1.46125066	2.11593458	0	100	0	0	3
86	81	0	1.03273321	-68.4346737	-67.9791871	-68.628786	-67.1675353	1.46125066	2.11593458	0	100	0	0	3
87	82	0	1.04474173	-68.1737177	-67.9758289	-68.628786	-67.1675353	1.46125066	2.11593458	0	100	0	0	3
88	83	0	1.05675026	-68.2557274	-67.9734528	-68.628786	-67.1675353	1.46125066	2.11593458	0	100	0	0	3
