Iteration	CPUTime	PhysTime	Travels	Value	AvValue	MinValue	MaxValue	Delta	Criteria	PrevAvRefValue	Progress	CriteriaType	CriteriaVarType	CriteriaPercentage
1	4	0	0.0120085257	293.199986	293.199986	293.199986	293.199986	0	0	0	0	0	0	3
2	5	0	0.0240170514	293.199967	293.199976	293.199967	293.199986	9.23790748e-06	0	0	0	0	0	3
3	5	0	0.036025577	293.199964	293.199972	293.199964	293.199986	1.32301769e-05	0	0	0	0	0	3
4	6	0	0.0480341027	293.199959	293.199969	293.199959	293.199986	1.65952142e-05	0	0	0	0	0	3
5	7	0	0.0600426284	293.199954	293.199966	293.199954	293.199986	1.96235043e-05	0	0	0	0	0	3
6	8	0	0.0720511541	293.199945	293.199962	293.199945	293.199986	2.31709705e-05	0	0	0	0	0	3
7	9	0	0.0840596798	293.199934	293.199958	293.199934	293.199986	2.71914843e-05	0	0	0	0	0	3
8	9	0	0.0960682054	293.199924	293.199954	293.199924	293.199986	3.15301723e-05	0	0	0	0	0	3
9	10	0	0.108076731	293.199914	293.19995	293.199914	293.199986	3.59915172e-05	0	0	0	0	0	3
10	11	0	0.120085257	293.199904	293.199945	293.199904	293.199986	4.05058462e-05	0	0	0	0	0	3
11	12	0	0.132093782	293.199894	293.19994	293.199894	293.199986	4.51904021e-05	0	0	0	0	0	3
12	13	0	0.144102308	293.199883	293.199936	293.199883	293.199986	4.99292426e-05	0	0	0	0	0	3
13	14	0	0.156110834	293.199874	293.199931	293.199874	293.199986	5.46524555e-05	0	0	0	0	0	3
14	15	0	0.16811936	293.199865	293.199926	293.199865	293.199986	5.93294366e-05	0	0	0	0	0	3
15	16	0	0.180127885	293.199858	293.199922	293.199858	293.199986	6.38872029e-05	0	0	0	0	0	3
16	17	0	0.192136411	293.199847	293.199917	293.199847	293.199986	6.85347511e-05	0	0	0	0	0	3
17	17	0	0.204144937	293.199838	293.199912	293.199838	293.199986	7.31915847e-05	0	0	0	0	0	3
18	18	0	0.216153462	293.199828	293.199908	293.199828	293.199986	7.78521108e-05	0	0	0	0	0	3
19	19	0	0.228161988	293.19982	293.199903	293.19982	293.199986	8.24826645e-05	0	0	0	0	0	3
20	20	0	0.240170514	293.199811	293.199898	293.199811	293.199986	8.70969424e-05	0	0	0	0	0	3
21	21	0	0.252179039	293.199797	293.199894	293.199797	293.199986	9.19183234e-05	0	0	0	0	0	3
22	22	0	0.264187565	293.199783	293.199889	293.199783	293.199986	9.69573741e-05	0	0	0	0	0	3
23	23	0	0.276196091	293.199768	293.199883	293.199768	293.199986	0.000102213172	0	0	0	0	0	3
24	23	0	0.288204616	293.199751	293.199878	293.199751	293.199986	0.000107724404	0	0	0	0	0	3
25	24	0	0.300213142	293.199734	293.199872	293.199734	293.199986	0.000113479041	0	0	0	0	0	3
26	25	0	0.312221668	293.199704	293.199866	293.199704	293.199986	0.000119925421	0	0	0	0	0	3
27	26	0	0.324230193	293.199672	293.199858	293.199672	293.199986	0.000127093628	0	0	0	0	0	3
28	27	0	0.336238719	293.199637	293.199851	293.199637	293.199986	0.000135015252	0	0	0	0	0	3
29	28	0	0.348247245	293.199599	293.199842	293.199599	293.199986	0.000143693454	0	0	0	0	0	3
30	29	0	0.36025577	293.19956	293.199832	293.19956	293.199986	0.000153097177	0	0	0	0	0	3
31	30	0	0.372264296	293.199502	293.199822	293.199502	293.199986	0.000163755739	0	0	0	0	0	3
32	31	0	0.384272822	293.199448	293.19981	293.199448	293.199986	0.000175439173	0	0	0	0	0	3
33	32	0	0.396281347	293.199401	293.199798	293.199401	293.199986	0.000187837335	0	0	0	0	0	3
34	32	0	0.408289873	293.199363	293.199785	293.199363	293.199986	0.000200628285	0	0	0	0	0	3
35	33	0	0.420298399	293.199334	293.199772	293.199334	293.199986	0.000213513909	0	0	0	0	0	3
36	34	0	0.432306925	293.199309	293.199759	293.199309	293.199986	0.000226365138	0	0	0	0	0	3
37	35	0	0.44431545	293.199299	293.199747	293.199299	293.199986	0.00023880589	0	0	0	0	0	3
38	36	0	0.456323976	293.199297	293.199735	293.199297	293.199986	0.000250645395	0	0	0	0	0	3
39	37	0	0.468332502	293.199301	293.199724	293.199297	293.199986	0.000261771859	0	0	0	0	0	3
40	38	0	0.480341027	293.199305	293.199713	293.199297	293.199986	0.000272229131	0	0	0	0	0	3
41	39	0	0.492349553	293.19931	293.199703	293.199297	293.199986	0.000282057419	0	0	0	0	0	3
42	40	0	0.504358079	293.199313	293.199694	293.199297	293.199986	0.000291364945	0	0	0	0	0	3
43	41	0	0.516366604	293.199313	293.199678	293.199297	293.199967	0.000298143407	0	0	0	0	0	3
44	42	0	0.52837513	293.199312	293.199663	293.199297	293.199964	0.000309748753	0	0	0	0	0	3
45	43	0	0.540383656	293.199311	293.199647	293.199297	293.199959	0.000321929393	0	0	0	0	0	3
46	44	0	0.552392181	293.199309	293.199632	293.199297	293.199954	0.000334376086	0	0	0	0	0	3
47	45	0	0.564400707	293.199307	293.199616	293.199297	293.199945	0.000346217135	0	0	0	0	0	3
48	46	0	0.576409233	293.199306	293.199601	293.199297	293.199934	0.000357391929	0	0	0	0	0	3
49	47	0	0.588417758	293.199306	293.199586	293.199297	293.199924	0.000368011765	0	0	0	0	0	3
50	48	0	0.600426284	293.199305	293.199571	293.199297	293.199914	0.000378270185	0	0	0	0	0	3
51	49	0	0.61243481	293.199305	293.199557	293.199297	293.199904	0.000388245805	0	0	0	0	0	3
52	50	0	0.624443335	293.199305	293.199543	293.199297	293.199894	0.000397843272	0	0	0	0	0	3
53	51	0	0.636451861	293.199304	293.199528	293.199297	293.199883	0.000407136618	0	0	0	0	0	3
54	52	0	0.648460387	293.199303	293.199515	293.199297	293.199874	0.000416229365	0	0	0	0	0	3
55	53	0	0.660468912	293.199305	293.199501	293.199297	293.199865	0.00042511077	0	0	0	0	0	3
56	54	0	0.672477438	293.199303	293.199488	293.199297	293.199858	0.000433940808	0	0	0	0	0	3
57	55	0	0.684485964	293.199304	293.199475	293.199297	293.199847	0.000442483616	0	0	0	0	0	3
58	56	0	0.696494489	293.199304	293.199462	293.199297	293.199838	0.000450772894	0	0	0	0	0	3
59	57	0	0.708503015	293.199304	293.199449	293.199297	293.199828	0.000458834328	0	0	0	0	0	3
60	58	0	0.720511541	293.199301	293.199436	293.199297	293.19982	0.000466757921	0	0	0	0	0	3
61	59	0	0.732520067	293.199302	293.199424	293.199297	293.199811	0.000474473275	0	0	0	0	0	3
62	60	0	0.744528592	293.1993	293.199412	293.199297	293.199797	0.000481811631	0	0	0	0	0	3
63	61	0	0.756537118	293.199299	293.1994	293.199297	293.199783	0.000485929611	0	0	0	0	0	3
64	62	0	0.768545644	293.199298	293.199388	293.199297	293.199768	0.000470866329	0	0	0	0	0	3
65	63	0	0.780554169	293.1993	293.199377	293.199297	293.199751	0.000454224306	0	0	0	0	0	3
66	63	0	0.792562695	293.199299	293.199367	293.199297	293.199734	0.000437116708	0	0	0	0	0	3
67	64	0	0.804571221	293.1993	293.199356	293.199297	293.199704	0.000407622131	0	0	0	0	0	3
68	65	0	0.816579746	293.1993	293.199347	293.199297	293.199672	0.000375240034	0	0	0	0	0	3
69	66	0	0.828588272	293.1993	293.199338	293.199297	293.199637	0.000339807957	0	0	0	0	0	3
70	67	0	0.840596798	293.1993	293.19933	293.199297	293.199599	0.000302023927	0	0	0	0	0	3
71	68	0	0.852605323	293.1993	293.199323	293.199297	293.19956	0.000262901903	0	0	0	0	0	3
72	69	0	0.864613849	293.199297	293.199316	293.199297	293.199502	0.000205194465	0	0	0	0	0	3
73	70	0	0.876622375	293.199296	293.199311	293.199296	293.199448	0.000152153042	0	0	0	0	0	3
74	71	0	0.8886309	293.199295	293.199308	293.199295	293.199401	0.000106404714	0	0	0	0	0	3
75	72	0	0.900639426	293.199294	293.199305	293.199294	293.199363	6.88435637e-05	0	0	0	0	0	3
76	72	0	0.912647952	293.199293	293.199304	293.199293	293.199334	4.05077851e-05	0	0	0	0	0	3
77	73	0	0.924656477	293.199293	293.199303	293.199293	293.199313	1.96726543e-05	0	0	0	0	0	3
78	74	0	0.936665003	293.199293	293.199302	293.199293	293.199313	2.01246846e-05	0	0	0	0	0	3
79	75	0	0.948673529	293.199295	293.199302	293.199293	293.199313	2.01246846e-05	0	0	0	0	0	3
80	76	0	0.960682054	293.199295	293.199302	293.199293	293.199313	2.01246846e-05	0	0	0	0	0	3
81	77	0	0.97269058	293.199296	293.199302	293.199293	293.199313	2.01246846e-05	0	0	0	0	0	3
82	78	0	0.984699106	293.199295	293.199302	293.199293	293.199313	2.01246846e-05	0	0	0	0	0	3
83	79	0	0.996707632	293.199295	293.199301	293.199293	293.199313	2.01246846e-05	0	0	0	0	0	3
84	80	0	1.00871616	293.199293	293.199301	293.199293	293.199313	2.01246846e-05	2.01479253e-05	0	0	0	0	3
85	81	0	1.02072468	293.199294	293.1993	293.199293	293.199312	1.92365839e-05	2.01479253e-05	0	0	0	0	3
86	81	0	1.03273321	293.199293	293.1993	293.199293	293.199311	1.89118538e-05	2.01514173e-05	0	0	0	0	3
87	82	0	1.04474173	293.199292	293.1993	293.199292	293.199309	1.68831126e-05	2.01479253e-05	0	0	0	0	3
88	83	0	1.05675026	293.199291	293.199299	293.199291	293.199307	1.62621566e-05	2.01479253e-05	0	0	0	0	3
