Iteration	CPUTime	PhysTime	Travels	Value	AvValue	MinValue	MaxValue	Delta	Criteria	PrevAvRefValue	Progress	CriteriaType	CriteriaVarType	CriteriaPercentage
1	1	0	0.0119551584	9.95977651	9.95977651	9.95977651	9.95977651	0	0	0	0	0	0	3
2	1	0	0.0239103168	1.35343427	5.65660539	1.35343427	9.95977651	4.30317112	0	0	0	0	0	3
3	2	0	0.0358654752	5.91363841	5.74228306	1.35343427	9.95977651	4.30317112	0	0	0	0	0	3
4	2	0	0.0478206336	-0.179481871	4.26184183	-0.179481871	9.95977651	5.69793468	0	0	0	0	0	3
5	2	0	0.059775792	5.19928972	4.44933141	-0.179481871	9.95977651	5.69793468	0	0	0	0	0	3
6	2	0	0.0717309504	1.64180019	3.98140954	-0.179481871	9.95977651	5.97836697	0	0	0	0	0	3
7	2	0	0.0836861087	5.63379771	4.21746499	-0.179481871	9.95977651	5.97836697	0	0	0	0	0	3
8	3	0	0.0956412671	3.71674041	4.15487442	-0.179481871	9.95977651	5.97836697	0	0	0	0	0	3
9	3	0	0.107596426	11.3042745	4.94925221	-0.179481871	11.3042745	5.97836697	0	0	0	0	0	3
10	3	0	0.119551584	6.25596201	5.07992319	-0.179481871	11.3042745	5.97836697	0	0	0	0	0	3
11	3	0	0.131506742	8.43346689	5.3847908	-0.179481871	11.3042745	5.97836697	0	0	0	0	0	3
12	3	0	0.143461901	2.90214946	5.17790402	-0.179481871	11.3042745	5.97836697	0	0	0	0	0	3
13	4	0	0.155417059	6.12731697	5.25093578	-0.179481871	11.3042745	5.97836697	0	0	0	0	0	3
14	4	0	0.167372217	4.39373894	5.18970744	-0.179481871	11.3042745	5.97836697	0	0	0	0	0	3
15	4	0	0.179327376	8.14290975	5.38658759	-0.179481871	11.3042745	5.97836697	0	0	0	0	0	3
16	4	0	0.191282534	5.22030681	5.37619504	-0.179481871	11.3042745	5.97836697	0	0	0	0	0	3
17	4	0	0.203237693	7.39775696	5.49511045	-0.179481871	11.3042745	5.97836697	0	0	0	0	0	3
18	5	0	0.215192851	5.67364459	5.50502901	-0.179481871	11.3042745	5.97836697	0	0	0	0	0	3
19	5	0	0.227148009	8.96578101	5.68717386	-0.179481871	11.3042745	5.97836697	0	0	0	0	0	3
20	5	0	0.239103168	5.86501359	5.69606584	-0.179481871	11.3042745	5.97836697	0	0	0	0	0	3
21	5	0	0.251058326	7.67025625	5.79007491	-0.179481871	11.3042745	5.97836697	0	0	0	0	0	3
22	6	0	0.263013485	6.96345699	5.84341046	-0.179481871	11.3042745	5.97836697	0	0	0	0	0	3
23	6	0	0.274968643	8.17450539	5.94476241	-0.179481871	11.3042745	5.97836697	0	0	0	0	0	3
24	6	0	0.286923801	6.73776225	5.97780407	-0.179481871	11.3042745	5.97836697	0	0	0	0	0	3
25	6	0	0.29887896	7.89594405	6.05452967	-0.179481871	11.3042745	5.97836697	0	0	0	0	0	3
26	6	0	0.310834118	6.80843365	6.08352598	-0.179481871	11.3042745	5.97836697	0	0	0	0	0	3
27	7	0	0.322789277	6.32529618	6.09248043	-0.179481871	11.3042745	5.97836697	0	0	0	0	0	3
28	7	0	0.334744435	6.14678965	6.09442004	-0.179481871	11.3042745	5.97836697	0	0	0	0	0	3
29	7	0	0.346699593	5.68621247	6.08034392	-0.179481871	11.3042745	5.97836697	0	0	0	0	0	3
30	7	0	0.358654752	6.21935352	6.08497758	-0.179481871	11.3042745	5.97836697	0	0	0	0	0	3
31	8	0	0.37060991	6.0523328	6.08392452	-0.179481871	11.3042745	5.97836697	0	0	0	0	0	3
32	8	0	0.382565069	5.92129604	6.07884238	-0.179481871	11.3042745	5.97836697	0	0	0	0	0	3
33	8	0	0.394520227	5.96519871	6.07539863	-0.179481871	11.3042745	5.97836697	0	0	0	0	0	3
34	8	0	0.406475385	5.75571689	6.06599623	-0.179481871	11.3042745	5.97836697	0	0	0	0	0	3
35	9	0	0.418430544	6.26564116	6.07170037	-0.179481871	11.3042745	5.97836697	0	0	0	0	0	3
36	9	0	0.430385702	5.69894051	6.06134593	-0.179481871	11.3042745	5.97836697	0	0	0	0	0	3
37	9	0	0.442340861	6.51889243	6.07371205	-0.179481871	11.3042745	5.97836697	0	0	0	0	0	3
38	9	0	0.454296019	5.73391606	6.06477005	-0.179481871	11.3042745	5.97836697	0	0	0	0	0	3
39	9	0	0.466251177	6.18986239	6.06797754	-0.179481871	11.3042745	5.97836697	0	0	0	0	0	3
40	10	0	0.478206336	5.3517002	6.05007061	-0.179481871	11.3042745	5.97836697	0	0	0	0	0	3
41	10	0	0.490161494	5.73835552	6.0424678	-0.179481871	11.3042745	5.97836697	0	0	0	0	0	3
42	10	0	0.502116652	5.37444582	6.02656252	-0.179481871	11.3042745	5.97836697	0	0	0	0	0	3
43	10	0	0.514071811	5.83497641	5.92835299	-0.179481871	11.3042745	2.11301051	0	0	0	0	0	3
44	11	0	0.526026969	5.66743929	6.0310674	-0.179481871	11.3042745	2.11301051	0	0	0	0	0	3
45	11	0	0.537982128	6.09540812	6.03539525	-0.179481871	11.3042745	2.11301051	0	0	0	0	0	3
46	11	0	0.549937286	5.75206934	6.17662266	1.64180019	11.3042745	2.19521312	0	0	0	0	0	3
47	11	0	0.561892444	6.22394239	6.20101915	1.64180019	11.3042745	2.21960961	0	0	0	0	0	3
48	12	0	0.573847603	5.97988495	6.30430688	2.90214946	11.3042745	2.14943246	0	0	0	0	0	3
49	12	0	0.585802761	6.39940697	6.32253567	2.90214946	11.3042745	2.16766126	0	0	0	0	0	3
50	12	0	0.59775792	6.14374136	6.38032141	2.90214946	11.3042745	1.4310692	0	0	0	0	0	3
51	12	0	0.609713078	6.31483857	6.26152532	2.90214946	8.96578101	1.30039822	0	0	0	0	0	3
52	13	0	0.621668236	5.83314934	6.25145835	2.90214946	8.96578101	1.20241739	0	0	0	0	0	3
53	13	0	0.633623395	6.01455404	6.19386519	2.90214946	8.96578101	1.20241739	0	0	0	0	0	3
54	13	0	0.645578553	5.55014008	6.25691258	4.39373894	8.96578101	1.19061397	0	0	0	0	0	3
55	13	0	0.657533712	5.81382334	6.24944845	4.39373894	8.96578101	1.19061397	0	0	0	0	0	3
56	14	0	0.66948887	5.45341707	6.27467888	5.22030681	8.96578101	1.00412637	0	0	0	0	0	3
57	14	0	0.681444028	5.85607542	6.22023044	5.22030681	8.96578101	1.00412637	0	0	0	0	0	3
58	14	0	0.693399187	5.64882851	6.23043334	5.3517002	8.96578101	0.88521096	0	0	0	0	0	3
59	14	0	0.705354345	6.06135896	6.19861434	5.3517002	8.96578101	0.875292397	0	0	0	0	0	3
60	15	0	0.717309504	5.71025078	6.19948592	5.3517002	8.96578101	0.693147555	0	0	0	0	0	3
61	15	0	0.729264662	6.03606205	6.1297307	5.3517002	8.17450539	0.684255568	0	0	0	0	0	3
62	15	0	0.74121982	5.49204282	6.12085045	5.3517002	8.17450539	0.590246501	0	0	0	0	0	3
63	15	0	0.753174979	5.93173088	6.07945698	5.3517002	8.17450539	0.536910952	0	0	0	0	0	3
64	16	0	0.765130137	5.33371766	6.04065367	5.33371766	8.17450539	0.451968419	0	0	0	0	0	3
65	16	0	0.777085296	5.88779326	5.98620814	5.33371766	7.89594405	0.451968419	0	0	0	0	0	3
66	16	0	0.789040454	5.39067517	5.95413464	5.33371766	7.89594405	0.451968419	0	0	0	0	0	3
67	16	0	0.800995612	6.01646729	5.90938519	5.33371766	6.80843365	0.470936219	0	0	0	0	0	3
68	17	0	0.812950771	5.50846945	5.87843366	5.33371766	6.51889243	0.501887748	0	0	0	0	0	3
69	17	0	0.824905929	5.92702779	5.86895108	5.33371766	6.51889243	0.511370328	0	0	0	0	0	3
70	17	0	0.836861087	5.31669848	5.84918701	5.31669848	6.51889243	0.531134404	0	0	0	0	0	3
71	17	0	0.848816246	5.64611363	5.84823227	5.31669848	6.51889243	0.532089138	0	0	0	0	0	3
72	17	0	0.860771404	5.14142741	5.82256737	5.14142741	6.51889243	0.557754046	0	0	0	0	0	3
73	18	0	0.872726563	5.65845617	5.81318935	5.14142741	6.51889243	0.567132061	0	0	0	0	0	3
74	18	0	0.884681721	5.17970302	5.79553237	5.14142741	6.51889243	0.584789037	0	0	0	0	0	3
75	18	0	0.896636879	5.70299597	5.78928945	5.14142741	6.51889243	0.59103196	0	0	0	0	0	3
76	18	0	0.908592038	5.18005519	5.77558322	5.14142741	6.51889243	0.604738191	0	0	0	0	0	3
77	19	0	0.920547196	5.70922788	5.76233528	5.14142741	6.51889243	0.617986126	0	0	0	0	0	3
78	19	0	0.932502355	5.16727061	5.74967648	5.14142741	6.51889243	0.630644933	0	0	0	0	0	3
79	19	0	0.944457513	5.69513836	5.73006329	5.14142741	6.39940697	0.650258125	0	0	0	0	0	3
80	19	0	0.956412671	5.30146738	5.71976689	5.14142741	6.39940697	0.660554522	0	0	0	0	0	3
81	20	0	0.96836783	5.78249376	5.71006764	5.14142741	6.39940697	0.670253775	0	0	0	0	0	3
82	20	0	0.980322988	5.28102097	5.7083848	5.14142741	6.39940697	0.671936614	0	0	0	0	0	3
83	20	0	0.992278147	5.70421309	5.70757188	5.14142741	6.39940697	0.672749529	0	0	0	0	0	3
84	20	0	1.0042333	5.28327367	5.70540112	5.14142741	6.39940697	0.674920294	0.344512692	0	51	0	0	3
85	21	0	1.01618846	5.71017946	5.70242976	5.14142741	6.39940697	0.67789165	0.344512692	0	50.8	0	0	3
86	21	0	1.02814362	5.36909023	5.69532621	5.14142741	6.39940697	0.684995199	0.344512692	0	50.2	0	0	3
87	21	0	1.04009878	5.76687026	5.68750388	5.14142741	6.39940697	0.692817529	0.344512692	0	49.7	0	0	3
88	21	0	1.05205394	5.36906423	5.67838471	5.14142741	6.39940697	0.701936698	0.344512692	0	49	0	0	3
89	22	0	1.0640091	5.82617898	5.66891416	5.14142741	6.39940697	0.711407256	0.344512692	0	48.4	0	0	3
90	22	0	1.07596426	5.3287182	5.65341019	5.14142741	6.39940697	0.726911226	0.344512692	0	47.3	0	0	3
91	22	0	1.08791941	5.73357344	5.63755701	5.14142741	6.31483857	0.742764405	0.344512692	0	46.3	0	0	3
92	22	0	1.09987457	5.29048363	5.61724135	5.14142741	6.31483857	0.657437533	0.344512692	0	52.4	0	0	3
93	23	0	1.11182973	5.88584595	5.60702724	5.14142741	6.06135896	0.667651643	0.344512692	0	51.6	0	0	3
94	23	0	1.12378489	5.37278667	5.59606622	5.14142741	6.06135896	0.678612659	0.344512692	0	50.7	0	0	3
95	23	0	1.13574005	5.72276157	5.58911878	5.14142741	6.06135896	0.685560099	0.344512692	0	50.2	0	0	3
96	23	0	1.14769521	5.35588866	5.58449375	5.14142741	6.06135896	0.690185132	0.344512692	0	49.9	0	0	3
97	23	0	1.15965036	5.75630364	5.58312423	5.14142741	6.06135896	0.691554649	0.344512692	0	49.8	0	0	3
98	24	0	1.17160552	5.32772116	5.58013147	5.14142741	6.06135896	0.65030187	0.344512692	0	52.9	0	0	3
99	24	0	1.18356068	5.80860131	5.57900113	5.14142741	6.06135896	0.651432206	0.344512692	0	52.8	0	0	3
100	24	0	1.19551584	5.27432585	5.5700844	5.14142741	6.06135896	0.629401512	0.344512692	0	54.7	0	0	3
101	25	0	1.207471	5.90347297	5.56632521	5.14142741	6.03606205	0.633160702	0.344512692	0	54.4	0	0	3
102	25	0	1.21942616	5.4065016	5.55909309	5.14142741	6.03606205	0.570637612	0.344512692	0	60.3	0	0	3
103	25	0	1.23138131	5.72105636	5.55159295	5.14142741	6.01646729	0.569257491	0.344512692	0	60.5	0	0	3
104	26	0	1.24333647	5.32578521	5.54763444	5.14142741	6.01646729	0.531822545	0.344512692	0	64.7	0	0	3
105	26	0	1.25529163	5.73663457	5.54298929	5.14142741	6.01646729	0.497664377	0.344512692	0	69.2	0	0	3
106	26	0	1.26724679	5.22769833	5.54046502	5.14142741	6.01646729	0.44574312	0.344512692	0	77.2	0	0	3
107	26	0	1.27920195	5.81109833	5.53863895	5.14142741	6.01646729	0.415495688	0.344512692	0	82.9	0	0	3
108	27	0	1.29115711	5.37439256	5.53825127	5.14142741	6.01646729	0.371133923	0.344512692	0	92.8	0	0	3
109	27	0	1.30311226	5.89725834	5.53541296	5.14142741	5.92702779	0.343020702	0.344512692	0	100	0	0	3
