Iteration	CPUTime	PhysTime	Travels	Value	AvValue	MinValue	MaxValue	Delta	Criteria	PrevAvRefValue	Progress	CriteriaType	CriteriaVarType	CriteriaPercentage
1	5	0	0.0101074414	293.20003	293.20003	293.20003	293.20003	0	0	0	0	0	0	3
2	6	0	0.0202148828	293.200016	293.200023	293.200016	293.20003	7.4539409e-06	0	0	0	0	0	3
3	7	0	0.0303223243	293.200014	293.20002	293.200014	293.20003	1.0456376e-05	0	0	0	0	0	3
4	8	0	0.0404297657	293.200009	293.200017	293.200009	293.20003	1.33255214e-05	0	0	0	0	0	3
5	9	0	0.0505372071	293.200004	293.200015	293.200004	293.20003	1.58899782e-05	0	0	0	0	0	3
6	10	0	0.0606446485	293.199995	293.200011	293.199995	293.20003	1.90948053e-05	0	0	0	0	0	3
7	10	0	0.0707520899	293.199986	293.200008	293.199986	293.20003	2.27074588e-05	0	0	0	0	0	3
8	11	0	0.0808595313	293.199976	293.200004	293.199976	293.20003	2.66826751e-05	0	0	0	0	0	3
9	12	0	0.0909669728	293.199968	293.2	293.199968	293.20003	3.07117261e-05	0	0	0	0	0	3
10	12	0	0.101074414	293.199959	293.199996	293.199959	293.20003	3.4765229e-05	0	0	0	0	0	3
11	13	0	0.111181856	293.199955	293.199992	293.199955	293.20003	3.84708423e-05	0	0	0	0	0	3
12	14	0	0.121289297	293.199952	293.199989	293.199952	293.20003	4.18383522e-05	0	0	0	0	0	3
13	14	0	0.131396738	293.199948	293.199986	293.199948	293.20003	4.49423914e-05	0	0	0	0	0	3
14	15	0	0.14150418	293.199945	293.199983	293.199945	293.20003	4.78038583e-05	0	0	0	0	0	3
15	16	0	0.151611621	293.199945	293.19998	293.199945	293.20003	5.03192143e-05	0	0	0	0	0	3
16	16	0	0.161719063	293.199945	293.199978	293.199945	293.20003	5.25331352e-05	0	0	0	0	0	3
17	17	0	0.171826504	293.199945	293.199976	293.199945	293.20003	5.44785427e-05	0	0	0	0	0	3
18	18	0	0.181933946	293.199946	293.199974	293.199945	293.20003	5.61348376e-05	0	0	0	0	0	3
19	19	0	0.192041387	293.199948	293.199973	293.199945	293.20003	5.75254297e-05	0	0	0	0	0	3
20	19	0	0.202148828	293.19995	293.199972	293.199945	293.20003	5.86834771e-05	0	0	0	0	0	3
21	20	0	0.21225627	293.199951	293.199971	293.199945	293.20003	5.96770064e-05	0	0	0	0	0	3
22	21	0	0.222363711	293.199951	293.19997	293.199945	293.20003	6.05847122e-05	0	0	0	0	0	3
23	21	0	0.232471153	293.199951	293.199969	293.199945	293.20003	6.13860896e-05	0	0	0	0	0	3
24	22	0	0.242578594	293.199954	293.199968	293.199945	293.20003	6.2021604e-05	0	0	0	0	0	3
25	23	0	0.252686035	293.199952	293.199968	293.199945	293.20003	6.26679332e-05	0	0	0	0	0	3
26	24	0	0.262793477	293.199946	293.199967	293.199945	293.20003	6.35117557e-05	0	0	0	0	0	3
27	24	0	0.272900918	293.199937	293.199966	293.199937	293.20003	6.46358571e-05	0	0	0	0	0	3
28	25	0	0.28300836	293.199926	293.199964	293.199926	293.20003	6.60595645e-05	0	0	0	0	0	3
29	26	0	0.293115801	293.199912	293.199963	293.199912	293.20003	6.7853756e-05	0	0	0	0	0	3
30	27	0	0.303223243	293.199895	293.19996	293.199895	293.20003	7.01228424e-05	0	0	0	0	0	3
31	28	0	0.313330684	293.199857	293.199957	293.199857	293.20003	7.34573541e-05	0	0	0	0	0	3
32	28	0	0.323438125	293.199817	293.199953	293.199817	293.20003	7.78378586e-05	0	0	0	0	0	3
33	29	0	0.333545567	293.199774	293.199947	293.199774	293.20003	8.3262312e-05	0	0	0	0	0	3
34	30	0	0.343653008	293.199728	293.199941	293.199728	293.20003	8.97130535e-05	0	0	0	0	0	3
35	31	0	0.35376045	293.199683	293.199933	293.199683	293.20003	9.70883061e-05	0	0	0	0	0	3
36	32	0	0.363867891	293.199621	293.199925	293.199621	293.20003	0.000105756907	0	0	0	0	0	3
37	33	0	0.373975332	293.199569	293.199915	293.199569	293.20003	0.000115366954	0	0	0	0	0	3
38	33	0	0.384082774	293.199528	293.199905	293.199528	293.20003	0.00012556757	0	0	0	0	0	3
39	34	0	0.394190215	293.199497	293.199894	293.199497	293.20003	0.000136021253	0	0	0	0	0	3
40	35	0	0.404297657	293.199475	293.199884	293.199475	293.20003	0.000146499304	0	0	0	0	0	3
41	36	0	0.414405098	293.199461	293.199874	293.199461	293.20003	0.000156804862	0	0	0	0	0	3
42	37	0	0.42451254	293.19946	293.199864	293.19946	293.20003	0.000166657963	0	0	0	0	0	3
43	37	0	0.434619981	293.199463	293.199855	293.19946	293.20003	0.00017597005	0	0	0	0	0	3
44	38	0	0.444727422	293.199466	293.199846	293.19946	293.20003	0.000184792236	0	0	0	0	0	3
45	39	0	0.454834864	293.199469	293.199837	293.19946	293.20003	0.000193167209	0	0	0	0	0	3
46	40	0	0.464942305	293.199476	293.199829	293.19946	293.20003	0.000201032456	0	0	0	0	0	3
47	41	0	0.475049747	293.199476	293.199822	293.19946	293.20003	0.000208554426	0	0	0	0	0	3
48	42	0	0.485157188	293.199476	293.199815	293.19946	293.20003	0.000215760333	0	0	0	0	0	3
49	43	0	0.495264629	293.199473	293.199808	293.19946	293.20003	0.000222741546	0	0	0	0	0	3
50	44	0	0.505372071	293.199465	293.199801	293.19946	293.20003	0.000229591252	0	0	0	0	0	3
51	44	0	0.515479512	293.19946	293.199789	293.19946	293.200016	0.00023355344	0	0	0	0	0	3
52	45	0	0.525586954	293.199456	293.199778	293.199456	293.200014	0.000241743345	0	0	0	0	0	3
53	46	0	0.535694395	293.199455	293.199767	293.199455	293.200009	0.00025004796	0	0	0	0	0	3
54	47	0	0.545801837	293.199455	293.199756	293.199455	293.200004	0.000258557374	0	0	0	0	0	3
55	48	0	0.555909278	293.199456	293.199745	293.199455	293.199995	0.000266321666	0	0	0	0	0	3
56	49	0	0.566016719	293.199454	293.199734	293.199454	293.199986	0.000273533922	0	0	0	0	0	3
57	49	0	0.576124161	293.199456	293.199724	293.199454	293.199976	0.000280170596	0	0	0	0	0	3
58	50	0	0.586231602	293.199455	293.199713	293.199454	293.199968	0.000286558592	0	0	0	0	0	3
59	51	0	0.596339044	293.199458	293.199703	293.199454	293.199959	0.000292696669	0	0	0	0	0	3
60	52	0	0.606446485	293.199459	293.199693	293.199454	293.199955	0.000298991199	0	0	0	0	0	3
61	53	0	0.616553926	293.199461	293.199683	293.199454	293.199954	0.000305506456	0	0	0	0	0	3
62	54	0	0.626661368	293.19946	293.199673	293.199454	293.199954	0.0003122309	0	0	0	0	0	3
63	55	0	0.636768809	293.199462	293.199664	293.199454	293.199954	0.00031909823	0	0	0	0	0	3
64	56	0	0.646876251	293.199464	293.199654	293.199454	293.199954	0.000326219644	0	0	0	0	0	3
65	57	0	0.656983692	293.199468	293.199644	293.199454	293.199954	0.000333539549	0	0	0	0	0	3
66	58	0	0.667091134	293.199467	293.199635	293.199454	293.199954	0.000341151206	0	0	0	0	0	3
67	59	0	0.677198575	293.199464	293.199625	293.199454	293.199954	0.000349109938	0	0	0	0	0	3
68	60	0	0.687306016	293.19946	293.199616	293.199454	293.199954	0.000357437105	0	0	0	0	0	3
69	62	0	0.697413458	293.199456	293.199606	293.199454	293.199954	0.000366109071	0	0	0	0	0	3
70	62	0	0.707520899	293.199454	293.199596	293.199454	293.199954	0.000375027527	0	0	0	0	0	3
71	63	0	0.717628341	293.199454	293.199586	293.199454	293.199954	0.000384054786	0	0	0	0	0	3
72	64	0	0.727735782	293.199456	293.199576	293.199454	293.199954	0.000393150814	0	0	0	0	0	3
73	65	0	0.737843223	293.199458	293.199566	293.199454	293.199954	0.000402393021	0	0	0	0	0	3
74	66	0	0.747950665	293.199461	293.199556	293.199454	293.199952	0.000411596827	0	0	0	0	0	3
75	67	0	0.758058106	293.199466	293.199546	293.199454	293.199946	0.000420488632	0	0	0	0	0	3
76	68	0	0.768165548	293.199468	293.199537	293.199454	293.199937	0.000428920044	0	0	0	0	0	3
77	69	0	0.778272989	293.199469	293.199528	293.199454	293.199926	0.000436849991	0	0	0	0	0	3
78	70	0	0.788380431	293.199471	293.199518	293.199454	293.199912	0.0004441494	0	0	0	0	0	3
79	71	0	0.798487872	293.199473	293.19951	293.199454	293.199895	0.000440438081	0	0	0	0	0	3
80	72	0	0.808595313	293.199472	293.199501	293.199454	293.199857	0.000402871723	0	0	0	0	0	3
81	73	0	0.818702755	293.199468	293.199493	293.199454	293.199817	0.000362730928	0	0	0	0	0	3
82	74	0	0.828810196	293.199461	293.199486	293.199454	293.199774	0.000319519607	0	0	0	0	0	3
83	74	0	0.838917638	293.199457	293.19948	293.199454	293.199728	0.000273776907	0	0	0	0	0	3
84	75	0	0.849025079	293.199452	293.199475	293.199452	293.199683	0.00023038853	0	0	0	0	0	3
85	76	0	0.85913252	293.19945	293.19947	293.19945	293.199621	0.000171809224	0	0	0	0	0	3
86	77	0	0.869239962	293.199448	293.199466	293.199448	293.199569	0.00012075525	0	0	0	0	0	3
87	78	0	0.879347403	293.199451	293.199464	293.199448	293.199528	7.90934926e-05	0	0	0	0	0	3
88	79	0	0.889454845	293.199456	293.199463	293.199448	293.199497	4.88226593e-05	0	0	0	0	0	3
89	80	0	0.899562286	293.19946	293.199462	293.199448	293.199476	2.76458874e-05	0	0	0	0	0	3
90	80	0	0.909669728	293.199465	293.199462	293.199448	293.199476	2.76458874e-05	0	0	0	0	0	3
91	81	0	0.919777169	293.199473	293.199462	293.199448	293.199476	2.76458874e-05	0	0	0	0	0	3
92	82	0	0.92988461	293.19948	293.199462	293.199448	293.19948	3.13534767e-05	0	0	0	0	0	3
93	83	0	0.939992052	293.199484	293.199463	293.199448	293.199484	3.52606521e-05	0	0	0	0	0	3
94	84	0	0.950099493	293.199485	293.199463	293.199448	293.199485	3.64716325e-05	0	0	0	0	0	3
95	85	0	0.960206935	293.199478	293.199463	293.199448	293.199485	3.64716325e-05	0	0	0	0	0	3
96	87	0	0.970314376	293.199469	293.199463	293.199448	293.199485	3.64716325e-05	0	0	0	0	0	3
97	87	0	0.980421817	293.199462	293.199463	293.199448	293.199485	3.64716325e-05	0	0	0	0	0	3
98	88	0	0.990529259	293.199454	293.199462	293.199448	293.199485	3.64716325e-05	0	0	0	0	0	3
99	89	0	1.0006367	293.199446	293.199462	293.199446	293.199485	3.87782216e-05	1.70378762e-05	0	0	0	0	3
100	90	0	1.01074414	293.199444	293.199461	293.199444	293.199485	4.13803706e-05	1.71159407e-05	0	0	0	0	3
101	93	0	1.02085158	293.199445	293.199461	293.199444	293.199485	4.13803706e-05	1.71159407e-05	0	0	0	0	3
102	95	0	1.03095902	293.199449	293.199461	293.199444	293.199485	4.13803706e-05	1.70612236e-05	0	0	0	0	3
103	98	0	1.04106647	293.199454	293.199461	293.199444	293.199485	4.13803706e-05	1.70378762e-05	0	0	0	0	3
104	99	0	1.05117391	293.199459	293.199461	293.199444	293.199485	4.13803706e-05	1.70378762e-05	0	0	0	0	3
105	100	0	1.06128135	293.199462	293.199461	293.199444	293.199485	4.13803706e-05	1.70378762e-05	0	0	0	0	3
106	101	0	1.07138879	293.199465	293.199461	293.199444	293.199485	4.13803706e-05	1.70378762e-05	0	0	0	0	3
107	102	0	1.08149623	293.19947	293.199462	293.199444	293.199485	4.13803706e-05	1.70378762e-05	0	0	0	0	3
108	103	0	1.09160367	293.199474	293.199462	293.199444	293.199485	4.13803706e-05	1.70378762e-05	0	0	0	0	3
109	104	0	1.10171111	293.199476	293.199462	293.199444	293.199485	4.13803706e-05	1.70378762e-05	0	0	0	0	3
110	106	0	1.11181856	293.199472	293.199463	293.199444	293.199485	4.13803706e-05	1.70378762e-05	0	0	0	0	3
111	107	0	1.121926	293.199464	293.199463	293.199444	293.199485	4.13803706e-05	1.70378762e-05	0	0	0	0	3
112	108	0	1.13203344	293.199456	293.199463	293.199444	293.199485	4.13803706e-05	1.70378762e-05	0	0	0	0	3
113	109	0	1.14214088	293.199444	293.199462	293.199444	293.199485	4.13803706e-05	1.70378762e-05	0	0	0	0	3
114	110	0	1.15224832	293.199436	293.199462	293.199436	293.199485	4.90379527e-05	1.70378762e-05	0	0	0	0	3
115	111	0	1.16235576	293.199437	293.199461	293.199436	293.199485	4.90379527e-05	1.70378762e-05	0	0	0	0	3
116	111	0	1.1724632	293.199444	293.199461	293.199436	293.199485	4.90379527e-05	1.70378762e-05	0	0	0	0	3
117	113	0	1.18257065	293.199451	293.19946	293.199436	293.199485	4.90379527e-05	1.70378762e-05	0	0	0	0	3
118	114	0	1.19267809	293.19946	293.19946	293.199436	293.199485	4.90379527e-05	1.70378762e-05	0	0	0	0	3
119	115	0	1.20278553	293.199467	293.199461	293.199436	293.199485	4.90379527e-05	1.70378762e-05	0	0	0	0	3
120	116	0	1.21289297	293.199471	293.199461	293.199436	293.199485	4.90379527e-05	1.70378762e-05	0	0	0	0	3
