Iteration	CPUTime	PhysTime	Travels	Value	AvValue	MinValue	MaxValue	Delta	Criteria	PrevAvRefValue	Progress	CriteriaType	CriteriaVarType	CriteriaPercentage
1	3	0	0.0120097459	101326.228	101326.228	101326.228	101326.228	0	0	0	0	0	0	3
2	4	0	0.0240194918	101324.976	101325.602	101324.976	101326.228	0.626043878	0	0	0	0	0	3
3	5	0	0.0360292377	101325.152	101325.452	101324.976	101326.228	0.776036162	0	0	0	0	0	3
4	5	0	0.0480389836	101325.064	101325.355	101324.976	101326.228	0.873036187	0	0	0	0	0	3
5	6	0	0.0600487295	101325.094	101325.303	101324.976	101326.228	0.92517993	0	0	0	0	0	3
6	7	0	0.0720584754	101325.064	101325.263	101324.976	101326.228	0.964943601	0	0	0	0	0	3
7	7	0	0.0840682213	101325.099	101325.24	101324.976	101326.228	0.988430826	0	0	0	0	0	3
8	8	0	0.0960779672	101325.072	101325.219	101324.976	101326.228	1.00939165	0	0	0	0	0	3
9	9	0	0.108087713	101325.099	101325.205	101324.976	101326.228	1.02274575	0	0	0	0	0	3
10	9	0	0.120097459	101325.07	101325.192	101324.976	101326.228	1.03629315	0	0	0	0	0	3
11	10	0	0.132107205	101325.092	101325.183	101324.976	101326.228	1.04534857	0	0	0	0	0	3
12	11	0	0.144116951	101325.068	101325.173	101324.976	101326.228	1.05495012	0	0	0	0	0	3
13	11	0	0.156126697	101325.086	101325.166	101324.976	101326.228	1.06166644	0	0	0	0	0	3
14	12	0	0.168136443	101325.064	101325.159	101324.976	101326.228	1.06896526	0	0	0	0	0	3
15	13	0	0.180146189	101325.079	101325.154	101324.976	101326.228	1.07433358	0	0	0	0	0	3
16	13	0	0.192155934	101325.063	101325.148	101324.976	101326.228	1.0800276	0	0	0	0	0	3
17	14	0	0.20416568	101325.066	101325.143	101324.976	101326.228	1.08483339	0	0	0	0	0	3
18	15	0	0.216175426	101325.059	101325.139	101324.976	101326.228	1.08954272	0	0	0	0	0	3
19	16	0	0.228185172	101325.062	101325.135	101324.976	101326.228	1.09359212	0	0	0	0	0	3
20	16	0	0.240194918	101325.058	101325.131	101324.976	101326.228	1.09741201	0	0	0	0	0	3
21	17	0	0.252204664	101325.062	101325.127	101324.976	101326.228	1.10068883	0	0	0	0	0	3
22	18	0	0.26421441	101325.062	101325.124	101324.976	101326.228	1.10368483	0	0	0	0	0	3
23	18	0	0.276224156	101325.062	101325.122	101324.976	101326.228	1.1064099	0	0	0	0	0	3
24	19	0	0.288233902	101325.059	101325.119	101324.976	101326.228	1.10902864	0	0	0	0	0	3
25	20	0	0.300243648	101325.057	101325.117	101324.976	101326.228	1.11152878	0	0	0	0	0	3
26	21	0	0.312253393	101325.054	101325.114	101324.976	101326.228	1.11395305	0	0	0	0	0	3
27	21	0	0.324263139	101325.045	101325.112	101324.976	101326.228	1.11652184	0	0	0	0	0	3
28	22	0	0.336272885	101325.036	101325.109	101324.976	101326.228	1.11923946	0	0	0	0	0	3
29	23	0	0.348282631	101325.027	101325.106	101324.976	101326.228	1.122068	0	0	0	0	0	3
30	23	0	0.360292377	101325.019	101325.103	101324.976	101326.228	1.12495363	0	0	0	0	0	3
31	24	0	0.372302123	101325.015	101325.1	101324.976	101326.228	1.12781254	0	0	0	0	0	3
32	25	0	0.384311869	101325.011	101325.098	101324.976	101326.228	1.13060663	0	0	0	0	0	3
33	26	0	0.396321615	101325.009	101325.095	101324.976	101326.228	1.1332994	0	0	0	0	0	3
34	26	0	0.408331361	101325.008	101325.092	101324.976	101326.228	1.13584148	0	0	0	0	0	3
35	27	0	0.420341107	101325.01	101325.09	101324.976	101326.228	1.13820238	0	0	0	0	0	3
36	28	0	0.432350852	101325.013	101325.088	101324.976	101326.228	1.14034759	0	0	0	0	0	3
37	29	0	0.444360598	101325.015	101325.086	101324.976	101326.228	1.14230673	0	0	0	0	0	3
38	30	0	0.456370344	101325.017	101325.084	101324.976	101326.228	1.14411711	0	0	0	0	0	3
39	30	0	0.46838009	101325.018	101325.082	101324.976	101326.228	1.14581329	0	0	0	0	0	3
40	31	0	0.480389836	101325.018	101325.081	101324.976	101326.228	1.1474178	0	0	0	0	0	3
41	32	0	0.492399582	101325.018	101325.079	101324.976	101326.228	1.14893758	0	0	0	0	0	3
42	33	0	0.504409328	101325.018	101325.078	101324.976	101326.228	1.15038942	0	0	0	0	0	3
43	34	0	0.516419074	101325.017	101325.049	101324.976	101325.152	0.176067026	0	0	0	0	0	3
44	34	0	0.52842882	101325.017	101325.05	101325.008	101325.152	0.143709486	0	0	0	0	0	3
45	35	0	0.540438566	101325.016	101325.047	101325.008	101325.099	0.0903760384	0	0	0	0	0	3
46	36	0	0.552448311	101325.016	101325.046	101325.008	101325.099	0.0903760384	0	0	0	0	0	3
47	37	0	0.564458057	101325.016	101325.044	101325.008	101325.099	0.0903760384	0	0	0	0	0	3
48	38	0	0.576467803	101325.016	101325.042	101325.008	101325.099	0.0903760384	0	0	0	0	0	3
49	38	0	0.588477549	101325.016	101325.04	101325.008	101325.099	0.0901517261	0	0	0	0	0	3
50	39	0	0.600487295	101325.015	101325.039	101325.008	101325.099	0.0901517261	0	0	0	0	0	3
51	40	0	0.612497041	101325.015	101325.037	101325.008	101325.092	0.0838274487	0	0	0	0	0	3
52	41	0	0.624506787	101325.015	101325.036	101325.008	101325.092	0.0838274487	0	0	0	0	0	3
53	41	0	0.636516533	101325.015	101325.034	101325.008	101325.086	0.077467959	0	0	0	0	0	3
54	42	0	0.648526279	101325.015	101325.033	101325.008	101325.086	0.077467959	0	0	0	0	0	3
55	43	0	0.660536025	101325.015	101325.031	101325.008	101325.079	0.0702401907	0	0	0	0	0	3
56	44	0	0.67254577	101325.015	101325.03	101325.008	101325.079	0.0702401907	0	0	0	0	0	3
57	45	0	0.684555516	101325.015	101325.028	101325.008	101325.066	0.0580041765	0	0	0	0	0	3
58	45	0	0.696565262	101325.014	101325.027	101325.008	101325.066	0.0580041765	0	0	0	0	0	3
59	46	0	0.708575008	101325.015	101325.026	101325.008	101325.062	0.0535050837	0	0	0	0	0	3
60	47	0	0.720584754	101325.015	101325.025	101325.008	101325.062	0.0535050837	0	0	0	0	0	3
61	48	0	0.7325945	101325.015	101325.024	101325.008	101325.062	0.0535050837	0	0	0	0	0	3
62	48	0	0.744604246	101325.015	101325.023	101325.008	101325.062	0.0535050837	0	0	0	0	0	3
63	49	0	0.756613992	101325.015	101325.022	101325.008	101325.062	0.0533686978	0	0	0	0	0	3
64	50	0	0.768623738	101325.015	101325.021	101325.008	101325.062	0.0533686978	0	0	0	0	0	3
65	51	0	0.780633484	101325.015	101325.02	101325.008	101325.059	0.0504705985	0	0	0	0	0	3
66	52	0	0.79264323	101325.015	101325.018	101325.008	101325.057	0.0481980483	0	0	0	0	0	3
67	52	0	0.804652975	101325.015	101325.017	101325.008	101325.054	0.0451706438	0	0	0	0	0	3
68	53	0	0.816662721	101325.015	101325.017	101325.008	101325.045	0.036419814	0	0	0	0	0	3
69	54	0	0.828672467	101325.015	101325.016	101325.008	101325.036	0.0271148049	0	0	0	0	0	3
70	55	0	0.840682213	101325.015	101325.015	101325.008	101325.027	0.0184633212	0	0	0	0	0	3
71	56	0	0.852691959	101325.015	101325.015	101325.008	101325.019	0.0110931083	0	0	0	0	0	3
72	56	0	0.864701705	101325.015	101325.015	101325.008	101325.018	0.0100012292	0	0	0	0	0	3
73	57	0	0.876711451	101325.015	101325.015	101325.008	101325.018	0.0100012292	0	0	0	0	0	3
74	58	0	0.888721197	101325.015	101325.015	101325.008	101325.018	0.0100012292	0	0	0	0	0	3
75	59	0	0.900730943	101325.015	101325.015	101325.008	101325.018	0.0100012292	0	0	0	0	0	3
76	60	0	0.912740689	101325.015	101325.015	101325.01	101325.018	0.00874378267	0	0	0	0	0	3
77	60	0	0.924750434	101325.015	101325.015	101325.013	101325.018	0.00570126399	0	0	0	0	0	3
78	61	0	0.93676018	101325.015	101325.015	101325.014	101325.018	0.00390107151	0	0	0	0	0	3
79	62	0	0.948769926	101325.015	101325.015	101325.014	101325.018	0.00390107151	0	0	0	0	0	3
80	63	0	0.960779672	101325.015	101325.015	101325.014	101325.018	0.00390107151	0	0	0	0	0	3
81	63	0	0.972789418	101325.015	101325.015	101325.014	101325.018	0.00390107151	0	0	0	0	0	3
82	64	0	0.984799164	101325.015	101325.015	101325.014	101325.018	0.00390107151	0	0	0	0	0	3
83	65	0	0.99680891	101325.015	101325.015	101325.014	101325.018	0.00371540862	0	0	0	0	0	3
84	66	0	1.00881866	101325.015	101325.015	101325.014	101325.017	0.00280227511	0.00431128458	0	0	0	0	3
85	66	0	1.0208284	101325.015	101325.015	101325.014	101325.017	0.00224907124	0.00431128458	0	0	0	0	3
86	67	0	1.03283815	101325.015	101325.015	101325.014	101325.016	0.00181457537	0.00431128458	0	0	0	0	3
87	68	0	1.04484789	101325.015	101325.015	101325.014	101325.016	0.00159510935	0.00431128458	0	0	0	0	3
88	69	0	1.05685764	101325.015	101325.015	101325.014	101325.016	0.00149411637	0.00431128458	0	0	0	0	3
89	69	0	1.06886739	101325.015	101325.015	101325.014	101325.016	0.00124388946	0.00431128458	0	0	0	0	3
90	70	0	1.08087713	101325.015	101325.015	101325.014	101325.016	0.00116474061	0.00431128458	0	0	0	0	3
91	71	0	1.09288688	101325.014	101325.015	101325.014	101325.015	0.000967279062	0.00431128458	0	0	0	0	3
92	72	0	1.10489662	101325.014	101325.015	101325.014	101325.015	0.000947159177	0.00431128458	0	0	0	0	3
93	73	0	1.11690637	101325.014	101325.015	101325.014	101325.015	0.00104145808	0.00431128458	0	0	0	0	3
94	73	0	1.12891611	101325.014	101325.015	101325.014	101325.015	0.00104145808	0.00431128458	0	0	0	0	3
95	74	0	1.14092586	101325.015	101325.015	101325.014	101325.015	0.00104145808	0.00431128458	0	0	0	0	3
96	75	0	1.15293561	101325.015	101325.015	101325.014	101325.015	0.000956301854	0.00431128458	0	0	0	0	3
97	76	0	1.16494535	101325.015	101325.015	101325.014	101325.015	0.000719143733	0.00431128458	0	0	0	0	3
98	76	0	1.1769551	101325.015	101325.015	101325.014	101325.015	0.000633613905	0.00431128458	0	0	0	0	3
99	77	0	1.18896484	101325.015	101325.015	101325.014	101325.015	0.000556038052	0.00431128458	0	0	0	0	3
100	78	0	1.20097459	101325.015	101325.015	101325.014	101325.015	0.000556038052	0.00431128458	0	0	0	0	3
101	79	0	1.21298434	101325.015	101325.015	101325.014	101325.015	0.000556038052	0.00431128458	0	0	0	0	3
102	80	0	1.22499408	101325.015	101325.015	101325.014	101325.015	0.000556038052	0.00431128458	0	0	0	0	3
103	81	0	1.23700383	101325.015	101325.015	101325.014	101325.015	0.000556038052	0.00431128458	0	0	0	0	3
104	82	0	1.24901357	101325.015	101325.015	101325.014	101325.015	0.000556038052	0.00431128458	0	0	0	0	3
105	82	0	1.26102332	101325.015	101325.015	101325.014	101325.015	0.000556038052	0.00431128458	0	0	0	0	3
106	83	0	1.27303307	101325.014	101325.015	101325.014	101325.015	0.000556038052	0.00431128458	0	0	0	0	3
107	84	0	1.28504281	101325.014	101325.015	101325.014	101325.015	0.000553628372	0.00431128458	0	0	0	0	3
108	85	0	1.29705256	101325.014	101325.015	101325.014	101325.015	0.000553628372	0.00431128458	0	0	0	0	3
109	85	0	1.3090623	101325.014	101325.015	101325.014	101325.015	0.000576160019	0.00431128458	0	0	0	0	3
110	86	0	1.32107205	101325.015	101325.015	101325.014	101325.015	0.000548490963	0.00431128458	0	0	0	0	3
111	87	0	1.3330818	101325.015	101325.015	101325.014	101325.015	0.000555109393	0.00431128458	0	0	0	0	3
112	88	0	1.34509154	101325.015	101325.015	101325.014	101325.015	0.000654374759	0.00431128458	0	0	0	0	3
113	89	0	1.35710129	101325.015	101325.015	101325.014	101325.015	0.000654374759	0.00431128458	0	0	0	0	3
114	89	0	1.36911103	101325.015	101325.015	101325.014	101325.015	0.000654374759	0.00431128458	0	0	0	0	3
115	90	0	1.38112078	101325.015	101325.015	101325.014	101325.015	0.000654374759	0.00431128458	0	0	0	0	3
116	91	0	1.39313052	101325.014	101325.015	101325.014	101325.015	0.000654374759	0.00431128458	0	0	0	0	3
117	92	0	1.40514027	101325.015	101325.015	101325.014	101325.015	0.000654374759	0.00431128458	0	0	0	0	3
118	92	0	1.41715002	101325.015	101325.015	101325.014	101325.015	0.000654374759	0.00431128458	0	0	0	0	3
119	93	0	1.42915976	101325.015	101325.015	101325.014	101325.015	0.000654374759	0.00431128458	0	0	0	0	3
